-19.884920	107.599670
-16.290838	134.768646
-12.701891	164.851364
-12.228916	115.638992
-9.120415	227.188049
-8.640707	148.379562
-7.887136	111.834068
-6.071177	86.576103
-5.609569	104.829628
-5.546820	315.261536
-5.058589	188.496414
-4.292470	149.446320
-3.236168	94.878960
-2.492691	113.522781
-2.032254	139.800903
-1.981028	368.322906
-1.825373	133.570297
-1.445450	291.533630
-0.717152	200.275558
-0.667290	86.403244
-0.025090	84.102287
0.335055	127.230049
1.064747	149.309906
1.520015	191.185120
1.575886	404.466370
1.635039	74.379837
1.684421	225.579376
1.750217	109.275314
2.194599	390.799683
2.876374	300.748444
2.895470	118.979263
3.133421	89.837227
3.273196	99.311707
3.533988	116.910652
3.671009	71.564316
3.866502	173.685455
4.520732	67.288292
4.627322	225.649902
5.041555	321.458740
5.102794	446.166779
5.145526	413.857513
5.184169	108.053947
5.199227	95.081345
5.263000	233.875656
5.441394	70.756744
5.806973	409.971191
6.342908	174.009491
6.385345	110.976524
6.501123	397.097015
6.627841	139.186508
6.766151	161.398575
6.920166	175.804901
6.947584	64.587936
7.051522	97.066956
7.198107	103.992310
7.388990	268.425110
7.470222	119.024147
7.942554	82.300140
8.104052	88.142593
8.192581	53.424950
8.205378	311.449615
8.257269	115.665268
8.319042	151.479141
8.484459	332.315613
8.663749	390.958832
8.674329	160.615631
8.730518	508.092010
8.921391	168.165665
8.933406	157.593491
9.181025	39.200508
9.354470	325.753906
9.365233	276.633087
9.503297	109.723648
9.537470	123.077293
9.588300	74.624107
9.735078	229.267609
9.888714	214.902832
9.934472	23.248423
10.081821	64.558395
10.166292	435.710480
10.261123	122.618256
10.283688	50.197449
10.438720	44.664200
10.485370	11.615147
10.514272	235.186539
10.526729	250.464737
10.574031	201.086578
10.608894	61.857922
10.786526	160.760071
10.846038	159.165939
10.973005	176.583023
11.056951	254.794159
11.165880	22.333202
11.247760	72.134872
11.279075	70.484787
11.301807	99.598999
11.458877	52.305817
11.596286	96.590561
11.674428	156.630096
11.736609	32.869209
11.778614	67.527504
11.808911	353.739594
11.874711	36.808651
11.950042	43.727798
12.030696	272.335693
12.096967	74.582962
12.183172	114.511131
12.193344	19.808834
12.241808	273.721039
12.253261	66.103851
12.318720	463.202606
12.337521	42.544163
12.413628	199.053680
12.452390	203.018280
12.524020	198.213654
12.538726	162.996124
12.742807	47.587551
12.778565	180.718002
12.841816	38.320095
13.014078	424.861206
13.037671	106.972351
13.093506	99.579582
13.116745	119.961319
13.214328	18.928209
13.236712	74.438995
13.270491	311.159668
13.512544	156.490051
13.605616	200.255341
13.625143	47.549561
13.687444	290.184723
13.726496	227.774902
13.857724	51.766392
13.862137	293.318420
13.911651	122.049164
13.934708	79.869766
14.090487	26.260134
14.130025	147.755859
14.182537	233.855881
14.220324	75.036469
14.290631	92.251228
14.402355	145.069962
14.430287	224.175232
14.433571	255.481796
14.505281	105.968246
14.662519	108.887283
14.676946	209.325027
14.743685	42.875862
14.755393	182.622406
14.805343	81.689064
14.905054	202.838257
14.938890	88.845825
14.968502	140.818832
15.031133	175.849670
15.092454	88.319366
15.362020	109.458679
15.373920	198.554703
15.417481	385.219543
15.429747	66.145729
15.450340	364.595703
15.517101	54.124012
15.568012	170.125015
15.662754	76.038254
15.694929	218.859894
15.770364	40.904682
15.815468	108.121071
15.841170	137.808578
15.867900	679.298035
15.899217	399.448425
15.973118	63.808010
16.048866	188.726593
16.087374	244.715820
16.115479	74.101028
16.183331	176.583008
16.185888	210.511612
16.268919	173.384567
16.359148	131.701584
16.397133	166.529892
16.404177	55.613071
16.440849	234.139999
16.540993	67.764565
16.686268	55.192356
16.719488	354.932281
16.766621	79.824608
16.767937	244.832611
16.926168	224.397079
16.937948	155.617584
17.052938	87.590210
17.157061	58.060604
17.161703	115.877678
17.213682	139.006378
17.271944	72.410637
17.286528	114.315315
17.318033	189.102539
17.378988	229.393097
17.410696	330.416901
17.448221	104.945900
17.667593	219.457535
17.681402	247.910019
17.693563	37.695026
17.743490	183.218109
17.788485	149.751358
17.856878	211.983795
17.915670	201.568192
18.031860	145.538055
18.092432	281.665863
18.156153	396.878052
18.184418	220.856140
18.240961	165.114014
18.269253	112.237816
18.361488	129.665863
18.486158	188.712372
18.493879	109.320206
18.552504	130.886688
18.640701	297.749786
18.643951	191.371216
18.664141	209.755692
18.755959	168.063141
18.848446	153.929337
18.852352	161.567459
18.966366	145.259949
19.071856	300.961609
19.099936	113.009911
19.101963	408.416779
19.195711	208.711655
19.201952	225.187088
19.233965	191.745377
19.300472	74.176270
19.350403	104.282608
19.411213	134.615768
19.443617	209.051956
19.462011	325.760712
19.509342	623.011597
19.583290	369.690002
19.620531	163.074265
19.681555	133.120728
19.755995	263.341919
19.776470	104.486702
19.849932	279.214813
19.886667	265.822845
19.945330	105.827011
20.007660	284.172974
20.059038	273.820007
20.177589	244.145706
20.223827	402.355774
20.240404	163.043533
20.251682	409.294281
20.320187	135.860733
20.333588	294.393982
20.352257	123.796097
20.504078	199.332245
20.562656	110.665085
20.621492	268.789581
20.625456	187.912872
20.750063	175.406540
20.815388	34.363716
20.883921	217.204117
20.892439	115.655373
20.903625	152.143539
21.024483	201.307877
21.069723	174.901932
21.099688	368.126251
21.138117	76.680344
21.288628	160.014679
21.297148	47.097439
21.377777	164.883774
21.395565	208.661850
21.418968	275.014191
21.478334	279.276276
21.524937	265.059753
21.592718	122.136536
21.741562	294.400391
21.781630	343.940735
21.815758	407.145233
21.836597	286.121002
21.849953	227.032288
21.895620	227.039566
21.985994	299.100433
22.097708	323.546539
22.174477	168.453232
22.187057	251.810806
22.261436	248.074265
22.332382	199.140015
22.376379	331.034973
22.377043	211.032211
22.406618	279.387665
22.455685	239.188690
22.610474	223.006744
22.724030	608.249390
22.749466	117.357079
22.762619	256.476593
22.795191	435.995422
22.843611	219.034653
22.867474	338.501801
22.978642	105.627678
23.036871	237.195633
23.071005	359.955322
23.077450	159.996857
23.157669	397.369263
23.185122	281.039154
23.233471	99.275879
23.373955	154.294052
23.406111	306.975037
23.431717	181.244537
23.482460	247.419312
23.504471	132.149704
23.591803	337.450989
23.667196	375.811188
23.714092	292.813568
23.758930	319.841370
23.892063	236.630096
23.899996	549.892334
23.914560	408.123810
23.927275	97.130806
23.934032	138.914978
23.988794	384.599182
24.092218	186.453369
24.095293	162.495346
24.153334	231.790833
24.204769	305.964478
24.294594	166.577164
24.427139	258.367157
24.433701	173.754654
24.493626	318.922729
24.497278	126.116364
24.546238	296.428009
24.695480	245.655823
24.732901	265.544922
24.764772	412.052460
24.854456	186.726334
24.899454	68.842911
24.975651	364.537628
25.045799	274.147278
25.070816	438.681763
25.130484	376.920563
25.138292	376.568787
25.286230	284.319489
25.343328	347.269318
25.373528	348.950806
25.420685	346.854553
25.437239	228.880569
25.505846	590.509460
25.580166	275.277527
25.623480	397.065308
25.708099	388.468262
25.712563	395.375214
25.759642	336.608368
25.828678	319.304596
25.871971	287.849670
26.002239	282.593445
26.083132	408.953766
26.112118	397.777405
26.123734	360.872070
26.145191	249.878998
26.298071	299.122437
26.354980	579.157837
26.383818	169.693878
26.399105	339.955933
26.405113	284.701965
26.477476	425.944183
26.508583	415.000641
26.595686	140.410507
26.644974	226.284622
26.695713	154.667023
26.703966	200.471970
26.748600	503.274200
26.838966	636.563354
26.926167	207.216995
26.955980	327.897858
27.013523	335.531067
27.090511	155.643204
27.138945	331.850128
27.264021	104.365257
27.284775	405.675171
27.327364	339.076172
27.336704	467.999817
27.432583	435.961212
27.504581	198.088837
27.519463	514.838440
27.533026	583.443237
27.561996	203.834488
27.583069	461.930450
27.677219	214.641190
27.692360	278.319397
27.735441	303.782288
27.783422	351.588257
27.837234	351.362732
27.999321	371.534149
28.072031	228.160797
28.088478	424.732239
28.094702	125.938408
28.147039	279.118774
28.281487	376.708496
28.389975	432.279449
28.426023	458.125641
28.447453	213.573242
28.501932	77.436920
28.660391	439.610229
28.683632	361.106201
28.702084	375.432129
28.718918	431.213745
28.779942	478.347504
28.926498	321.303772
28.960688	338.405579
29.005087	282.684418
29.044502	498.452148
29.097790	419.475342
29.175108	420.088104
29.211935	616.320923
29.264380	393.503326
29.286247	365.465485
29.311373	332.757446
29.406158	402.265289
29.465919	391.126343
29.569489	377.681702
29.657446	328.157379
29.730942	298.191925
29.747255	596.547974
29.765245	530.259888
29.827810	518.043823
29.836267	438.299896
29.904879	247.263977
29.921301	435.772736
29.922546	313.881714
30.008709	735.219788
30.016834	192.192307
30.153423	408.082123
30.204063	191.038513
30.232121	477.888428
30.291828	259.571716
30.310099	487.377472
30.365934	647.554382
30.455467	249.989487
30.493427	659.841919
30.508659	492.842804
30.584667	222.728317
30.613407	354.011169
30.707624	216.870392
30.784309	322.599823
30.872284	373.266235
30.940102	484.028107
30.953568	491.530762
31.030375	515.873718
31.044672	586.229431
31.076698	250.887070
31.097303	554.260864
31.132755	509.240173
31.233982	233.690735
31.255556	304.468048
31.260382	247.458603
31.378670	289.363678
31.438265	387.067688
31.506712	595.220947
31.535332	381.014526
31.645529	525.866577
31.687469	163.616562
31.721218	336.563568
31.752659	354.778198
31.804344	378.058441
32.015446	572.874329
32.105091	80.567322
32.129368	430.943848
32.140610	488.637390
32.186913	353.377625
32.286732	415.851074
32.350262	419.232971
32.356506	535.405518
32.414925	419.584961
32.516197	349.979584
32.561878	391.226685
32.632812	599.339783
32.685749	417.808258
32.749557	577.728455
32.767220	687.452881
32.831810	403.201599
32.888390	592.283203
32.921280	347.228058
32.980457	467.801025
33.044697	420.473480
33.095802	473.825684
33.177811	357.535583
33.273003	247.878494
33.283840	387.712189
33.318188	356.372467
33.409225	670.197632
33.430885	576.686646
33.453159	373.433624
33.457329	408.432526
33.500954	588.921509
33.595417	594.600586
33.623524	800.531006
33.637943	199.643921
33.788033	444.119995
33.800282	232.410889
33.850132	543.619446
33.855587	281.993683
33.921093	496.811401
33.987686	285.674530
34.013115	682.562866
34.094013	399.385162
34.150791	759.145691
34.214836	461.221375
34.289658	364.475433
34.305565	420.775940
34.343754	216.878036
34.397888	464.489502
34.480083	497.383728
34.510754	543.033630
34.522919	436.820068
34.604679	597.721863
34.650188	264.311493
34.736446	589.494812
34.749172	571.395325
34.800541	264.715424
34.854729	409.184692
34.957855	212.249741
35.044262	336.561401
35.085976	419.669220
35.108234	773.457764
35.174301	559.127747
35.190395	489.126862
35.265038	609.061768
35.281380	214.628983
35.421181	293.016907
35.434113	480.254608
35.579796	450.011444
35.694096	656.333191
35.707287	87.717987
35.800484	513.102844
35.848358	391.137878
35.887905	510.219055
35.917358	311.595490
35.988258	509.266937
36.010311	475.627258
36.054298	493.236908
36.117443	437.776123
36.234440	445.912567
36.317966	319.053162
36.325897	429.666870
36.391281	618.820251
36.419083	380.469940
36.511631	626.927490
36.574070	356.701630
36.591854	536.418762
36.621956	511.548309
36.749607	438.335907
36.824726	542.254517
36.829746	573.794495
36.854046	481.759491
36.886505	397.350189
36.978893	497.516998
37.050053	468.257812
37.055260	606.092407
37.084724	541.567871
37.117916	482.643005
37.239693	636.183899
37.252426	234.729584
37.378994	393.839752
37.380112	527.047668
37.400742	727.665771
37.409569	465.460632
37.425198	287.950897
37.533348	622.407410
37.534527	322.358856
37.659027	798.731995
37.757568	640.839966
37.771862	449.676544
37.793888	847.002686
37.847435	681.003723
37.861088	436.776917
37.960499	559.559753
37.985249	227.314850
38.088043	437.485687
38.151581	622.154053
38.220913	673.945251
38.227066	282.216919
38.239380	419.370941
38.362640	538.349304
38.385040	522.800964
38.413773	641.691650
38.460381	444.250244
38.605553	539.753784
38.642818	208.581787
38.715775	406.159149
38.731434	464.987854
38.747498	878.270264
38.783836	372.416840
38.876507	191.619110
38.912403	668.558960
39.052349	457.924988
39.075600	516.952454
39.155624	290.633942
39.273586	483.162140
39.312080	89.648712
39.374859	777.090515
39.379547	340.835052
39.474617	499.036072
39.506733	571.292847
39.592762	548.529419
39.656139	558.389771
39.680557	411.541016
39.686443	639.409790
39.820976	321.264740
39.843281	419.411652
39.902664	511.058380
39.912395	308.947540
40.040428	678.676086
40.088413	633.945068
40.148815	522.391296
40.184700	516.583923
40.297329	515.913879
40.376587	640.123962
40.381851	575.543457
40.399410	445.000641
40.436211	486.244751
40.540745	633.296509
40.583561	599.014221
40.648552	760.284302
40.680046	424.489899
40.712955	612.978760
40.732632	558.891052
40.861835	308.857300
40.936806	700.364563
40.936951	584.098633
40.976330	527.935364
41.012470	498.472290
41.018559	312.685211
41.084572	629.814209
41.097683	285.106750
41.158127	685.989136
41.269741	625.236633
41.271568	462.992371
41.313992	837.404724
41.324020	554.393799
41.433838	856.470825
41.490627	354.330658
41.593475	531.432739
41.625431	271.460266
41.777901	707.430786
41.809044	351.719910
41.821655	700.752319
41.913666	579.813538
41.951679	333.697968
42.012444	554.692932
42.036499	548.754395
42.047382	813.712036
42.080383	592.075012
42.144245	361.517639
42.309498	233.154266
42.316700	533.731262
42.363098	509.566376
42.381809	407.401978
42.388897	965.490662
42.474731	221.410797
42.566128	733.113708
42.641411	482.294678
42.648731	506.589691
42.748104	527.864441
42.865292	263.912140
42.916077	106.568596
42.939667	241.190109
42.944809	548.758606
43.052753	702.195190
43.135239	677.906189
43.202858	639.269775
43.249195	496.731018
43.288437	556.176636
43.292358	672.749390
43.358650	522.749207
43.420589	638.561829
43.441593	419.332611
43.565605	267.402740
43.603973	692.150696
43.655216	546.869751
43.696350	569.429565
43.770916	535.637878
43.796066	455.236786
43.956852	460.563995
43.981796	578.038330
43.994968	708.025269
44.110996	774.638306
44.122826	710.802551
44.176754	333.757355
44.312267	402.123260
44.315117	848.553528
44.365784	574.505859
44.408176	759.301697
44.461891	483.214844
44.501293	369.748566
44.503021	405.233521
44.598904	701.380676
44.609344	650.875305
44.620594	323.103729
44.664425	634.333374
44.675632	284.045990
44.791973	702.370300
44.798374	492.947845
44.827171	913.368164
44.902325	371.398285
44.952763	691.096741
45.083488	917.543274
45.104862	470.236053
45.257988	279.430817
45.333473	654.732971
45.391434	827.132568
45.397552	359.933044
45.415215	756.590515
45.540936	348.905243
45.560669	564.017700
45.571606	582.139160
45.662457	490.489655
45.704094	724.046143
45.737305	782.415771
45.880058	636.074402
45.953644	526.678650
45.954300	400.015167
45.986603	466.364075
46.010803	300.143738
46.021107	1034.601318
46.075554	245.883286
46.148132	514.746582
46.199566	644.000000
46.254520	479.424622
46.267559	771.395996
46.464516	655.230652
46.521317	129.834702
46.548161	226.391205
46.623085	276.168304
46.709057	743.215698
46.716030	666.945862
46.809097	652.888367
46.827148	579.152893
46.859737	287.486664
46.896320	668.925232
46.961273	882.665588
46.989368	757.402039
47.033173	467.153870
47.144505	675.066528
47.175900	701.290222
47.230179	234.613846
47.268005	652.038940
47.291004	545.495789
47.349339	556.074524
47.539921	496.451569
47.543407	605.382568
47.626648	815.239014
47.678715	688.936890
47.716881	709.085449
47.877369	217.727509
47.928646	369.903961
47.981045	841.690186
47.981663	634.098572
47.990059	341.246185
48.055668	502.327484
48.082489	783.900452
48.098358	314.149841
48.185284	581.526245
48.221886	341.474457
48.231117	718.220215
48.251736	765.486389
48.266808	312.647430
48.368008	517.075378
48.424908	777.756531
48.451900	1149.586182
48.554253	227.304459
48.563854	573.568604
48.713387	809.635864
48.732487	923.819824
48.879250	280.620605
48.946518	625.607361
48.993904	327.358948
49.003216	585.498169
49.085365	566.672729
49.101429	703.458374
49.119804	579.228027
49.136593	347.469482
49.273937	376.197266
49.398186	699.793335
49.423573	626.033081
49.478157	654.157227
49.580135	280.550049
49.580647	676.639954
49.586750	540.623230
49.615131	441.823914
49.639141	1151.505249
49.680031	235.851196
49.765347	522.896606
49.792515	187.977463
49.867058	391.002930
49.896717	812.150513
50.040466	674.770081
50.125252	130.608704
50.194164	217.705368
50.229572	726.439575
50.291882	402.671143
50.360313	789.091736
50.420338	533.179077
50.423569	564.280945
50.494152	697.437744
50.501339	132.468399
50.553738	860.846436
50.589375	430.881287
50.623360	506.830200
50.692966	825.829468
50.745609	849.926636
50.804291	888.846802
50.807747	897.625183
50.869068	240.433243
50.923286	614.194763
51.113506	574.412170
51.150761	490.929932
51.205532	732.809814
51.249382	843.685730
51.384502	803.070435
51.505028	336.562531
51.519211	400.093811
51.538181	236.672806
51.574337	654.233093
51.638287	879.706482
51.662964	564.042297
51.710255	417.639557
51.738239	802.582642
51.757511	623.577759
51.827770	378.800232
51.859894	752.867920
51.869541	342.164124
51.884647	773.884277
51.981430	514.218872
52.048683	796.822632
52.088470	1205.989258
52.146774	549.169861
52.205372	184.668686
52.339436	988.107361
52.372299	973.142029
52.485863	334.003448
52.531414	675.057068
52.588921	631.218506
52.596062	675.670105
52.601730	417.293396
52.672329	751.847412
52.737762	401.683868
52.798431	425.098145
52.856869	423.430176
53.023628	588.595581
53.039024	689.604614
53.116146	573.065186
53.120415	679.985535
53.183640	489.606506
53.192120	418.660583
53.239674	1165.013916
53.285797	302.717010
53.288578	483.632294
53.376400	621.374756
53.453838	436.194855
53.497211	184.574890
53.545025	870.453308
53.689247	792.261902
53.718922	846.068665
53.730858	148.669113
53.798634	259.951447
53.912674	419.503571
54.001648	885.898926
54.029610	622.938599
54.032940	636.624207
54.100391	718.507324
54.131031	843.187134
54.151730	323.211609
54.172245	496.723938
54.199135	903.058289
54.233299	721.699219
54.320980	768.439514
54.334358	471.345764
54.442989	876.851135
54.477909	292.151367
54.495075	682.036255
54.693867	774.892395
54.726948	916.577332
54.782856	612.454102
54.867954	893.123840
55.019241	638.936523
55.096821	472.484100
55.140919	635.856567
55.142162	667.909058
55.158455	501.768555
55.275169	548.678650
55.296104	972.966919
55.330215	697.983948
55.336693	572.531372
55.370777	833.864197
55.433975	390.394653
55.481106	391.978577
55.514347	754.429810
55.544510	839.996704
55.626892	592.255798
55.666500	803.928772
55.710209	968.835815
55.753990	1199.140137
55.821518	204.490662
55.973969	1094.072876
56.003471	974.795898
56.081284	349.447723
56.097000	724.107788
56.114479	772.661377
56.172047	682.236877
56.218845	448.768219
56.285080	847.674683
56.345741	424.793427
56.400070	572.762268
56.437740	529.981079
56.488033	697.053040
56.657696	726.019836
56.755165	667.257751
56.767323	706.398987
56.784088	445.895142
56.791492	659.936890
56.835609	1139.405762
56.894173	344.662537
57.001499	506.687347
57.050491	958.810608
57.055168	811.351562
57.108891	214.917572
57.191452	963.063660
57.204254	981.696350
57.334179	161.190384
57.370564	812.302795
57.372643	394.521912
57.511997	651.080627
57.625553	721.665100
57.629883	1057.926025
57.653923	639.231262
57.705727	988.199707
57.722370	903.605713
57.726318	701.640015
57.743591	978.808777
57.802547	248.435349
57.813118	921.295837
57.855515	842.908569
57.890915	395.421265
58.061768	661.798462
58.069736	675.151123
58.144863	946.154358
58.232132	908.945496
58.305882	691.399231
58.428333	683.459167
58.476971	970.445740
58.631081	598.829956
58.674789	576.583130
58.716328	777.601685
58.732090	506.177460
58.878670	854.241333
58.885803	495.608459
58.902126	704.992798
58.959572	951.012451
58.966183	596.275513
58.974117	857.310730
59.041000	432.038574
59.101189	455.726959
59.180107	774.527161
59.214867	865.437439
59.277531	814.395813
59.287788	631.949402
59.318928	823.858521
59.395798	1378.928833
59.424625	283.121399
59.608658	1179.903198
59.611504	795.917603
59.625004	1083.011597
59.671486	366.179718
59.683338	693.702820
59.753086	739.949585
59.838417	476.440308
59.921379	900.557983
59.952980	762.874207
59.965614	821.903015
59.968460	786.859558
60.036579	811.810608
60.260967	748.674500
60.370274	352.555603
60.378902	694.257935
60.387592	611.367676
60.406696	749.263611
60.423340	1160.786011
60.502819	308.278809
60.642830	285.141907
60.683708	1163.452881
60.684364	844.956360
60.735680	546.817993
60.765396	886.826355
60.841930	938.827209
60.928005	349.824341
60.939255	145.072952
61.062164	758.975525
61.082104	676.525024
61.213776	666.660217
61.228447	1060.765503
61.266998	1047.884155
61.281494	646.500244
61.297768	1079.876221
61.328571	691.630432
61.334106	917.328979
61.355328	677.715332
61.400093	150.659729
61.467770	817.658325
61.511265	609.073181
61.637363	818.432373
61.648178	587.736572
61.755978	1001.834534
61.836864	976.071472
61.917221	705.331665
62.077530	1010.711914
62.078487	654.860657
62.257645	634.070251
62.273010	372.176849
62.288754	621.917480
62.298843	798.040649
62.477329	710.369690
62.494621	481.481079
62.551506	907.376587
62.577053	936.822632
62.594318	616.370850
62.650761	496.033081
62.682613	857.984314
62.727619	461.468109
62.805992	661.024170
62.883503	914.847290
62.895897	844.153748
62.918423	841.382874
62.954319	668.127686
63.043831	1398.304199
63.056984	489.036713
63.136879	850.657532
63.233440	1409.547363
63.241539	1535.069092
63.249313	750.973633
63.260120	423.475494
63.334854	757.669556
63.458366	501.040680
63.470486	975.255188
63.474133	676.766663
63.559914	781.926270
63.586243	616.504883
63.688507	869.609741
63.855026	813.854553
63.949932	383.153168
63.985825	716.191772
63.995243	579.753662
64.004097	1161.152344
64.016113	791.649231
64.113342	340.554169
64.142487	362.332916
64.185074	1160.628906
64.345467	746.664673
64.440742	625.841309
64.456245	1021.460999
64.475143	407.369293
64.503395	1096.202271
64.544312	154.026703
64.658760	797.958557
64.748924	836.516052
64.794609	893.626953
64.801239	742.736877
64.819717	1091.077026
64.864235	818.411621
64.901001	1020.866333
64.908173	812.962952
64.911621	432.019623
64.954201	639.075256
64.967346	675.705994
65.094521	958.566467
65.216248	842.030579
65.225021	564.515686
65.234741	526.011108
65.291908	1037.459106
65.500351	976.900818
65.536125	706.714294
65.672585	1045.919312
65.727165	704.457825
65.806847	392.130188
65.846016	673.018494
65.877518	767.851746
65.978310	651.505493
66.055763	801.742676
66.103348	494.522705
66.106209	920.117920
66.215408	577.015320
66.237976	862.130554
66.265709	533.178040
66.355705	481.175842
66.388969	625.146179
66.438110	980.629883
66.486481	912.035339
66.516197	796.799072
66.559212	879.151794
66.620674	751.579712
66.676353	883.183838
66.692474	1399.177856
66.725388	691.018066
66.818718	789.930542
66.841377	1183.357178
66.848183	456.743927
66.859016	960.389893
66.920387	797.229248
67.005890	1200.873779
67.018257	682.429077
67.077057	460.319244
67.165581	744.650391
67.203850	533.472412
67.374435	807.214050
67.445786	939.056396
67.526230	422.430939
67.567612	891.938354
67.576477	1149.453491
67.603416	532.393555
67.617424	813.281677
67.627716	441.147888
67.700912	1106.540161
67.722511	350.617706
68.014778	740.202209
68.022293	994.395386
68.081146	675.453491
68.107590	1020.240906
68.148674	169.558746
68.177979	1067.083862
68.249619	845.189148
68.339851	875.902771
68.362190	1113.621338
68.390816	769.305115
68.426277	1087.063477
68.451614	951.240051
68.496887	341.015839
68.517319	1081.790527
68.531120	881.784241
68.553284	808.787659
68.556961	753.217712
68.721176	1084.976074
68.799927	817.455078
68.841118	555.048767
68.843628	1013.472290
68.964401	510.975006
69.135208	898.066895
69.156326	703.792358
69.262733	1088.096191
69.330833	463.755005
69.369606	839.916138
69.442291	792.948181
69.462097	859.697632
69.636658	986.879272
69.645500	1016.064514
69.686211	690.284851
69.712227	489.119965
69.828835	535.364807
69.886047	940.129456
69.888313	922.045593
69.959908	690.893494
69.984138	505.573334
70.074379	851.145874
70.111053	1073.318848
70.155876	1102.821045
70.190521	1204.852661
70.234917	1028.187500
70.283638	823.448792
70.340500	1377.329468
70.398109	872.969971
70.407692	878.450134
70.436943	472.232086
70.445129	1257.794922
70.459488	525.299316
70.509644	896.201965
70.581474	1343.083862
70.604980	681.400024
70.693344	472.215668
70.768013	767.106506
70.827072	565.155151
71.018883	1027.317017
71.076752	876.591675
71.096764	609.141907
71.100296	448.052185
71.136635	725.677673
71.152237	1132.410034
71.212494	513.389771
71.216774	696.421509
71.241524	1239.172485
71.332253	330.866577
71.558762	492.366913
71.671127	499.421997
71.693436	772.697876
71.735657	917.797058
71.752190	161.344482
71.796783	913.591797
71.824303	1097.645264
71.893272	937.580933
71.900261	1209.023926
71.982765	720.744629
72.068298	1218.576172
72.096817	1086.188843
72.106369	743.278992
72.146751	1072.543335
72.162193	880.918030
72.164017	962.755371
72.202103	506.648102
72.336128	944.869202
72.387970	825.456726
72.428413	900.673645
72.464401	595.426025
72.700935	571.562988
72.753464	1023.197388
72.772545	775.620728
72.850151	1166.255737
72.853157	542.036682
72.994263	859.027161
73.048248	908.494141
73.057007	922.233215
73.164955	833.898865
73.229568	782.946899
73.321465	503.794952
73.395744	737.415344
73.437599	536.570312
73.510391	782.072693
73.515495	802.402344
73.527145	765.459167
73.610664	500.352264
73.659462	897.608093
73.717049	976.025574
73.728058	1438.454712
73.804565	1000.012878
73.881149	1421.231079
73.939857	845.526001
73.988602	1254.815796
73.991158	1104.984131
74.027641	520.718384
74.050468	1558.487183
74.062683	682.289246
74.084229	884.018799
74.102798	877.238281
74.181801	1369.055420
74.238701	667.276123
74.308090	512.344727
74.371437	825.289917
74.452965	625.507629
74.592949	542.274353
74.604973	1082.040283
74.675323	936.691040
74.677216	975.018433
74.713058	1339.053833
74.758011	859.841187
74.810417	1503.778320
74.818489	800.822815
74.828308	754.650879
74.941483	379.260468
75.103378	540.625916
75.214279	425.593750
75.329483	950.501160
75.357018	180.197525
75.361488	760.017883
75.376732	979.792603
75.437569	1263.147583
75.454163	1124.850830
75.480606	999.260437
75.578293	777.661987
75.659225	664.421570
75.680099	1040.214722
75.742142	914.007019
75.782135	874.258728
75.795914	996.946045
75.814926	1059.794312
75.921646	488.290863
75.936508	1047.646606
75.982895	912.338440
76.047279	992.941467
76.091690	663.130127
76.343452	1057.969971
76.375458	603.381958
76.384407	903.136047
76.431221	1320.950317
76.442734	589.520630
76.603638	821.848511
76.643036	902.290710
76.681328	827.773804
76.684784	819.759460
76.825073	865.798218
76.930275	500.936829
77.044838	536.815002
77.091652	910.842651
77.097153	926.208984
77.112350	783.781250
77.133163	597.726013
77.233688	807.160889
77.233788	1261.793579
77.242584	899.956787
77.365463	1410.468750
77.398857	1014.300781
77.521194	1603.643799
77.587677	856.159851
77.592110	899.051880
77.613701	1510.603638
77.620529	538.846008
77.646317	758.708496
77.697319	867.032654
77.700348	921.819702
77.750824	909.646973
77.792786	1512.602173
77.890778	731.261963
77.920204	544.556030
77.977295	892.067383
78.080635	650.513855
78.108704	602.087036
78.187675	1095.458618
78.208290	730.269104
78.260902	567.736877
78.279800	1468.970337
78.402328	1709.745117
78.405357	1191.001465
78.438988	783.563477
78.445694	1033.950806
78.549835	422.486633
78.653328	603.122864
78.727371	530.424500
78.895432	1110.818848
78.961838	210.113632
78.978210	1292.616699
79.003052	1028.527588
79.019714	811.778992
79.080658	1223.653076
79.108429	1265.252441
79.177803	897.184082
79.211861	646.889709
79.271004	1160.542236
79.363380	876.248169
79.399727	832.335754
79.439919	982.290344
79.487328	1040.206055
79.542747	1243.593506
79.583694	902.656494
79.637756	501.204498
79.683975	1049.851929
79.716118	739.459778
79.905518	655.626587
79.940804	1061.788940
79.992485	1012.348694
80.015785	1250.290771
80.159805	498.623108
80.202751	847.343323
80.209915	843.158508
80.243217	878.941223
80.306313	845.370728
80.426483	1000.358154
80.538910	502.153107
80.651978	560.614075
80.668159	1114.271973
80.689888	694.048889
80.750114	910.453186
80.754120	658.581848
80.792824	791.176270
80.810371	961.336060
80.851257	623.313538
81.008484	1187.464111
81.015251	1437.619141
81.131035	1626.523438
81.203300	940.187988
81.215057	894.742615
81.215424	1546.138428
81.225815	837.620239
81.252518	745.793030
81.303207	1051.989990
81.324272	719.125671
81.402359	865.791382
81.403099	1599.895874
81.529854	613.873596
81.538353	786.575989
81.581871	949.460449
81.655464	701.808350
81.706032	765.607849
81.735748	770.411133
81.772293	1132.667969
81.850227	1686.284424
81.854027	723.400208
82.015320	981.327087
82.024872	1402.115356
82.051247	849.236694
82.100044	884.931885
82.157516	426.377136
82.211815	663.399109
82.246422	730.310364
82.456116	1127.159790
82.520470	1352.619995
82.566193	203.886993
82.646149	1131.916138
82.665070	869.046326
82.708511	1308.673950
82.752563	1197.121582
82.767715	668.106506
82.780312	959.696960
82.855804	1191.706177
82.974030	908.532959
83.013832	809.858582
83.073219	1034.607544
83.140343	1319.928589
83.179726	1219.289062
83.190620	937.449341
83.326660	1344.489136
83.330215	793.302124
83.333946	833.918945
83.444733	792.545654
83.532219	1191.227539
83.589149	1458.050659
83.607407	1176.308838
83.733498	907.846497
83.817398	929.224609
83.846199	868.324036
83.857460	502.592224
83.925308	850.343750
84.033493	908.676819
84.149055	514.780212
84.244064	1168.848389
84.258240	571.642639
84.270706	765.821594
84.278976	877.373657
84.370239	643.903625
84.382721	1010.944580
84.451828	710.678528
84.464317	652.396484
84.632477	1232.919189
84.659439	1276.350830
84.726593	1701.919922
84.809105	1663.340088
84.812515	907.236084
84.819527	948.880615
84.853668	834.583618
84.869011	1093.848511
84.909515	1061.472046
84.920914	925.671204
85.010002	1637.212891
85.037064	831.497498
85.137665	639.957581
85.170715	847.340149
85.190331	1122.685669
85.231796	810.947327
85.276299	792.477783
85.326424	828.557800
85.360649	1243.466064
85.424988	1587.270630
85.454254	689.948120
85.624123	1061.879639
85.657944	915.361023
85.670654	1513.586548
85.741730	879.001282
85.763412	469.178223
85.781609	790.989380
85.782433	783.674377
86.020309	1223.334473
86.068634	1453.809692
86.170891	223.718765
86.294846	912.019165
86.306480	1116.511841
86.336983	742.887207
86.341026	1341.092651
86.385933	949.829163
86.404579	1238.729736
86.439903	1307.270752
86.584763	1052.751953
86.624329	842.042358
86.699615	1094.558105
86.767014	1351.920776
86.803650	1100.711426
86.839455	1003.757263
86.942802	975.780090
86.945869	1298.936279
86.990471	477.414124
87.017799	1203.822510
87.125130	1346.033081
87.177101	1386.337158
87.203362	1200.143311
87.278755	1129.113892
87.425011	927.506531
87.452675	917.298340
87.530357	485.444672
87.537170	871.695801
87.645424	951.064941
87.758888	517.441223
87.811958	988.869019
87.828453	1327.446045
87.855064	842.225830
87.863403	584.890076
87.958679	1082.640259
87.983406	686.882874
88.071777	668.782776
88.095642	734.872253
88.257759	1400.458740
88.292969	1649.178711
88.321259	1682.480835
88.397064	1722.098267
88.412445	589.502808
88.441841	1036.591797
88.470428	883.368347
88.474457	1005.999451
88.516685	1261.449951
88.519897	1034.839355
88.610489	1677.430054
88.654373	850.154175
88.742470	625.461487
88.784203	851.942810
88.799210	1128.732544
88.819427	958.060852
88.851532	973.394165
88.941238	786.176575
88.952637	1288.502197
89.001091	1496.379639
89.066513	699.429810
89.234375	1091.502808
89.258476	956.367004
89.329018	1269.553833
89.335297	1427.912231
89.365456	1004.848206
89.369164	1086.137451
89.370323	502.107086
89.589958	1346.800049
89.622978	1471.337891
89.775719	252.258911
89.903694	972.003967
89.921967	1139.077026
89.972656	1163.345703
89.975693	1351.608521
89.993958	949.004028
90.025475	1423.559692
90.057816	1349.503662
90.195854	1094.654541
90.231674	881.743042
90.323265	1079.404297
90.389397	1399.843994
90.420868	1125.224365
90.487152	999.795593
90.522667	997.351074
90.545135	881.120972
90.616798	503.041626
90.650635	1114.246460
90.717422	1461.713135
90.772316	1391.931885
90.782089	1204.403320
90.858414	1241.192627
91.036102	894.096313
91.063148	1040.741821
91.141830	876.631470
91.176750	489.270569
91.260826	1132.647827
91.367378	1037.618896
91.370033	618.745667
91.415672	1317.762207
91.444511	882.131226
91.469307	598.288086
91.538940	1076.126099
91.593201	756.162659
91.673782	707.362793
91.721024	826.784607
91.872284	1706.435913
91.894981	1702.897583
91.944366	1337.445923
91.983292	1799.891113
92.016190	569.994385
92.068413	1039.327515
92.077522	1059.038940
92.080559	1149.734009
92.119064	1112.774658
92.133186	1134.449951
92.199593	1697.197144
92.255096	907.064026
92.346161	640.477539
92.380508	826.237915
92.410545	1102.132812
92.412109	1260.822388
92.477776	1076.705200
92.550476	1441.614136
92.553284	751.022095
92.578445	1562.718506
92.680519	710.479187
92.846603	1086.502197
92.860657	984.367310
92.900528	985.068420
92.966019	1003.252991
92.972755	902.949890
92.975182	463.464996
93.004738	1324.674316
93.166084	1287.270508
93.187836	1488.763794
93.379944	231.964737
93.501442	973.635620
93.514313	1191.697021
93.597008	1588.518433
93.605957	994.547974
93.625549	1583.252563
93.633446	1160.458008
93.712570	1276.083252
93.807350	1103.616943
93.835381	962.161743
93.938553	1035.490845
94.005585	1445.735840
94.040085	1175.478271
94.102081	1103.299316
94.117470	960.603821
94.139870	915.981995
94.213509	524.094421
94.299652	1227.897217
94.305168	1494.220825
94.353699	1171.258423
94.373505	1185.225708
94.463829	1079.285522
94.649590	978.470581
94.677444	1158.015381
94.740318	878.649719
94.791908	506.467712
94.879440	1107.320190
94.944664	994.790955
94.977242	544.235901
95.008255	1391.572021
95.032303	964.112122
95.073578	590.851624
95.119255	1125.472290
95.198807	731.595886
95.270691	708.328186
95.321892	919.273254
95.471436	1800.753296
95.496086	988.615845
95.544556	1971.899292
95.602890	1149.457886
95.621399	609.689819
95.674469	1012.453918
95.696236	1055.118286
95.698158	1237.615723
95.708733	952.323425
95.747917	1143.421021
95.785446	1624.461670
95.841064	1009.717407
95.948021	633.456970
95.960281	856.000549
95.994225	930.563660
96.026657	1217.314453
96.142632	1238.379272
96.151482	1702.728271
96.161690	1653.658936
96.167854	760.953491
96.286980	700.918335
96.459496	1214.070557
96.473831	1032.419434
96.482330	1023.748352
96.562996	881.376099
96.572357	1008.870300
96.579460	470.021057
96.679268	1420.224976
96.746292	1344.021606
96.761192	1587.938354
96.984779	237.473541
97.090416	941.871277
97.114410	811.752380
97.195480	1530.954346
97.219040	1106.837891
97.251068	1494.012573
97.300529	1117.254395
97.365311	1243.416626
97.421471	1269.939575
97.436272	1055.860229
97.528229	1113.722412
97.622437	1314.370850
97.662537	1355.463867
97.707916	1285.298340
97.724564	1056.000732
97.731735	1100.981934
97.783722	576.354248
97.897293	1453.433105
97.929588	1220.098267
97.966438	1440.166870
97.981766	1296.876221
98.075150	1086.237793
98.263084	1047.449219
98.293587	1207.598145
98.333733	947.485291
98.378403	553.629211
98.499672	1119.235352
98.550026	995.363770
98.588211	558.538818
98.606476	1607.286499
98.624962	1107.577759
98.677673	603.189331
98.704872	1219.446655
98.801651	780.781738
98.863579	729.253296
98.887672	997.121277
99.055855	1901.757080
99.115532	1590.856812
99.137596	1577.800415
99.229118	645.747253
99.235573	1176.203857
99.262833	1115.692627
99.313393	803.648132
99.326721	1162.308960
99.337959	1155.076416
99.364807	1162.818481
99.377396	1599.276733
99.414421	1136.792725
99.527443	910.950745
99.548836	651.331665
99.565804	993.800049
99.642769	1249.938599
99.748856	1935.602417
99.758606	1950.187378
99.780418	742.570801
99.828583	1220.555908
99.884377	681.400574
100.073380	1249.837769
100.080238	1144.014282
100.100914	1057.121460
100.139854	944.365601
100.182503	1107.995483
100.185173	556.624695
100.331978	1458.355713
100.346169	1707.711304
100.354416	1603.835571
100.589081	254.273254
100.658783	1005.924744
100.734955	843.384583
100.790680	1544.808105
100.834343	1178.531006
100.873940	1461.085083
100.962471	1206.517090
101.017891	1427.910889
101.034042	1126.558228
101.036438	1421.771484
101.093948	1242.825684
101.245636	1310.203613
101.279518	1499.366821
101.313263	1426.437744
101.317169	1178.164795
101.331024	656.048584
101.341324	976.238403
101.487869	1501.791992
101.535599	1470.474243
101.594177	1242.353271
101.626694	1199.951416
101.686806	1152.380859
101.875580	1202.909546
101.912018	1209.391113
101.925560	1148.441162
101.943741	637.024170
102.120857	1220.926025
102.178238	1265.106323
102.200768	569.478638
102.212753	1675.717896
102.218681	1247.549438
102.280792	603.098999
102.293587	1223.515869
102.399620	846.362244
102.430252	1092.608398
102.453827	816.036743
102.636330	1955.866455
102.703796	1895.645508
102.783295	921.367065
102.832863	886.782104
102.838333	591.647339
102.844193	1226.827148
102.951622	1606.783569
102.956642	1257.728882
102.977943	1284.662476
102.981461	1160.416870
102.982117	1248.509644
102.983902	1349.672974
103.085754	1014.851501
103.129898	1092.141113
103.148590	731.572205
103.260902	1277.226318
103.345284	1785.506592
103.367142	1841.600098
103.398254	731.458557
103.478615	641.495422
103.516273	1215.590210
103.680573	1080.888428
103.687492	1156.116455
103.705734	1060.741333
103.732422	1095.986694
103.787506	485.844391
103.797852	966.292053
103.922234	1396.387695
103.943382	1618.296875
104.025887	1429.064453
104.194092	234.410324
104.217461	1083.870361
104.366684	896.479370
104.388191	1646.417969
104.450226	1237.370483
104.484070	1513.689819
104.615509	1359.910645
104.629944	1193.505615
104.650764	1324.071289
104.655502	1513.725098
104.671867	1456.344360
104.859825	1326.720703
104.865601	740.335266
104.876251	1320.614868
104.902969	1301.649048
104.922005	1320.722778
104.978943	873.593018
105.082336	1499.257324
105.154068	1552.864014
105.209511	1152.524658
105.283920	1350.525513
105.306816	1254.314087
105.479073	1265.378540
105.486359	729.291931
105.524391	1349.308594
105.532616	1221.823853
105.742493	1202.402954
105.801147	1681.009399
105.809860	594.935608
105.816277	1387.466797
105.849045	1082.165161
105.883591	586.056641
105.888557	1261.498291
105.960739	1143.208862
105.993103	823.696960
106.043648	826.326965
106.211632	1923.683350
106.291046	1816.880249
106.418182	773.826172
106.420128	1274.774902
106.446373	1215.571167
106.451912	759.058655
106.534332	1360.401733
106.547485	1660.744995
106.586540	1179.937134
106.603325	1220.959961
106.620949	1358.029785
106.640800	1382.663818
106.655983	802.308594
106.698906	1236.415161
106.747292	770.060547
106.880531	1453.552979
106.953568	1880.827881
106.978416	1769.621460
107.010094	759.159363
107.077362	646.925110
107.194290	1157.144653
107.262840	1163.887329
107.291214	1038.785278
107.301361	1197.514648
107.352577	1017.132568
107.391411	519.270630
107.428925	842.246704
107.516190	1423.176636
107.551033	1685.758301
107.693924	1391.404785
107.770866	1164.569824
107.799484	238.957718
107.989075	1591.616943
108.006935	932.853333
108.067917	1249.738892
108.078400	1627.799561
108.204636	1371.029175
108.225655	1195.273193
108.250961	1520.779785
108.287659	1403.232300
108.320183	1385.337524
108.388100	824.848450
108.455139	1219.535767
108.466599	1272.963135
108.490906	1362.929199
108.540039	1290.740356
108.630966	838.378479
108.677925	1574.757202
108.781517	1577.061646
108.824738	1324.510620
108.895302	1083.438721
108.974815	1032.379272
109.022118	835.319641
109.067131	1129.347412
109.137413	1250.276489
109.154625	1285.066162
109.363213	1244.055542
109.412170	1657.708496
109.416321	1519.691772
109.419868	607.903625
109.478378	1663.225708
109.487167	624.578796
109.491524	1749.327759
109.515358	980.981689
109.580910	900.478210
109.635437	844.809265
109.781258	1863.942749
109.884659	1836.684448
109.992058	1340.254761
110.009804	701.645264
110.064209	630.438782
110.082047	1373.254272
110.086006	1453.568726
110.137466	1672.338745
110.184624	1235.638184
110.215248	1293.975342
110.223076	1223.269409
110.267044	1382.541870
110.290024	1275.224487
110.345787	805.829529
110.353638	756.567322
110.502342	1496.654419
110.563042	1902.946045
110.591370	1811.033813
110.612556	834.530396
110.687050	712.754211
110.814781	1292.849365
110.846977	961.834778
110.914902	1124.539307
110.926323	822.690186
110.964203	1037.678589
110.993752	554.745239
111.072266	758.945618
111.113579	1523.545044
111.170563	1767.474121
111.322037	1258.169922
111.357056	1369.704102
111.405251	260.229767
111.591118	1625.548340
111.650360	979.305237
111.655472	1703.567871
111.684875	1206.381470
111.757080	1404.331055
111.819016	1180.398804
111.867783	1517.670898
111.906273	878.351868
111.927322	1331.062134
111.965691	1432.601562
112.034752	1156.364136
112.068359	1154.220093
112.085884	1316.274536
112.158623	1254.169189
112.275986	1744.233398
112.289253	799.213562
112.411964	1599.852051
112.440025	1356.238770
112.499702	1204.074097
112.549553	926.887085
112.649002	1207.928955
112.651772	1053.481201
112.756401	1194.099976
112.776962	1356.874512
112.983498	1313.412231
113.000732	1491.718384
113.023689	1665.352417
113.026062	1717.443481
113.029297	626.849304
113.087601	1468.580811
113.088455	644.868896
113.163879	920.120667
113.183006	958.729431
113.229240	915.016907
113.344925	1720.679443
113.483231	1779.323364
113.561562	1403.390503
113.601997	725.610046
113.635468	1499.789062
113.678749	908.849792
113.680099	1916.860229
113.727997	1784.312256
