-19.884920	3.101213	2.841777	4.057046	3.232799
-16.290838	3.116184	2.849993	4.033811	5.163555
-12.701891	3.138988	2.856503	4.004543	7.085218
-12.228916	3.292287	3.106563	3.601112	2.608996
-9.120415	3.172280	2.865911	3.961729	8.962766
-8.640707	3.307166	3.123598	3.569259	4.538386
-7.887136	3.038270	2.767527	4.194191	2.373752
-6.071177	2.786495	2.197023	5.016458	2.244502
-5.609569	3.506456	3.352063	3.141508	2.064988
-5.546820	3.215115	2.879927	3.904970	10.780368
-5.058589	3.313531	3.162064	3.524385	6.446558
-4.292470	3.055908	2.772417	4.171675	4.399282
-3.236168	3.036145	2.490890	4.472939	1.985897
-2.492691	2.792990	2.246364	4.960611	4.154103
-2.032254	3.586651	3.316191	3.097113	3.992425
-1.981028	3.271135	2.894279	3.834604	12.493435
-1.825373	3.243364	3.101358	3.655309	2.431799
-1.445450	3.283692	3.162688	3.553642	7.788632
-0.717152	3.088431	2.798526	4.112975	6.416271
-0.667290	3.274466	2.794628	3.930959	1.744652
-0.025090	3.697962	3.626621	2.675379	1.594016
0.335055	3.060906	2.533762	4.405353	3.890766
1.064747	2.820553	2.314941	4.864476	5.994582
1.520015	3.739417	3.234324	3.026230	5.858869
1.575886	3.353859	2.902114	3.743965	13.465147
1.635039	3.507401	3.101285	3.391267	1.523440
1.684421	3.227976	3.286113	3.485877	5.209886
1.750217	2.984442	2.722091	4.293472	2.258827
2.194599	3.256544	3.129978	3.613437	9.105672
2.876374	3.100464	2.809941	4.089594	8.293997
2.895470	3.316435	2.837414	3.846141	3.637650
3.133421	2.864077	2.231236	4.904655	1.668436
3.273196	3.437362	3.280967	3.281624	1.530052
3.533988	3.810047	3.595627	2.594287	3.470608
3.671009	3.736907	3.408083	2.855015	1.322405
3.866502	3.112184	2.627893	4.259870	5.605028
4.520732	3.863459	3.936855	2.199685	1.211930
4.627322	2.852652	2.371951	4.775400	7.742369
5.041555	4.092574	2.792254	3.115170	7.455531
5.102794	3.449690	3.213694	3.336642	9.809650
5.145526	3.011968	3.602386	3.385629	9.653250
5.184169	3.574340	3.133292	3.292348	3.375183
5.199227	3.089575	2.513458	4.396971	1.589072
5.263000	3.134748	2.794926	4.070282	7.076066
5.441394	3.961839	3.714646	2.323493	1.142600
5.806973	3.269603	3.159791	3.570594	10.600017
6.342908	3.428263	2.997849	3.573887	4.687913
6.385345	3.130304	2.860975	4.008702	2.158971
6.501123	3.063670	2.817442	4.118853	9.968528
6.627841	2.974798	2.346293	4.678893	3.686100
6.766151	3.948978	3.040311	3.010679	3.493514
6.920166	3.602967	3.939355	2.457658	3.790833
6.947584	4.181079	4.019902	1.799031	0.983520
7.051522	3.308296	2.709831	3.981896	2.052803
7.198107	3.844296	3.454117	2.701563	3.148606
7.388990	3.167107	2.747923	4.084958	7.155001
7.470222	3.585197	3.484520	2.930317	2.697022
7.942554	4.988229	3.188287	1.823448	1.789850
8.104052	3.136734	4.965603	1.897641	2.114702
8.192581	4.383075	4.330092	1.286821	0.845319
8.205378	2.877997	2.404012	4.717964	9.393328
8.257269	3.721566	3.320396	2.958018	2.073655
8.319042	3.604434	2.884757	3.510798	4.783668
8.484459	3.793043	3.251665	2.955267	7.542439
8.663749	3.471352	3.658920	2.869709	9.028485
8.674329	3.270464	2.595786	4.133737	3.648205
8.730518	3.335426	2.983808	3.680769	16.914221
8.921391	4.058472	3.379539	2.561977	3.340098
8.933406	3.673013	3.331527	2.995439	3.760784
9.181025	4.533886	4.665508	0.800567	0.731529
9.354470	3.370087	2.739254	3.890652	7.703358
9.365233	3.137505	2.850867	4.011627	6.924248
9.503297	3.650602	3.424767	2.924626	3.163187
9.537470	3.276847	2.631112	4.092033	2.765496
9.588300	3.925879	3.579344	2.494752	1.189844
9.735078	3.621005	3.213289	3.165692	5.363444
9.888714	3.183117	3.084582	3.732291	5.269290
9.934472	4.518240	5.109853	0.371856	0.641837
10.081821	5.088920	2.912295	1.998755	1.915242
10.166292	3.023678	2.746653	4.229678	11.299509
10.261123	3.619422	4.394724	1.985813	3.259174
10.283688	5.024388	3.697011	1.278562	1.880124
10.438720	4.688739	4.006562	1.304661	1.163902
10.485370	4.104728	5.844420	0.050820	0.584564
10.514272	3.342452	2.241361	4.416169	4.371556
10.526729	3.260084	2.528100	4.211792	4.436951
10.574031	3.261970	3.363096	3.374920	4.664386
10.608894	3.816477	4.231547	1.951957	1.187625
10.786526	3.551665	2.991779	3.456552	4.304297
10.846038	3.823033	3.412730	2.764228	4.651125
10.973005	3.940449	3.586040	2.473475	4.989110
11.056951	3.191105	2.829544	3.979327	6.227263
11.165880	5.761318	3.463289	0.775360	1.127344
11.247760	4.503928	4.142730	1.353317	1.919814
11.279075	4.053631	3.244422	2.701948	3.858077
11.301807	4.265758	3.474585	2.259669	2.776559
11.458877	3.556954	4.929811	1.513232	1.162857
11.596286	3.729945	3.140155	3.129859	2.779680
11.674428	3.685505	4.267980	2.046490	4.496990
11.736609	4.814719	4.512087	0.673148	1.100893
11.778614	3.814475	3.673635	2.511846	2.009755
11.808911	2.900665	2.438473	4.660841	10.738039
11.874711	4.022630	5.092953	0.884373	1.128686
11.950042	5.200503	2.909456	1.890002	1.919356
12.030696	4.031343	2.883132	3.085515	8.679785
12.096967	3.508805	4.022062	2.469102	2.040908
12.183172	3.618955	3.220396	3.160618	6.793563
12.193344	3.390789	6.068575	0.540587	0.636816
12.241808	3.459932	3.919440	2.620601	7.341649
12.253261	3.132268	4.820920	2.046788	3.768246
12.318720	3.457999	2.928231	3.613771	15.575366
12.337521	3.852517	4.476841	1.670614	1.358110
12.413628	3.326247	2.641791	4.031953	5.008389
12.452390	3.482360	3.096558	3.421069	4.599983
12.524020	3.256750	3.527148	3.216085	4.452651
12.538726	4.058202	3.754399	2.187357	4.391795
12.742807	3.672511	4.764512	1.562948	1.008520
12.778565	3.096753	2.710487	4.192705	6.872911
12.841816	4.141061	4.884393	0.974523	1.984634
13.014078	3.232085	3.255273	3.512625	12.087786
13.037671	3.602735	3.537567	2.859669	2.402583
13.093506	3.369778	3.573979	3.056234	2.435078
13.116745	3.656122	3.074352	3.269501	3.255540
13.214328	3.783780	4.749024	1.467159	1.098493
13.236712	3.491016	4.141170	2.367800	1.580377
13.270491	3.517521	3.303617	3.178851	6.731519
13.512544	3.087818	2.791095	4.121063	5.930900
13.605616	3.836999	2.831282	3.331688	5.118755
13.625143	4.426721	5.027292	0.545932	2.484085
13.687444	3.603394	2.997036	3.399541	6.202890
13.726496	3.635318	3.628533	2.736128	5.054024
13.857724	4.158666	4.082628	1.758689	2.046764
13.862137	2.941648	2.629647	4.428709	11.221667
13.911651	3.315208	3.868602	2.816186	3.180732
13.934708	3.818417	4.358772	1.822802	2.773890
14.090487	4.139648	5.797748	0.062546	2.527518
14.130025	2.827647	2.290694	4.881650	5.605302
14.182537	3.662814	2.829414	3.507746	5.600345
14.220324	4.346071	3.882047	1.771858	2.748369
14.290631	3.401239	3.261645	3.337100	3.167288
14.402355	3.400522	2.936349	3.663104	5.305336
14.430287	3.481488	3.259386	3.259099	5.366571
14.433571	3.277887	3.240092	3.482013	6.175825
14.505281	3.996685	3.545394	2.457906	3.516252
14.662519	3.219287	3.633309	3.147388	4.215652
14.676946	2.976418	2.756414	4.267146	6.388885
14.743685	3.702293	3.699563	2.598115	1.899282
14.755393	3.558253	3.686833	2.754887	5.367301
14.805343	2.742632	2.396103	4.861242	3.222204
14.905054	3.455842	2.925706	3.618414	6.387451
14.938890	5.237854	3.628906	1.133195	3.294211
14.968502	4.045736	4.167783	1.786463	3.566215
15.031133	3.639851	3.410053	2.950074	5.003020
15.092454	2.958875	2.781444	4.259663	2.626454
15.362020	4.130196	3.589940	2.279827	2.745908
15.373920	3.441275	4.306954	2.251743	5.685287
15.417481	3.834648	3.169937	2.995401	9.184837
15.429747	5.113155	4.167676	0.719111	2.880168
15.450340	2.829345	2.376436	4.794208	12.041089
15.517101	3.213690	4.129918	2.656365	2.196129
15.568012	3.789701	2.360932	3.849342	4.294075
15.662754	4.044086	4.752741	1.203137	2.618776
15.694929	3.949417	3.308649	2.741906	5.718498
15.770364	3.163038	6.287688	0.549216	2.605890
15.815468	3.012553	2.887901	4.099536	4.056042
15.841170	4.448761	3.123190	2.428017	3.866747
15.867900	3.530065	2.910743	3.559176	17.871677
15.899217	3.723711	3.222179	3.054108	11.769597
15.973118	4.255834	2.938704	2.805423	2.603970
16.048866	3.338860	3.538053	3.123070	5.501781
16.087374	2.898050	3.412768	3.689184	6.514206
16.115479	3.686609	4.344907	1.968441	3.180899
16.183331	3.235469	4.325844	2.438672	4.575268
16.185888	2.923182	2.851024	4.225803	7.199230
16.268919	3.847448	3.758925	2.393611	4.945735
16.359148	3.360452	2.823767	3.815752	5.575366
16.397133	2.930734	2.775349	4.293899	5.853313
16.404177	3.891044	5.063499	1.045426	3.190074
16.440849	3.406153	3.044646	3.549204	5.233218
16.540993	3.245421	4.896542	1.858026	2.625469
16.686268	3.186134	3.529306	3.284545	2.522110
16.719488	3.257929	2.607692	4.134365	11.982989
16.766621	4.005747	4.587710	1.406483	3.790284
16.767937	2.580123	2.899504	4.520392	9.825980
16.926168	3.191900	3.153003	3.655087	5.992439
16.937948	3.065588	3.587277	3.347135	4.694914
17.052938	3.459605	3.536469	3.003914	3.188669
17.157061	3.639044	4.530337	1.830579	3.066683
17.161703	3.332179	2.729742	3.938058	4.007156
17.213682	3.066831	3.096830	3.836307	4.928621
17.271944	4.413276	4.972380	0.614276	4.422909
17.286528	3.245716	2.489437	4.264815	4.837315
17.318033	2.788995	3.255529	3.955450	5.541399
17.378988	2.861537	3.165011	3.973385	8.425851
17.410696	4.220973	3.165108	2.613896	7.526662
17.448221	3.829034	4.491468	1.679471	4.458443
17.667593	3.074034	2.966489	3.959467	6.675545
17.681402	2.742477	2.560113	4.697415	10.394207
17.693563	4.189204	5.745741	0.064978	4.471910
17.743490	3.102650	3.796359	3.100964	5.059902
17.788485	3.970299	4.006354	2.023327	5.290089
17.856878	2.958614	2.487282	4.554085	6.135251
17.915670	2.843264	2.759231	4.397480	6.395238
18.031860	3.780151	3.790795	2.429030	4.430624
18.092432	3.433312	2.329293	4.237379	7.938933
18.156153	3.014896	2.899225	4.085877	10.541571
18.184418	3.653744	3.319605	3.026637	6.499983
18.240961	4.057727	3.680325	2.261929	4.005125
18.269253	3.250720	2.570868	4.178406	5.528352
18.361488	2.720023	3.318850	3.961095	5.889919
18.486158	3.432876	3.072530	3.494576	5.590824
18.493879	2.341087	2.017603	5.641284	4.577341
18.552504	3.266776	3.155716	3.577493	4.649745
18.640701	3.307221	2.767172	3.925570	8.331887
18.643951	4.765380	3.608210	1.626398	5.352284
18.664141	4.123018	3.849586	2.027390	5.297330
18.755959	3.240405	3.166891	3.592676	6.558477
18.848446	2.785735	2.560332	4.653905	6.716542
18.852352	3.160555	4.175053	2.664365	4.738885
18.966366	2.893328	4.190125	2.916520	5.459622
19.071856	2.711662	2.324325	4.963996	11.878400
19.099936	5.270123	4.080178	0.649613	4.659798
19.101963	3.331560	2.872872	3.795552	10.625573
19.195711	3.273117	3.091349	3.635515	5.199158
19.201952	3.215110	3.444393	3.340481	4.908191
19.233965	3.110822	3.583679	3.305494	5.641420
19.300472	2.292339	1.914437	5.793219	7.386139
19.350403	3.768415	5.489567	0.741975	4.561460
19.411213	3.889108	4.916331	1.194532	4.434608
19.443617	2.923631	3.115231	3.961127	5.802957
19.462011	3.269851	3.341357	3.388779	8.224388
19.509342	3.292989	2.812336	3.894674	20.242495
19.583290	3.544458	3.110418	3.345116	10.188270
19.620531	2.611852	2.451558	4.936584	7.362162
19.681555	5.420628	2.411094	2.168246	5.684285
19.755995	3.585803	2.215867	4.198323	7.214498
19.776470	3.576025	4.377567	2.046373	5.202790
19.849932	2.848122	2.940964	4.210912	7.351846
19.886667	3.702909	3.957993	2.339083	7.152682
19.945330	3.911236	5.156832	0.931913	4.673506
20.007660	4.315732	2.892907	2.791346	6.569736
20.059038	3.206561	3.517133	3.276287	7.378983
20.177589	3.803571	2.538252	3.658155	5.911169
20.223827	3.516653	2.989819	3.493524	8.856460
20.240404	3.469074	4.473204	2.057696	4.947637
20.251682	3.047352	3.270296	3.682353	10.706610
20.320187	2.621090	2.405497	4.973429	9.040692
20.333588	2.940625	3.775330	3.284025	6.809490
20.352257	4.053962	4.564357	1.381634	6.057168
20.504078	2.639999	4.694841	2.665141	5.786645
20.562656	3.485661	5.091733	1.422578	4.881009
20.621492	3.363068	2.561829	4.075089	9.237880
20.625456	3.781151	3.572978	2.645859	5.306151
20.750063	3.042547	2.113566	4.843882	7.669816
20.815388	2.273553	1.966381	5.760057	7.124453
20.883921	2.470958	2.764957	4.764067	6.830618
20.892439	4.364407	4.958785	0.676737	6.352329
20.903625	3.265869	5.021705	1.712380	5.509946
21.024483	2.773911	3.231890	3.994186	5.884597
21.069723	2.595000	2.310832	5.094139	9.638083
21.099688	3.858973	3.142389	2.998601	8.993943
21.138117	2.599426	2.219593	5.180971	6.264287
21.288628	3.047826	2.789966	4.162188	7.376662
21.297148	4.248363	5.691497	0.060072	6.414474
21.377777	3.790197	3.750010	2.459769	5.866704
21.395565	4.050881	3.955297	1.993804	7.790619
21.418968	3.033358	2.877088	4.089558	7.465172
21.478334	2.993210	4.029858	2.976914	6.734613
21.524937	2.807667	2.485053	4.707264	10.526059
21.592718	2.412047	2.378771	5.209184	7.054849
21.741562	3.504119	2.413826	4.082045	8.541518
21.781630	3.371526	2.679580	3.948882	9.323451
21.815758	2.933629	2.870641	4.195708	9.837802
21.836597	3.484941	3.450347	3.064677	7.960697
21.849953	4.166486	3.600211	2.233269	6.151890
21.895620	2.503407	2.129878	5.366695	9.287535
21.985994	2.923101	3.132368	3.944509	7.916534
22.097708	3.222755	3.441566	3.335670	7.374173
22.174477	3.440493	2.894141	3.665355	6.955489
22.187057	2.493387	2.769796	4.736802	8.537980
22.261436	3.600204	3.416794	2.982972	6.828539
22.332382	4.832581	3.890716	1.276669	7.297491
22.376379	3.222117	2.730324	4.047517	10.066562
22.377043	2.833174	3.813227	3.353573	6.685861
22.406618	3.537489	3.278207	3.184289	8.947500
22.455685	3.035435	4.431973	2.532558	7.692883
22.610474	3.214831	2.730901	4.054242	7.339138
22.724030	3.562482	3.051345	3.386139	13.923491
22.749466	5.248830	4.139493	0.611628	6.521161
22.762619	2.945972	3.483377	3.570632	8.060599
22.795191	2.612105	2.335382	5.052512	14.626668
22.843611	3.392765	4.024442	2.582771	6.878953
22.867474	2.846712	4.099264	3.054028	8.743109
22.978642	3.473185	5.861514	0.665240	6.574912
23.036871	3.265677	2.236980	4.497328	9.554536
23.071005	2.852267	2.693864	4.453863	13.640088
23.077450	4.507338	4.047096	1.445524	6.451655
23.157669	3.154351	3.137987	3.707638	12.197742
23.185122	2.638250	3.233657	4.128094	10.029605
23.233471	2.464162	2.079746	5.456102	13.838243
23.373955	3.545876	4.392323	2.061787	7.299060
23.406111	3.190040	2.126073	4.683832	8.989452
23.431717	5.195787	2.453448	2.350745	8.160107
23.482460	2.587871	2.591736	4.820359	8.808687
23.504471	4.132440	4.972792	0.894701	6.441155
23.591803	3.613858	3.828480	2.557633	9.340351
23.667196	3.978870	2.601326	3.419799	9.753287
23.714092	4.229467	2.677897	3.092614	8.642383
23.758930	3.268592	3.488955	3.242444	8.949656
23.892063	4.427347	3.429382	2.143250	7.878845
23.899996	3.120051	3.278698	3.601249	13.721052
23.914560	3.193024	2.888085	3.918878	9.643970
23.927275	2.130682	2.018053	5.851266	7.495329
23.934032	4.105099	4.532600	1.362229	8.186414
23.988794	3.382666	3.489351	3.127963	8.188022
24.092218	2.535962	2.260172	5.203866	9.507861
24.095293	3.241331	5.354073	1.404557	6.661462
24.153334	2.708409	4.581209	2.710366	7.615611
24.204769	4.013562	3.689727	2.296689	7.268348
24.294594	2.453041	2.056752	5.490209	8.193320
24.427139	3.094221	1.987783	4.917982	11.551852
24.433701	2.544123	5.612165	1.843682	7.027621
24.493626	2.625871	2.700109	4.674003	12.370326
24.497278	4.393218	4.941358	0.665356	8.411852
24.546238	2.502192	2.609581	4.888216	9.835724
24.695480	3.130147	3.137969	3.731856	8.210977
24.732901	3.036528	2.534432	4.429039	8.197470
24.764772	3.963552	2.944067	3.092367	10.289536
24.854456	3.895047	4.005491	2.099446	7.179188
24.899454	4.296351	5.651250	0.052346	8.356481
24.975651	2.902751	2.638983	4.458226	12.720243
25.045799	4.061416	3.885103	2.053471	9.851120
25.070816	3.420168	2.773751	3.806052	9.185390
25.130484	2.933059	3.443936	3.622973	8.970182
25.138292	2.804985	2.872822	4.322169	9.449059
25.286230	3.765643	2.925887	3.308464	8.243296
25.343328	2.873451	2.382635	4.743894	11.828177
25.373528	3.614629	2.704947	3.680393	10.172133
25.420685	3.044200	3.816437	3.139341	9.494423
25.437239	4.165380	3.666890	2.167701	8.174412
25.505846	2.896634	2.761289	4.342048	13.879877
25.580166	2.469522	2.407870	5.122614	11.797097
25.623480	2.929037	3.838737	3.232215	8.525020
25.708099	3.333756	2.837814	3.828427	9.341686
25.712563	3.072970	3.580286	3.346742	9.052883
25.759642	3.432550	2.986778	3.580643	9.702418
25.828678	2.245473	3.160905	4.593591	9.871139
25.871971	2.987669	3.590489	3.421825	8.960939
26.002239	4.806787	3.889468	1.303722	9.232291
26.083132	3.932150	3.591083	2.476748	9.981961
26.112118	3.243184	2.637278	4.119558	11.531868
26.123734	2.996928	3.668455	3.334602	10.762402
26.145191	3.063767	2.921524	4.014678	9.149317
26.298071	2.884875	3.413086	3.702029	10.279881
26.354980	3.664548	2.809030	3.526397	14.559967
26.383818	4.972814	4.119948	0.907192	8.461859
26.399105	3.006729	2.871753	4.121498	10.430548
26.405113	3.510118	4.274269	2.215589	8.915339
26.477476	2.588606	2.330856	5.080501	15.392076
26.508583	2.939783	4.177059	2.883134	11.312828
26.595686	3.557941	5.711703	0.730335	8.540970
26.644974	2.561859	2.243428	5.194716	12.695539
26.695713	2.566308	2.958261	4.475394	8.295635
26.703966	4.485208	4.088016	1.426741	8.337552
26.748600	2.939593	2.955671	4.104721	17.498541
26.838966	3.286098	3.236682	3.477205	16.549538
26.926167	3.566535	4.440290	1.993122	9.373042
26.955980	2.962615	2.410610	4.626750	15.142530
27.013523	2.577255	2.281310	5.141417	11.328271
27.090511	4.432892	4.682005	0.885071	8.284137
27.138945	4.909685	2.595891	2.494404	10.444134
27.264021	2.074309	1.870416	6.055243	8.157952
27.284775	3.559530	3.649121	2.791320	11.293567
27.327364	4.074843	2.766754	3.158361	10.221579
27.336704	3.951381	2.646035	3.402557	11.154845
27.432583	2.738961	3.516154	3.744871	11.845441
27.504581	4.263500	4.432439	1.304009	10.154927
27.519463	3.053621	2.888219	4.058161	13.489453
27.533026	3.056615	2.921661	4.021710	12.748302
27.561996	5.015705	3.527694	1.456555	8.417202
27.583069	2.533373	3.710212	3.756397	11.402223
27.677219	3.994400	4.402001	1.603560	8.739087
27.692360	2.531565	2.187358	5.281032	11.583352
27.735441	2.531369	2.304019	5.164584	10.814954
27.783422	3.378568	4.097895	2.523501	9.428267
27.837234	3.799052	4.161473	2.039430	8.797871
27.999321	2.699905	2.165091	5.134989	13.969151
28.072031	2.459773	5.549343	1.990834	8.860057
28.088478	2.677927	2.851832	4.470222	12.435557
28.094702	4.360198	4.924231	0.715485	10.383827
28.147039	2.303029	2.495010	5.201954	15.519730
28.281487	3.097717	3.186972	3.715294	10.471545
28.389975	3.647295	3.145278	3.207399	12.423279
28.426023	3.433547	2.702571	3.863866	11.419095
28.447453	4.035008	3.973381	1.991583	8.516729
28.501932	4.337817	5.617275	0.044835	10.297858
28.660391	2.801273	2.521284	4.677456	14.682466
28.683632	3.147195	3.413846	3.438953	11.008998
28.702084	4.000835	3.829844	2.169301	11.819542
28.718918	3.459390	2.417211	4.123388	11.435199
28.779942	3.155213	2.790705	4.054071	11.634771
28.926498	4.106730	3.081522	2.811723	9.508284
28.960688	4.094736	2.702535	3.202704	10.963245
29.005087	4.094801	3.795278	2.109883	10.232986
29.044502	3.107310	3.171168	3.721499	11.877546
29.097790	2.780025	2.131472	5.088490	13.693254
29.175108	2.964863	3.722295	3.312817	11.018800
29.211935	2.655066	3.024926	4.320000	15.021211
29.264380	2.332756	4.552865	3.114355	10.131081
29.286247	2.397388	2.563449	5.039140	13.957027
29.311373	3.409320	3.401844	3.188815	11.299185
29.406158	2.990294	3.437046	3.572637	12.248302
29.465919	3.361180	2.226927	4.411880	11.333320
29.569489	2.207303	3.171324	4.621346	11.510014
29.657446	4.867318	3.721010	1.411637	11.104742
29.730942	2.959725	2.729733	4.310545	11.040612
29.747255	3.883470	3.036535	3.079983	11.771630
29.765245	3.552179	3.345453	3.102357	11.267232
29.827810	2.833802	3.376073	3.790118	11.836257
29.836267	2.803525	2.607123	4.589352	13.343672
29.904879	2.719399	2.352013	4.928549	12.429574
29.921301	2.954205	3.491313	3.554467	12.437620
29.922546	3.331437	4.255895	2.412629	11.096087
30.008709	3.500106	3.148758	3.351127	17.972986
30.016834	4.970340	4.393023	0.636567	10.377730
30.153423	2.931102	4.201199	2.867678	13.554517
30.204063	3.711692	5.513163	0.775086	10.492883
30.232121	3.038717	2.252228	4.709033	14.543327
30.291828	4.341167	4.258319	1.400432	10.461760
30.310099	2.896031	3.169629	3.934315	14.485814
30.365934	2.818328	2.879864	4.301796	18.891947
30.455467	3.596756	4.537950	1.865248	11.312940
30.493427	3.083027	2.845791	4.071173	16.339603
30.508659	2.631577	2.718069	4.650336	14.450806
30.584667	2.364083	2.417931	5.217996	12.062663
30.613407	2.719316	2.395346	4.885314	15.725324
30.707624	4.566541	4.523226	0.910163	10.160628
30.784309	4.423661	3.026809	2.549520	11.777261
30.872284	4.103572	3.076344	2.820053	12.320475
30.940102	3.926234	2.299353	3.774390	12.701077
30.953568	3.532568	3.390998	3.076409	13.265751
31.030375	2.955635	2.793896	4.250458	13.323533
31.044672	2.829161	2.913797	4.257030	13.572333
31.076698	4.238988	4.508725	1.252231	12.228501
31.097303	2.698986	3.550074	3.750926	13.605352
31.132755	2.259579	3.766519	3.973876	13.567815
31.233982	4.319373	4.033700	1.646896	10.633986
31.255556	2.867884	2.085827	5.046238	13.127440
31.260382	4.784049	3.745658	1.470243	10.062900
31.378670	2.331205	2.309465	5.359301	13.508372
31.438265	3.781408	3.714156	2.504421	11.340443
31.506712	2.806203	2.660052	4.533706	18.912966
31.535332	3.735808	4.049023	2.215115	10.697682
31.645529	2.783677	3.059522	4.156772	15.612518
31.687469	4.432876	4.986726	0.580318	12.305201
31.721218	2.913499	5.078460	2.008018	10.505507
31.752659	2.891080	3.041089	4.067811	12.204494
31.804344	2.349591	2.321321	5.329060	17.730558
32.015446	3.798469	3.512024	2.689489	15.104525
32.105091	4.369012	5.588758	0.042150	12.239507
32.129368	3.447561	3.659565	2.892834	11.997931
32.140610	3.388512	2.666733	3.944734	13.923716
32.186913	3.424915	4.016426	2.558633	10.951044
32.286732	2.812814	2.526293	4.660886	16.287952
32.350262	4.060652	3.738239	2.201080	13.844039
32.356506	3.237710	2.916580	3.845700	13.701950
32.414925	2.865781	2.549072	4.585156	13.675216
32.516197	4.027920	2.893335	3.078709	12.120152
32.561878	4.050436	3.916806	2.032721	12.240337
32.632812	3.378459	3.125625	3.495895	13.012274
32.685749	4.149929	2.626338	3.223726	12.178482
32.749557	3.016618	2.235812	4.747568	14.664966
32.767220	2.933920	3.145972	3.920089	13.017525
32.831810	3.306561	3.678959	3.014478	12.409601
32.888390	2.351429	3.015459	4.633094	16.984297
32.921280	2.323823	2.214887	5.461294	15.905418
32.980457	3.225468	3.266961	3.507540	14.712420
33.044697	2.344316	4.527348	3.128316	11.916848
33.095802	3.072560	2.464522	4.462892	14.654451
33.177811	2.390101	2.605191	5.004699	13.733829
33.273003	2.711494	2.619682	4.668803	15.006516
33.283840	4.910993	3.428041	1.660933	12.947035
33.318188	2.818856	2.592744	4.588385	12.959052
33.409225	3.913013	2.896995	3.189974	14.040325
33.430885	3.550303	3.561192	2.888477	13.712523
33.453159	2.772769	2.402493	4.824730	15.881821
33.457329	3.335174	4.656376	2.008434	13.019349
33.500954	3.260807	3.305161	3.434003	12.702415
33.595417	2.860975	3.491543	3.647480	14.470224
33.623524	3.066422	3.404241	3.529318	17.217457
33.637943	4.917630	4.426597	0.655709	12.315815
33.788033	2.936760	4.180885	2.882340	15.707358
33.800282	3.876131	5.272834	0.851009	12.561668
33.850132	3.023759	2.653589	4.322640	15.654643
33.855587	4.213149	4.423810	1.362998	12.618744
33.921093	2.408555	2.238630	5.352812	19.419174
33.987686	3.635370	4.663344	1.701223	13.073050
34.013115	2.795962	2.589281	4.614748	22.957916
34.094013	3.377071	2.239361	4.383560	13.501098
34.150791	3.253770	3.186049	3.560173	20.096485
34.214836	2.497615	3.189316	4.313046	13.959795
34.289658	3.926482	3.593038	2.480428	13.255345
34.305565	2.881493	2.538314	4.580170	15.781179
34.343754	4.558169	4.478061	0.963727	12.092016
34.397888	3.401856	2.990495	3.607623	13.758886
34.480083	3.169095	2.674418	4.156490	13.814302
34.510754	4.168922	2.858020	2.973037	14.821473
34.522919	2.697292	2.824400	4.478270	14.880601
34.604679	3.495625	3.307624	3.196728	15.158989
34.650188	4.240441	4.555569	1.203923	14.212690
34.736446	2.775819	3.703128	3.521033	15.049707
34.749172	2.840520	3.477556	3.681907	15.136943
34.800541	4.274992	4.007750	1.717228	12.530161
34.854729	2.806585	2.010890	5.182522	15.850630
34.957855	4.523548	3.937239	1.539177	11.893967
35.044262	2.333769	2.314350	5.351870	15.127437
35.085976	3.845609	3.555598	2.598764	13.318536
35.108234	2.808532	2.853375	4.338069	22.686089
35.174301	3.219378	3.437269	3.343312	13.803250
35.190395	3.226968	3.748775	3.024227	13.463800
35.265038	2.874211	3.104269	4.021505	18.225388
35.281380	4.444249	4.996158	0.559521	14.259910
35.421181	3.532762	4.475209	1.991989	12.060953
35.434113	2.324642	2.273247	5.402101	19.381104
35.579796	3.345942	3.633127	3.020888	14.499233
35.694096	3.526171	3.682015	2.791796	17.090883
35.707287	4.396211	5.568719	0.034984	14.180238
35.800484	3.554707	2.595031	3.850224	15.541033
35.848358	2.933151	2.626413	4.440437	17.281477
35.887905	2.706528	3.342525	3.950944	15.662066
35.917358	3.741368	3.827209	2.431380	12.532838
35.988258	4.086006	3.558589	2.355390	15.597281
36.010311	3.585474	3.551337	2.863169	14.378966
36.054298	2.974870	2.384334	4.640783	15.885373
36.117443	4.037846	4.003028	1.959103	14.226400
36.234440	3.587808	3.046556	3.365618	14.066913
36.317966	2.636566	2.196514	5.166887	15.846216
36.325897	3.653854	3.531459	2.814645	14.201100
36.391281	2.957456	2.927056	4.115453	16.064613
36.419083	2.231144	2.035229	5.733619	18.132349
36.511631	2.548548	2.871145	4.580282	18.305880
36.574070	3.755666	3.090891	3.153407	13.156969
36.591854	3.459695	2.977844	3.562428	16.964586
36.621956	2.934459	2.652943	4.412568	17.590031
36.749607	2.681527	2.381427	4.937012	16.420670
36.824726	2.479056	2.889153	4.631767	16.739101
36.829746	2.475444	3.847113	3.677442	14.972116
36.854046	4.555295	3.484609	1.960063	14.790524
36.886505	2.869869	2.531394	4.598718	14.788529
36.978893	2.915999	2.547681	4.536320	18.274998
37.050053	3.752274	4.719573	1.528113	14.797272
37.055260	3.395396	2.947447	3.657142	16.498995
37.084724	3.731152	3.778719	2.490100	15.808503
37.117916	2.960666	2.970004	4.069290	17.333027
37.239693	3.323713	3.094706	3.581541	15.786681
37.252426	4.834111	4.438863	0.726971	14.347039
37.378994	4.080704	4.649542	1.269701	15.015102
37.380112	2.812453	3.719517	3.468004	14.312926
37.400742	3.091147	2.735472	4.173337	19.058197
37.409569	2.944834	4.140180	2.914943	17.836374
37.425198	3.981758	5.018740	0.999457	14.291118
37.533348	2.455741	2.260026	5.284190	20.828348
37.534527	3.636683	4.600018	1.763266	15.112798
37.659027	2.866972	2.789224	4.343794	26.684620
37.757568	3.398352	2.267423	4.334212	17.551765
37.771862	3.908353	3.750756	2.340866	15.136016
37.793888	3.318727	2.992003	3.689253	19.875561
37.847435	3.150651	3.339156	3.510164	16.695740
37.861088	2.540737	2.784993	4.674266	18.728857
37.960499	3.016488	2.781438	4.202055	15.344232
37.985249	4.498849	4.478951	1.022130	14.045387
38.088043	3.386239	2.243622	4.370135	15.178553
38.151581	4.372025	2.742453	2.885483	16.981052
38.220913	3.529357	3.227728	3.242911	16.879721
38.227066	4.196737	4.524504	1.278701	16.192202
38.239380	2.488833	3.334087	4.177079	14.149741
38.362640	3.718356	3.756950	2.524684	15.465950
38.385040	3.436298	4.123857	2.439827	15.284260
38.413773	2.892652	3.352310	3.755032	16.783310
38.460381	2.628204	2.040200	5.331571	18.299423
38.605553	3.066355	3.035178	3.898458	16.976698
38.642818	4.304173	4.059182	1.636624	13.820292
38.715775	2.370171	2.333847	5.295984	16.789789
38.731434	3.637665	3.708943	2.653392	15.309366
38.747498	2.746701	2.890371	4.362905	25.047142
38.783836	3.548140	4.032759	2.419068	14.771749
38.876507	4.450419	5.006873	0.542600	16.205227
38.912403	2.934330	3.043222	4.022421	20.460012
39.052349	2.317761	2.269188	5.413054	20.866375
39.075600	3.378957	3.695739	2.925279	15.828353
39.155624	3.560480	4.272456	2.167017	13.955608
39.273586	3.607945	2.890881	3.501177	16.603365
39.312080	4.419294	5.549545	0.031082	16.118893
39.374859	3.538869	3.579005	2.882107	19.110136
39.379547	2.898777	2.603491	4.497674	17.581005
39.474617	3.493907	3.618952	2.887130	16.440958
39.506733	2.993037	2.887568	4.119402	17.730249
39.592762	4.118479	3.508566	2.372918	16.704294
39.656139	3.490065	4.159097	2.350799	16.586693
39.680557	4.000575	4.057871	1.941528	16.205378
39.686443	2.999838	2.373868	4.626285	18.090706
39.820976	2.628102	2.484830	4.887072	17.927929
39.843281	3.568747	3.074363	3.356876	15.482931
39.902664	2.346098	2.131674	5.522216	20.525444
39.912395	3.565947	3.615466	2.818563	15.143986
40.040428	2.986209	2.674418	4.339358	18.981474
40.088413	2.632009	3.003265	4.364714	18.447250
40.148815	2.877745	2.733950	4.388298	19.983128
40.184700	3.285939	3.073148	3.640918	19.966562
40.297329	2.597175	1.905697	5.497118	19.920515
40.376587	3.037213	2.695621	4.267118	17.230618
40.381851	3.150717	2.849473	3.999785	16.506256
40.399410	4.328748	3.672016	1.999207	16.564400
40.436211	2.940109	2.457442	4.602436	16.756060
40.540745	2.848624	3.553639	3.597721	18.197357
40.583561	2.987397	2.765666	4.246921	19.292486
40.648552	2.694135	3.078424	4.227377	20.431356
40.680046	4.122588	4.519404	1.357962	16.517920
40.712955	3.353807	3.277226	3.368934	17.729374
40.732632	3.830318	3.694521	2.475140	17.810562
40.861835	4.700986	4.412921	0.886042	16.592848
40.936806	3.536697	3.621626	2.841658	17.121956
40.936951	3.867823	4.077870	2.054293	17.183273
40.976330	3.075028	2.637981	4.286961	20.037008
41.012470	2.983171	4.128147	2.888657	19.963551
41.018559	3.923016	5.250676	0.826257	16.102570
41.084572	2.883644	3.423540	3.692761	16.425838
41.097683	3.814720	4.809981	1.375235	16.416264
41.158127	2.373124	2.092544	5.534311	23.844952
41.269741	3.268432	2.488144	4.243416	22.118437
41.271568	3.954417	3.848569	2.196989	16.912382
41.313992	2.857195	2.842593	4.300175	26.528610
41.324020	3.348690	3.126263	3.525016	17.082140
41.433838	3.085579	3.407751	3.506636	23.450306
41.490627	2.601975	2.488131	4.909876	21.444460
41.593475	3.051320	2.843061	4.105599	16.605480
41.625431	4.433538	4.491117	1.075275	15.986418
41.777901	4.224085	2.748962	3.026903	18.656885
41.809044	4.246905	4.625962	1.127051	18.152905
41.821655	3.496599	3.301304	3.202086	18.908407
41.913666	3.286063	2.171061	4.542856	17.964344
41.951679	4.341886	3.868382	1.789704	16.389091
42.012444	3.114807	3.724552	3.160623	18.162731
42.036499	2.653234	2.157256	5.189464	20.051809
42.047382	3.077577	2.838060	4.084333	18.596779
42.080383	2.930779	3.299788	3.769413	19.162926
42.144245	2.243581	3.305851	4.450553	15.309986
42.309498	4.146225	4.139065	1.714655	15.804919
42.316700	3.549554	3.690842	2.759575	17.978050
42.363098	2.550245	2.425442	5.024271	19.627640
42.381809	3.614599	4.060183	2.325182	16.323616
42.388897	2.617606	2.914613	4.467750	26.245033
42.474731	4.453956	5.015277	0.530689	18.144453
42.566128	2.995287	2.978478	4.026211	22.379042
42.641411	3.289958	3.825826	2.884177	17.240837
42.648731	2.425060	2.331810	5.243103	22.905819
42.748104	3.462250	3.050013	3.487701	17.959492
42.865292	3.703768	4.006861	2.289339	15.830471
42.916077	4.438508	5.532960	0.028429	18.059134
42.939667	2.634745	2.446659	4.918552	16.539316
42.944809	3.884503	3.278623	2.836833	18.586197
43.052753	3.265465	3.971237	2.763283	21.439978
43.135239	3.024647	2.735025	4.240309	20.237818
43.202858	4.251070	3.379696	2.369182	18.952280
43.249195	4.068429	4.087185	1.844323	18.169020
43.288437	3.120126	2.192493	4.687353	19.262589
43.292358	3.308905	4.333202	2.357843	19.234707
43.358650	2.579852	2.819630	4.600491	19.912973
43.420589	2.438781	2.313002	5.248207	23.515146
43.441593	3.527227	3.126608	3.346127	17.174406
43.565605	3.489405	3.554470	2.956093	16.116894
43.603973	2.989782	2.815288	4.194918	20.393658
43.655216	2.775714	2.976665	4.247613	22.031656
43.696350	2.897697	2.605910	4.496386	20.709227
43.770916	3.288188	3.097864	3.613935	22.124969
43.796066	2.340446	1.803177	5.856369	22.374409
43.956852	4.266985	3.837896	1.895074	18.411575
43.981796	3.026994	2.535738	4.437263	18.293232
43.994968	2.431891	2.684140	4.883964	22.297327
44.110996	3.350090	2.912593	3.737283	20.526155
44.122826	2.930249	3.053697	4.016047	20.220427
44.176754	3.185891	3.216028	3.598049	17.215017
44.312267	4.384004	4.342060	1.273908	18.212198
44.315117	2.852275	2.896059	4.251591	23.276672
44.365784	4.053421	3.584758	2.361802	20.020945
44.408176	3.365595	3.209418	3.424982	19.951519
44.461891	4.323171	4.326399	1.350379	19.562986
44.501293	2.896283	2.631185	4.472500	19.190731
44.503021	4.344012	4.669021	0.986899	18.564169
44.598904	3.230844	3.592901	3.176229	19.803143
44.609344	3.086804	3.888984	3.024174	20.978775
44.620594	3.948315	5.257206	0.794400	18.012032
44.664425	2.998124	3.351542	3.650281	18.785221
44.675632	3.882725	4.844757	1.272471	18.187160
44.791973	2.379295	2.088343	5.532333	26.276188
44.798374	4.009288	3.906511	2.084184	18.553488
44.827171	3.376823	2.653039	3.970179	26.018501
44.902325	3.146713	3.020609	3.832652	17.159918
44.952763	2.749406	2.758778	4.491813	27.798025
45.083488	3.069577	3.422682	3.507747	26.404140
45.104862	2.649079	2.503399	4.847500	25.229597
45.257988	4.373027	4.508271	1.118655	17.905176
45.333473	3.519312	2.663138	3.817525	17.945299
45.391434	3.529449	2.984601	3.485925	19.151669
45.397552	4.254994	4.648335	1.096592	20.141768
45.415215	3.453992	3.456421	3.089565	21.026293
45.540936	4.366401	3.905460	1.728116	18.217558
45.560669	2.717291	1.982188	5.300503	22.916498
45.571606	3.009618	2.706081	4.284282	23.188288
45.662457	3.255825	4.173826	2.570322	18.343904
45.704094	2.832550	2.478599	4.688835	20.881540
45.737305	3.195935	2.888277	3.915732	20.829679
45.880058	3.474172	3.631503	2.894303	20.433453
45.953644	3.203593	2.954087	3.842294	18.886938
45.954300	3.612991	3.567665	2.819311	18.395758
45.986603	3.499342	4.215533	2.285096	18.162451
46.010803	2.328135	2.758467	4.913379	18.237452
46.021107	2.572680	2.976022	4.451252	28.162903
46.075554	4.458096	5.017642	0.524183	20.074097
46.148132	2.611754	2.467215	4.921002	24.037994
46.199566	3.300054	3.071824	3.628097	21.724121
46.254520	3.336890	3.728743	2.934336	18.688049
46.267559	3.177710	2.999211	3.823060	21.910414
46.464516	3.855225	3.475914	2.668821	20.485178
46.521317	4.457269	5.516588	0.026027	20.001146
46.548161	3.668019	3.917397	2.414551	17.838688
46.623085	2.545460	2.293677	5.160852	17.838949
46.709057	3.401547	3.759806	2.838629	23.668968
46.716030	2.746703	2.673086	4.580178	23.857471
46.809097	4.255091	3.362562	2.382308	20.904448
46.827148	4.082605	4.145060	1.772287	20.124622
46.859737	2.998939	2.177266	4.823774	18.784069
46.896320	3.339312	4.326952	2.333683	21.484880
46.961273	2.704618	2.600602	4.694768	25.098083
46.989368	2.570220	2.688714	4.741045	22.698240
47.033173	3.503579	3.185153	3.311236	19.063356
47.144505	3.062988	2.813099	4.123905	22.030437
47.175900	2.829938	3.017748	4.152300	24.510979
47.230179	3.409986	3.511635	3.078339	17.853346
47.268005	2.831592	2.517495	4.650887	23.214685
47.291004	2.270406	1.894983	5.834594	24.259176
47.349339	3.294412	3.136248	3.569324	24.231508
47.539921	4.208960	3.926593	1.864404	20.172224
47.543407	2.971242	2.802895	4.225836	19.543591
47.626648	2.449120	2.492370	5.058488	25.623669
47.678715	3.139742	3.137768	3.722469	24.321085
47.716881	3.158411	3.056652	3.784908	21.381590
47.877369	3.273546	3.078387	3.648052	17.797100
47.928646	4.596536	4.232885	1.170530	20.017990
47.981045	2.870676	2.846008	4.283305	25.402481
47.981663	4.040162	3.580242	2.379563	22.220579
47.990059	2.826100	2.649447	4.524413	19.983435
48.055668	3.998643	4.344178	1.657138	22.182354
48.082489	3.544977	2.956009	3.498996	22.359976
48.098358	4.514232	4.763684	0.722032	19.939945
48.185284	3.114177	4.067704	2.818089	24.022650
48.221886	3.938612	5.280030	0.781313	19.939278
48.231117	3.351567	3.437874	3.210545	20.798925
48.251736	3.097376	3.466729	3.435884	20.470158
48.266808	3.942980	4.824429	1.232543	20.029943
48.368008	4.016391	3.951873	2.031701	20.143559
48.424908	2.398395	2.093852	5.507726	28.497726
48.451900	3.398165	2.664273	3.937541	28.897537
48.554253	2.899291	2.852567	4.248100	18.331774
48.563854	2.670143	2.650618	4.679219	25.661263
48.713387	2.784071	2.592302	4.623609	31.067713
48.732487	3.002663	3.422273	3.575029	29.147398
48.879250	4.321062	4.536334	1.142564	19.856934
48.946518	3.887269	2.984849	3.127856	20.375227
48.993904	4.261172	4.653429	1.085332	22.100906
49.003216	3.657164	3.496058	2.846746	24.197695
49.085365	2.598507	2.117727	5.283708	25.129948
49.101429	2.986577	2.683694	4.329698	23.636509
49.119804	2.751842	2.829988	4.418139	20.995710
49.136593	4.374115	3.938481	1.687349	20.063288
49.273937	3.587989	3.983962	2.428015	20.152493
49.398186	3.211025	2.817935	3.971008	22.606300
49.423573	2.675664	2.394467	4.929850	23.671181
49.478157	3.346781	3.640799	3.012391	22.368742
49.580135	3.905929	4.230499	1.863504	19.901796
49.580647	2.552097	2.209774	5.238123	26.703236
49.586750	3.501237	4.317616	2.181126	20.047619
49.615131	3.104664	2.761796	4.133536	22.218847
49.639141	2.620796	2.958601	4.420580	29.618582
49.680031	4.461668	5.015513	0.522721	21.999949
49.765347	3.521509	3.215676	3.262771	20.780468
49.792515	2.246720	2.443791	5.309484	17.767897
49.867058	3.391703	3.658245	2.950022	20.204037
49.896717	2.945810	2.837649	4.216531	26.444498
50.040466	3.858695	3.565636	2.575622	22.320347
50.125252	4.473199	5.501941	0.024738	21.943481
50.194164	3.617620	3.895060	2.487303	19.938009
50.229572	2.759578	2.628178	4.612225	26.790091
50.291882	2.941976	2.390274	4.667721	20.493082
50.360313	3.466431	3.642745	2.890810	25.532082
50.420338	4.155658	3.855530	1.988775	22.382753
50.423569	4.159297	3.724971	2.115664	22.682077
50.494152	3.387532	4.274588	2.337812	23.231358
50.501339	2.289325	2.051763	5.658900	20.458399
50.553738	2.560026	2.321257	5.118689	30.038647
50.589375	3.029034	2.978672	3.992264	21.025595
50.623360	3.505504	3.183225	3.311232	21.305634
50.692966	2.846300	3.152433	4.001245	26.349852
50.745609	3.038601	2.556887	4.404516	24.070871
50.804291	2.470208	2.258761	5.271006	25.469198
50.807747	2.559999	2.394559	5.045413	25.504662
50.869068	3.390725	3.478112	3.131134	19.907131
50.923286	3.307734	3.175563	3.516688	26.301134
51.113506	2.967719	2.987739	4.044527	21.100227
51.150761	4.140230	3.976889	1.882836	21.939600
51.205532	3.154770	3.218945	3.626267	26.425003
51.249382	2.465645	2.385380	5.148954	28.286097
51.384502	3.378286	3.021838	3.599849	23.198233
51.505028	2.785533	2.647526	4.566891	20.887129
51.519211	4.561977	4.223402	1.214570	22.341698
51.538181	3.211788	3.131618	3.656565	20.125895
51.574337	3.969197	3.635002	2.395754	24.076340
51.638287	2.892119	2.881050	4.226822	27.343061
51.662964	4.266146	4.321717	1.412049	23.459539
51.710255	4.324568	4.773424	0.901924	22.107327
51.738239	3.528212	2.908478	3.563301	24.546822
51.757511	3.213603	4.018375	2.767985	26.156015
51.827770	3.890462	5.349541	0.759944	21.875532
51.859894	3.276532	3.293590	3.429851	22.394024
51.869541	3.989546	4.748000	1.262384	21.932436
51.884647	3.297144	3.505915	3.196927	22.104107
51.981430	3.965786	3.974075	2.060110	21.870089
52.048683	2.431862	2.120427	5.447705	30.259291
52.088470	3.368173	2.567606	4.064196	30.842291
52.146774	2.655557	2.670130	4.674282	25.913532
52.205372	2.798431	2.759701	4.441844	20.106997
52.339436	2.819320	2.652326	4.528335	35.598743
52.372299	2.973483	3.401484	3.625023	31.432005
52.485863	4.284846	4.580261	1.134832	21.922430
52.531414	3.655189	3.085063	3.259740	23.301357
52.588921	3.663815	3.516140	2.820033	26.293570
52.596062	2.611323	2.239495	5.149140	27.149389
52.601730	4.265328	4.641482	1.093123	23.927673
52.672329	3.199829	2.755352	4.044791	26.408714
52.737762	4.376282	3.947169	1.676536	21.958635
52.798431	2.728324	2.724547	4.547112	21.533157
52.856869	3.660757	3.887406	2.451814	22.392454
53.023628	2.662649	2.385072	4.952293	28.425028
53.039024	3.135375	2.819702	4.044901	24.098127
53.116146	2.618931	2.287602	5.093435	25.776165
53.120415	3.340236	3.649011	3.010728	23.831539
53.183640	3.589378	4.272819	2.137751	22.025957
53.192120	3.752649	4.351474	1.895821	21.932537
53.239674	2.785879	2.844389	4.369695	31.943499
53.285797	4.466128	5.007971	0.525783	23.928608
53.288578	3.007540	2.810200	4.182230	22.887125
53.376400	3.475001	3.280581	3.244391	22.406229
53.453838	3.461454	3.625661	2.912848	22.416990
53.497211	2.237653	2.250499	5.511825	20.230934
53.545025	2.910483	2.798440	4.291041	28.512020
53.689247	3.793522	3.543828	2.662620	23.657339
53.718922	2.745950	2.697307	4.556698	29.618618
53.730858	4.481262	5.476767	0.041849	23.908546
53.798634	3.601887	3.933687	2.464407	22.187157
53.912674	3.131784	2.410974	4.457237	22.693684
54.001648	3.539068	3.525087	2.935845	27.195753
54.029610	4.101132	3.932503	1.966317	24.612820
54.032940	4.081325	3.829790	2.088835	24.808601
54.100391	3.484670	4.099736	2.415549	24.433769
54.131031	2.473416	2.272627	5.253932	32.705040
54.151730	2.473686	2.173433	5.352860	24.389999
54.172245	2.777999	2.791520	4.430415	22.492010
54.199135	3.204380	3.051895	3.743692	26.686089
54.233299	3.199710	3.359699	3.440570	24.926708
54.320980	2.862012	2.578032	4.559920	27.420780
54.334358	2.332921	1.944741	5.722324	25.756052
54.442989	2.821409	2.765954	4.412606	25.340639
54.477909	3.424768	3.452338	3.122856	22.142429
54.495075	3.323946	3.219947	3.456083	28.250618
54.693867	3.098788	3.036749	3.864448	24.089411
54.726948	3.086433	3.302714	3.610836	27.153990
54.782856	4.065478	3.994865	1.939629	23.747049
54.867954	2.481719	2.345070	5.173202	30.381264
55.019241	3.127403	2.827592	4.044982	24.311165
55.096821	4.455530	4.277497	1.266929	24.656591
55.140919	3.114738	2.716742	4.168492	23.161236
55.142162	3.717316	3.465886	2.816770	24.613314
55.158455	3.392477	3.432829	3.174681	23.708181
55.275169	4.629519	4.302983	1.067464	24.638580
55.296104	2.880619	2.946236	4.173101	28.850880
55.330215	3.312284	3.965957	2.721725	28.200245
55.336693	4.134127	4.726605	1.139191	24.345226
55.370777	3.392083	3.063247	3.544661	26.552893
55.433975	3.823953	5.433664	0.742305	23.822765
55.481106	4.007677	4.649310	1.342924	23.890520
55.514347	3.376712	3.079966	3.543303	23.830406
55.544510	3.269447	3.418040	3.312506	23.941334
55.626892	3.912366	3.955842	2.131769	23.718588
55.666500	2.524302	2.197247	5.278411	31.275171
55.710209	2.950364	2.293350	4.756258	30.512077
55.753990	2.986429	2.864226	4.149306	30.873032
55.821518	2.797309	2.779137	4.423530	22.365900
55.973969	2.819650	2.649433	4.530898	37.936462
56.003471	2.930506	3.387263	3.682198	33.692928
56.081284	4.265524	4.628824	1.105534	24.009266
56.097000	2.683895	2.324801	4.991306	29.070984
56.114479	3.330336	2.999670	3.669964	27.568729
56.172047	3.661418	3.571360	2.767189	28.279263
56.218845	4.257913	4.628157	1.113876	25.723093
56.285080	3.531244	2.824530	3.644199	25.951082
56.345741	4.356737	3.946926	1.696303	23.869417
56.400070	2.891491	2.783216	4.325263	23.984056
56.437740	3.502323	3.835361	2.662294	24.530666
56.488033	2.711696	2.442340	4.845943	30.450666
56.657696	3.085066	2.813813	4.101099	25.456324
56.755165	2.631649	2.276043	5.092304	27.413568
56.767323	3.454354	3.738932	2.806683	25.139877
56.784088	3.756818	4.218269	2.024881	24.126797
56.791492	3.526831	4.351510	2.121612	24.067751
56.835609	2.810232	2.854699	4.335045	33.805122
56.894173	4.465798	5.003407	0.530679	25.855671
57.001499	2.994269	2.715891	4.289810	24.156183
57.050491	3.447247	3.342803	3.209931	24.588453
57.055168	3.412845	3.487499	3.099588	24.505192
57.108891	2.264065	2.265382	5.470520	22.805494
57.191452	2.923923	2.743795	4.332263	31.059795
57.204254	2.753694	2.785433	4.460840	31.600721
57.334179	4.510422	5.466634	0.022804	25.826147
57.370564	3.750473	3.515153	2.734342	25.086763
57.372643	3.622715	3.945495	2.431751	24.523607
57.511997	2.890543	2.352797	4.756630	26.460817
57.625553	3.964950	3.791440	2.243576	27.924719
57.629883	3.642180	3.351812	3.005958	28.756893
57.653923	4.039623	4.141339	1.818959	25.638828
57.705727	2.501151	2.323411	5.175458	36.689114
57.722370	3.128551	3.025270	3.846154	27.191990
57.726318	3.558542	3.874762	2.566665	25.847343
57.743591	2.979990	2.974655	4.045352	27.276937
57.802547	2.333892	2.325266	5.340844	23.817837
57.813118	3.126665	2.752329	4.120996	28.613300
57.855515	3.145330	3.289116	3.565542	27.093903
57.890915	2.291977	1.861565	5.846457	26.428347
58.061768	3.439232	3.333858	3.226878	27.218782
58.069736	3.378210	3.377571	3.244183	27.336916
58.144863	2.860934	2.727182	4.411868	27.087315
58.232132	3.321469	3.244844	3.433679	30.271053
58.305882	2.913938	3.138363	3.947681	24.681276
58.428333	4.011832	3.980722	2.007389	25.611414
58.476971	2.501819	2.365357	5.132817	32.030392
58.631081	2.962220	2.676064	4.361710	25.586956
58.674789	4.359576	4.331665	1.308718	26.812057
58.716328	3.748677	3.583701	2.667589	26.815481
58.732090	3.340457	3.458053	3.201478	25.568714
58.878670	3.381921	2.521269	4.096781	26.645123
58.885803	4.810421	4.304750	0.884742	26.187912
58.902126	3.393126	3.922022	2.684834	30.218628
58.959572	2.742404	3.125472	4.132129	29.156328
58.966183	4.113386	4.669927	1.216645	26.324249
58.974117	3.322424	3.188526	3.489029	28.192635
59.041000	3.764859	5.468832	0.766243	25.778700
59.101189	3.994170	4.563951	1.441857	25.893705
59.180107	3.438190	3.061124	3.500669	25.776058
59.214867	3.077353	3.148320	3.774288	25.698267
59.277531	2.588518	2.246706	5.164775	32.739666
59.287788	3.871962	3.913000	2.214993	25.620682
59.318928	2.695196	2.242162	5.062569	32.281910
59.395798	3.170168	2.834400	3.995415	34.130764
59.424625	2.905298	2.892009	4.202687	24.629414
59.608658	2.826895	2.628397	4.544692	38.677868
59.611504	2.706827	2.410576	4.882574	31.177414
59.625004	2.862657	3.372394	3.764938	36.052555
59.671486	4.255562	4.672325	1.072020	26.035616
59.683338	3.194646	2.957806	3.847554	31.033749
59.753086	3.662404	3.616944	2.720630	30.243101
59.838417	4.241415	4.617437	1.141096	27.579285
59.921379	3.611737	2.685042	3.703206	26.412708
59.952980	3.902729	3.397954	2.699289	25.954645
59.965614	2.742562	2.468540	4.788837	32.799938
59.968460	3.652382	3.595719	2.751866	25.965307
60.036579	3.269801	3.734365	2.995796	26.453781
60.260967	3.076210	2.850811	4.072956	27.128004
60.370274	3.883543	4.330075	1.786337	25.990435
60.378902	2.661264	2.293883	5.044821	28.841290
60.387592	3.477233	4.237843	2.284895	26.136751
60.406696	3.481505	3.768216	2.750254	26.892105
60.423340	2.874959	2.877017	4.248013	34.940193
60.502819	4.470039	4.991939	0.537959	27.784346
60.642830	2.417527	2.281536	5.300930	25.686316
60.683708	2.935428	2.789082	4.275458	33.402744
60.684364	3.311453	3.439803	3.248715	27.462492
60.735680	2.840758	2.654494	4.504716	26.138323
60.765396	3.234220	3.255721	3.510049	27.484400
60.841930	2.933133	2.790273	4.276565	32.262295
60.928005	3.649534	4.057542	2.292864	26.581144
60.939255	4.528959	5.448974	0.021960	27.768570
61.062164	3.736165	3.363437	2.900366	26.903336
61.082104	2.660078	2.291375	5.048530	30.193556
61.213776	3.912368	3.925581	2.162027	29.899208
61.228447	3.609022	2.910633	3.480319	31.076717
61.266998	2.512865	2.343336	5.143785	39.028641
61.281494	4.008494	4.125466	1.865974	27.495071
61.297768	3.032846	3.777093	3.190015	30.003414
61.328571	3.145144	2.689623	4.165214	27.233095
61.334106	3.045285	2.737950	4.216732	31.023970
61.355328	3.561275	3.837068	2.601630	27.564531
61.400093	2.066069	2.079067	5.854826	25.395153
61.467770	3.359502	3.377140	3.263320	28.815128
61.511265	2.682104	2.181161	5.136720	27.209330
61.637363	3.454325	3.304775	3.240856	30.549881
61.648178	3.434618	3.450554	3.114807	28.142204
61.755978	3.346596	3.308401	3.344972	32.196228
61.836864	2.834261	2.688608	4.477121	29.063377
61.917221	2.910111	3.067031	4.022827	26.406881
62.077530	2.524101	2.386217	5.089644	33.693295
62.078487	3.989791	3.942815	2.067341	27.527630
62.257645	4.280619	4.366850	1.352486	28.853355
62.273010	3.210636	3.331270	3.458064	26.771662
62.288754	2.872784	2.555310	4.571882	27.265631
62.298843	3.888235	3.846864	2.264865	29.636694
62.477329	3.456177	3.899044	2.644748	32.213921
62.494621	4.903964	4.328102	0.767860	27.939674
62.551506	3.317573	3.238292	3.444104	29.681286
62.577053	3.315113	2.522099	4.162766	31.305893
62.594318	4.162118	4.708318	1.129487	28.145798
62.650761	3.746320	5.381724	0.871873	27.744459
62.682613	2.781168	3.007271	4.211543	27.897530
62.727619	3.945427	4.511106	1.543409	27.931885
62.805992	3.213985	3.057714	3.728287	28.053015
62.883503	2.492726	2.182844	5.324429	35.960785
62.895897	3.031544	2.913794	4.054620	27.512039
62.918423	2.765104	2.329994	4.904886	33.959045
62.954319	3.836082	3.863992	2.299893	27.548700
63.043831	3.202728	2.789690	4.007560	36.162258
63.056984	3.083324	3.044092	3.872550	26.790133
63.136879	2.747878	2.468878	4.783229	32.742851
63.233440	2.913859	2.982383	4.103728	38.137569
63.241539	2.722885	2.978599	4.298504	38.630604
63.249313	3.125587	2.988425	3.885961	33.951973
63.260120	4.245880	4.713391	1.040598	28.004154
63.334854	3.669575	3.652155	2.678231	32.183651
63.458366	4.227500	4.606585	1.165814	29.487059
63.470486	2.752820	2.478182	4.768933	35.936424
63.474133	3.030792	2.657883	4.311280	28.015570
63.559914	4.212402	3.391933	2.395622	28.197401
63.586243	4.082376	3.986305	1.931284	27.867643
63.688507	3.144680	3.319238	3.536066	27.869759
63.855026	3.082558	2.917688	3.999737	28.959541
63.949932	3.871773	4.444852	1.683328	27.977539
63.985825	2.678905	2.315749	5.005379	30.214846
63.995243	3.503193	4.196774	2.299972	28.025774
64.004097	2.979529	2.913777	4.106674	35.480278
64.016113	3.559399	3.723423	2.717152	28.785496
64.113342	4.472303	4.979414	0.548169	29.714167
64.142487	2.491452	2.382996	5.125522	28.295815
64.185074	2.795653	2.716625	4.487702	37.727020
64.345467	3.292015	3.502458	3.205514	28.373863
64.440742	2.700871	2.444156	4.854978	29.022650
64.456245	3.095258	2.967094	3.937632	32.642776
64.475143	3.669564	4.117510	2.212870	28.647673
64.503395	3.121172	2.989033	3.889778	31.914339
64.544312	4.548687	5.430943	0.020291	29.711531
64.658760	2.599040	2.295717	5.105246	32.472046
64.748924	3.792176	3.178979	3.028831	28.970343
64.794609	3.326294	2.965383	3.708311	32.926346
64.801239	3.891628	3.969663	2.138662	31.839266
64.819717	2.543096	2.373929	5.082954	41.183769
64.864235	3.116196	2.761937	4.121857	32.775185
64.901001	3.134427	3.533650	3.331889	30.292446
64.908173	3.886504	3.985322	2.128162	29.314713
64.911621	2.760290	2.558522	4.681124	28.441538
64.954201	2.711410	2.813221	4.475322	28.374249
64.967346	3.534034	3.839642	2.626302	29.322420
65.094521	3.367823	3.387479	3.244683	31.892891
65.216248	3.426549	3.299025	3.274403	33.824696
65.225021	2.725870	2.178351	5.095781	27.845016
65.234741	3.510133	3.497052	2.992794	28.998852
65.291908	3.365760	3.332628	3.301588	33.572834
65.500351	2.820711	2.675135	4.504134	30.824301
65.536125	2.880238	2.992803	4.126953	28.554771
65.672585	2.537055	2.388231	5.074679	35.749313
65.727165	4.015347	3.890637	2.093976	29.504242
65.806847	3.164909	3.372900	3.462181	28.639635
65.846016	4.179701	4.411797	1.408452	30.827106
65.877518	3.952713	3.924118	2.123128	31.741009
65.978310	2.803264	2.474957	4.721768	28.861109
66.055763	3.504869	3.884806	2.610284	34.172417
66.103348	4.904726	4.317870	0.777351	29.823965
66.106209	3.354552	3.292873	3.352538	31.127125
66.215408	4.151877	4.890477	0.957575	29.943945
66.237976	3.174258	2.617979	4.207752	32.728092
66.265709	3.818412	5.128811	1.052710	29.710688
66.355705	3.895709	4.470581	1.633656	29.983130
66.388969	3.111893	3.003770	3.884325	30.264027
66.438110	2.899621	2.782990	4.317383	30.024115
66.486481	2.339849	2.094287	5.565843	39.514175
66.516197	2.950375	2.466987	4.582610	36.024647
66.559212	2.955449	2.905965	4.138552	29.574986
66.620674	3.804695	3.814065	2.381230	29.496054
66.676353	2.792553	2.524747	4.682678	34.608570
66.692474	3.207280	2.713898	4.078799	37.668514
66.725388	3.167052	3.110533	3.722404	28.782253
66.818718	3.143284	2.989035	3.867675	36.091412
66.841377	2.841453	3.324624	3.833890	39.576336
66.848183	4.221760	4.735087	1.043048	30.007669
66.859016	2.679255	2.642101	4.678607	37.383465
66.920387	3.678689	3.679389	2.641889	34.098717
67.005890	2.754091	2.488183	4.757707	40.812553
67.018257	3.010355	2.659486	4.330148	29.731083
67.077057	4.217282	4.598497	1.184157	31.427780
67.165581	4.039483	3.431196	2.529293	30.423132
67.203850	4.215712	4.058774	1.725464	29.665674
67.374435	3.229405	3.055915	3.714665	29.605146
67.445786	3.051748	3.022207	3.926033	30.779505
67.526230	3.845445	4.530309	1.624181	29.962053
67.567612	2.807652	2.490852	4.701485	32.455048
67.576477	2.981020	2.792446	4.226489	34.347672
67.603416	3.560724	4.127571	2.311671	29.976482
67.617424	3.592547	3.739572	2.667818	30.639692
67.627716	2.561195	2.448171	4.990616	30.394333
67.700912	2.772313	2.762844	4.464808	42.048603
67.722511	4.475720	4.968205	0.555920	31.653572
68.014778	3.560060	3.837163	2.602757	30.499454
68.022293	3.361071	3.790478	2.848435	30.414021
68.081146	2.527310	2.230792	5.241877	32.366100
68.107590	2.916477	2.758225	4.325263	36.970039
68.148674	4.568631	5.411874	0.019345	31.652960
68.177979	3.302687	3.150883	3.546412	33.687466
68.249619	2.522387	2.219469	5.258113	34.249714
68.339851	3.283676	2.895090	3.821210	35.022800
68.362190	2.580495	2.410211	5.009264	43.294086
68.390816	3.893006	4.000177	2.106742	33.743507
68.426277	3.778614	3.053680	3.167661	31.169838
68.451614	3.231670	2.849216	3.919091	32.280704
68.496887	2.608136	2.255608	5.136233	29.074348
68.517319	3.152020	3.877611	2.970344	32.042637
68.531120	3.916802	4.019049	2.064090	31.268482
68.553284	3.553193	3.890140	2.556640	31.096125
68.556961	2.896285	3.020889	4.082793	30.457010
68.721176	3.356875	3.431266	3.211840	35.710396
68.799927	3.404994	3.328731	3.266232	36.232307
68.841118	3.533556	3.503959	2.962460	30.743290
68.843628	3.370181	3.330883	3.298906	34.001007
68.964401	2.704855	2.123417	5.171710	29.330341
69.135208	2.825530	2.707538	4.466911	32.229916
69.156326	2.854138	2.895606	4.250243	31.006289
69.262733	2.551805	2.390988	5.057178	37.970055
69.330833	3.212046	3.431078	3.356838	30.687502
69.369606	4.108799	3.886202	2.004965	31.651279
69.442291	4.015194	4.403821	1.580931	32.651524
69.462097	3.937743	3.973817	2.088390	33.605518
69.636658	3.481996	3.621935	2.896033	34.802067
69.645500	3.371090	3.536294	3.092588	34.005676
69.686211	2.743783	2.418908	4.837297	30.551844
69.712227	4.963503	4.366447	0.669995	31.684362
69.828835	4.084899	5.098996	0.816049	31.789293
69.886047	3.421688	3.494573	3.083703	32.710381
69.888313	3.616202	3.979685	2.404076	32.315781
69.959908	3.105161	3.027312	3.867489	32.502258
69.984138	3.854762	4.434908	1.710284	32.028732
70.074379	2.259096	2.045336	5.695572	42.319813
70.111053	3.180984	2.542283	4.276703	39.057571
70.155876	3.108999	2.769388	4.121587	32.292118
70.190521	2.743304	2.904636	4.352021	33.575619
70.234917	2.808266	2.571120	4.620597	35.992138
70.283638	3.774329	3.767545	2.458090	31.469213
70.340500	3.212662	2.593503	4.193820	38.345104
70.398109	3.137797	3.028413	3.833765	37.433868
70.407692	3.176174	3.073789	3.750008	31.592936
70.436943	4.208785	4.787638	1.003499	31.923649
70.445129	2.733486	3.475978	3.790529	41.530762
70.459488	2.648694	2.447134	4.904164	34.304817
70.509644	3.685087	3.700828	2.614036	35.998447
70.581474	2.754036	2.516448	4.729482	46.887920
70.604980	2.966031	2.606701	4.427233	31.225121
70.693344	4.207404	4.591613	1.200916	33.386833
70.768013	3.906335	3.479280	2.614349	32.536442
70.827072	4.319140	4.015540	1.665260	31.515581
71.018883	3.268363	2.930524	3.801093	32.872059
71.076752	3.044010	3.030019	3.925964	31.395197
71.096764	2.749668	2.658567	4.591743	32.256104
71.100296	3.805209	4.618653	1.576063	31.921415
71.136635	2.697627	2.358139	4.944192	33.297443
71.152237	3.073951	2.887818	4.038201	35.668694
71.212494	3.671138	3.813249	2.515574	32.250912
71.216774	3.552727	4.000721	2.446512	32.216568
71.241524	2.748880	2.783216	4.467883	45.517178
71.332253	4.480926	4.955666	0.563324	33.591991
71.558762	3.698021	4.233043	2.068900	32.602165
71.671127	2.412177	2.099082	5.488712	33.460064
71.693436	3.189288	3.406962	3.403712	32.175854
71.735657	2.851996	2.685291	4.462693	40.039516
71.752190	4.588345	5.392728	0.018712	33.593147
71.796783	2.537888	2.221497	5.240590	37.487545
71.824303	3.351626	3.187190	3.461177	36.870758
71.893272	3.254720	2.969579	3.775676	36.506615
71.900261	2.630351	2.459562	4.910052	45.430859
71.982765	3.894285	4.018128	2.087520	35.661411
72.068298	3.845338	3.046678	3.107940	33.400440
72.096817	3.376880	2.831766	3.791338	32.784893
72.106369	3.571515	3.781091	2.647375	32.978165
72.146751	3.181883	3.760551	3.057532	33.011688
72.162193	3.857594	4.072568	2.069785	33.215584
72.164017	2.955393	2.902512	4.142051	32.244453
72.202103	2.469200	2.541716	4.989059	30.874382
72.336128	3.343309	3.499347	3.157306	39.928650
72.387970	3.406367	3.353177	3.240418	38.188213
72.428413	3.351595	3.313081	3.335295	33.686382
72.464401	3.501762	3.505888	2.992314	32.814266
72.700935	2.739213	2.073630	5.187134	31.465702
72.753464	2.725608	2.708677	4.565691	33.819462
72.772545	2.883695	2.846811	4.269473	32.927914
72.850151	2.594756	2.437521	4.967686	39.950104
72.853157	3.195115	3.477159	3.327707	32.938419
72.994263	4.314157	4.006592	1.679205	34.118401
73.048248	3.945650	4.029777	2.024532	35.322262
73.057007	3.761382	4.234791	2.003774	34.302681
73.164955	3.310706	3.308175	3.381074	34.337769
73.229568	3.565553	3.867469	2.566951	38.001163
73.321465	4.966383	4.398411	0.635119	33.592983
73.395744	2.696234	2.376092	4.927665	32.344158
73.437599	4.038877	5.195446	0.765597	33.701839
73.510391	3.295929	3.167598	3.536452	34.142365
73.515495	3.792142	4.113713	2.094033	33.761444
73.527145	3.139736	3.065606	3.794621	34.752693
73.610664	3.827302	4.401364	1.771287	34.070484
73.659462	2.246990	2.058433	5.694527	44.518627
73.717049	3.098966	2.927457	3.973549	34.400242
73.728058	3.198967	2.642499	4.158478	41.537476
73.804565	2.834726	2.566427	4.598808	38.152191
73.881149	3.042310	2.773893	4.183766	39.548290
73.939857	3.744707	3.726852	2.528414	33.473846
73.988602	3.147573	2.732662	4.119740	39.200302
73.991158	3.116435	2.866100	4.017447	39.583763
74.027641	4.203352	4.840359	0.956112	33.744999
74.050468	2.641328	3.178614	4.180025	40.491798
74.062683	2.586519	2.592658	4.820803	35.125572
74.084229	3.141296	3.057536	3.801141	32.802013
74.102798	3.689158	3.715592	2.595197	37.879726
74.181801	2.750273	2.531269	4.718441	50.717804
74.238701	2.869913	2.548615	4.581441	32.876343
74.308090	4.204329	4.581839	1.213751	35.358501
74.371437	3.829261	3.507599	2.663111	34.578438
74.452965	4.403120	3.946668	1.650157	33.416862
74.592949	2.704062	2.567120	4.728787	33.724182
74.604973	3.220564	3.028090	3.751317	35.035275
74.675323	3.288182	3.659373	3.052454	34.480808
74.677216	3.194547	3.443093	3.362327	34.605652
74.713058	3.111310	2.961948	3.926727	39.258965
74.758011	3.171083	2.983541	3.845357	33.341068
74.810417	2.820674	2.821999	4.357291	46.063980
74.818489	3.586033	3.670303	2.743624	34.362160
74.828308	3.634571	4.058458	2.306925	33.908836
74.941483	4.483373	4.945845	0.570743	35.533520
75.103378	3.687832	4.304654	2.007455	34.522457
75.214279	2.390627	2.072512	5.536828	34.570187
75.329483	2.887747	2.700079	4.412153	42.415188
75.357018	4.607809	5.372878	0.019082	35.541428
75.361488	3.163730	3.353455	3.482792	34.118366
75.376732	2.577427	2.258272	5.164266	40.360317
75.437569	2.679738	2.507073	4.813170	47.445927
75.454163	3.337485	3.181968	3.480523	39.490574
75.480606	3.223319	2.978174	3.798468	37.899342
75.578293	3.895520	4.031127	2.073278	37.578632
75.659225	3.649887	3.842736	2.507337	34.708435
75.680099	3.749789	3.434114	2.816071	36.136398
75.742142	3.361086	2.583672	4.055223	34.487579
75.782135	3.919907	4.117793	1.962246	35.238804
75.795914	3.276548	3.511826	3.211594	34.668724
75.814926	2.868844	2.993637	4.137500	34.079025
75.921646	2.451157	2.295463	5.253343	32.525269
75.936508	3.309252	3.540916	3.149794	41.812351
75.982895	3.415259	3.363873	3.220825	40.078800
76.047279	3.318615	3.336637	3.344709	35.118538
76.091690	3.459696	3.505289	3.034995	34.915268
76.343452	2.894161	2.632958	4.472865	36.412045
76.375458	3.244909	3.475399	3.279665	34.669521
76.384407	2.930914	2.924992	4.144076	34.768215
76.431221	2.594788	2.371451	5.033733	41.544064
76.442734	2.495959	2.164986	5.339057	33.687130
76.603638	4.365703	4.163760	1.470465	36.423611
76.643036	3.934395	4.014278	2.051295	37.407200
76.681328	3.672933	4.098212	2.228787	35.749996
76.684784	3.300320	3.347952	3.351689	36.008255
76.825073	3.590149	3.857329	2.552496	39.909328
76.930275	4.954534	4.441367	0.604037	35.511005
77.044838	4.028841	5.210994	0.760088	35.634624
77.091652	2.828802	2.421447	4.749720	34.901085
77.097153	3.173071	3.091691	3.735203	36.975594
77.112350	2.845335	2.587265	4.567352	35.775993
77.133163	4.149462	4.524094	1.326360	35.453377
77.233688	3.476956	3.866019	2.657000	38.403461
77.233788	2.610254	2.588318	4.801408	44.247730
77.242584	3.073651	3.049626	3.876692	35.611275
77.365463	3.227703	2.559639	4.212628	43.784756
77.398857	2.834389	2.573069	4.592491	39.948040
77.521194	3.298099	2.745208	3.956664	44.353584
77.587677	3.712902	3.687696	2.599365	35.562107
77.592110	3.147491	3.025236	3.827246	42.035648
77.613701	2.832949	3.133831	4.033183	42.787220
77.620529	4.181246	4.882127	0.936509	35.650196
77.646317	2.748688	2.544968	4.706312	37.574245
77.697319	2.579541	2.683558	4.736884	36.741669
77.700348	3.671047	3.707374	2.621541	39.701626
77.750824	3.109303	3.014388	3.876304	34.890030
77.792786	2.753227	2.524130	4.722621	52.926350
77.890778	2.768737	2.512018	4.719218	34.820175
77.920204	4.202645	4.573477	1.223769	37.333645
77.977295	3.772324	3.527923	2.699704	36.596832
78.080635	4.508015	3.852815	1.639115	35.346352
78.108704	2.705992	2.537639	4.756327	35.665607
78.187675	3.191674	3.096463	3.711849	37.111160
78.208290	2.731621	2.384638	4.883717	36.996563
78.260902	3.653288	4.861279	1.485350	35.755432
78.279800	3.043871	2.963216	3.992868	44.147621
78.402328	3.000392	2.907665	4.091941	44.395298
78.405357	3.658275	3.411049	2.930641	36.924362
78.438988	3.734600	3.869025	2.396347	35.801071
78.445694	3.043521	3.215556	3.740894	35.477760
78.549835	4.488256	4.935207	0.576483	37.483551
78.653328	3.651837	4.387713	1.960411	36.400723
78.727371	2.455562	2.138344	5.406075	37.013790
78.895432	2.961849	2.767059	4.271072	43.957191
78.961838	4.628181	5.356106	0.015456	37.479134
78.978210	2.729335	2.553645	4.716981	49.382683
79.003052	2.548558	2.225334	5.226084	41.816288
79.019714	3.153029	3.299695	3.547244	36.105488
79.080658	3.336276	3.186779	3.476913	41.903740
79.108429	3.126329	2.908484	3.965155	39.709080
79.177803	3.899056	4.037183	2.063686	39.499683
79.211861	3.658490	3.923202	2.418249	36.488503
79.271004	3.709125	3.528706	2.762130	38.851170
79.363380	3.227006	2.666427	4.106537	36.668728
79.399727	3.911662	4.115474	1.972809	37.214851
79.439919	3.386594	3.346111	3.267269	36.760658
79.487328	3.075421	2.850701	4.073857	36.117329
79.542747	3.191937	3.564601	3.243431	42.083958
79.583694	3.422311	3.364073	3.213564	41.918762
79.637756	2.410706	2.187988	5.401269	34.654831
79.683975	3.289859	3.361968	3.348142	37.408092
79.716118	3.422992	3.505014	3.071953	37.006680
79.905518	3.236750	3.666493	3.096711	36.648026
79.940804	2.885010	2.701373	4.413578	38.875988
79.992485	2.958416	2.733028	4.308524	37.691593
80.015785	2.664638	2.518238	4.817099	42.827457
80.159805	2.449820	2.025137	5.525023	35.042141
80.202751	3.280171	3.404213	3.315584	37.731926
80.209915	4.345559	4.239905	1.414463	38.485619
80.243217	3.921468	4.034051	2.044415	39.303516
80.306313	3.660926	4.007650	2.331373	37.628670
80.426483	3.604721	3.844331	2.550908	41.788898
80.538910	4.933170	4.489199	0.577548	37.433456
80.651978	4.043083	5.186894	0.769905	37.579750
80.668159	3.216007	3.138357	3.645602	39.221642
80.689888	3.021228	2.638674	4.340043	38.872482
80.750114	3.119590	2.917897	3.962513	37.188614
80.754120	4.204031	4.442507	1.353338	37.382477
80.792824	2.604889	2.535524	4.859572	36.492424
80.810371	2.295094	2.124616	5.580268	48.427799
80.851257	3.815043	4.331743	1.853173	38.141533
81.008484	2.867379	2.565953	4.566645	41.925735
81.015251	3.151859	2.497020	4.351089	44.281643
81.131035	3.407223	2.760241	3.832483	47.151497
81.203300	3.143015	3.017950	3.838997	43.833473
81.215057	3.675472	4.456680	1.867803	40.430386
81.215424	3.139879	3.945894	2.914218	43.649002
81.225815	3.689428	3.670343	2.640180	37.592426
81.252518	2.873575	2.341084	4.785315	38.591114
81.303207	3.686853	3.728248	2.584849	41.595730
81.324272	2.588366	2.611733	4.799879	37.812931
81.402359	3.082933	2.976808	3.940228	37.033726
81.403099	2.763245	2.512566	4.724164	54.445324
81.529854	4.207032	4.563096	1.229769	39.315033
81.538353	2.701858	2.487431	4.810686	36.927132
81.581871	3.721373	3.543349	2.735264	38.594379
81.655464	2.684684	2.458436	4.856841	37.861546
81.706032	4.633988	3.748845	1.617092	37.311588
81.735748	2.734049	2.398536	4.867401	38.758083
81.772293	3.164588	3.153311	3.682068	39.195827
81.850227	3.018142	3.134648	3.847171	47.539375
81.854027	3.474008	4.807436	1.718467	38.615086
82.015320	3.764870	3.646292	2.588810	38.357491
82.024872	3.016092	2.882484	4.101400	44.394829
82.051247	3.915625	3.821224	2.263101	37.847641
82.100044	2.947004	2.898246	4.154708	37.338829
82.157516	4.491360	4.927368	0.581178	39.432877
82.211815	3.581335	4.480410	1.938205	38.236938
82.246422	2.515722	2.202656	5.281595	39.401142
82.456116	3.002446	2.813769	4.183749	45.562721
82.520470	2.776706	2.600239	4.623043	51.252567
82.566193	4.646877	5.339344	0.013624	39.418648
82.646149	2.517975	2.192046	5.289977	43.283722
82.665070	3.162436	3.248498	3.589031	38.165756
82.708511	3.311084	3.160274	3.528610	43.666126
82.752563	3.079941	2.874011	4.046011	41.876686
82.767715	3.682080	3.963331	2.354555	38.379284
82.780312	3.883498	4.048731	2.067707	41.307121
82.855804	3.684600	3.577909	2.737475	41.493317
82.974030	3.144330	2.721447	4.134192	38.810001
83.013832	3.903691	4.113820	1.982424	39.197701
83.073219	3.483958	3.259585	3.256431	38.943146
83.140343	3.329153	3.262040	3.408776	41.059078
83.179726	2.982664	3.065099	3.952214	39.839684
83.190620	3.426108	3.351731	3.222130	43.668274
83.326660	3.069546	2.968652	3.961772	38.775997
83.330215	2.650973	2.448416	4.900581	37.689838
83.333946	3.389198	3.503332	3.107462	39.133366
83.444733	3.153011	3.816192	3.030770	38.583324
83.532219	2.872119	2.737727	4.390109	41.459908
83.589149	2.817580	2.531625	4.650786	43.875454
83.607407	2.958672	2.712367	4.328943	40.022545
83.733498	3.197890	3.477464	3.324607	39.433556
83.817398	4.332058	4.276353	1.391494	40.462296
83.846199	3.909662	4.051198	2.039058	41.200012
83.857460	2.399051	1.986196	5.614744	37.194313
83.925308	3.657525	3.964870	2.377580	39.608665
84.033493	3.611810	3.828696	2.559458	43.654720
84.149055	4.903507	4.541282	0.555143	39.360161
84.244064	3.251318	3.159079	3.589548	41.393951
84.258240	4.072847	5.132339	0.794691	39.534328
84.270706	3.003965	2.635451	4.360556	41.170929
84.278976	3.185694	3.144716	3.669538	39.112617
84.370239	4.237744	4.392023	1.370148	39.335011
84.382721	2.321624	2.142879	5.535509	50.566158
84.451828	2.558173	2.374310	5.067495	38.289177
84.464317	3.824596	4.299402	1.875927	40.173309
84.632477	2.881845	2.568482	4.549623	43.319344
84.659439	3.138054	2.424388	4.437535	44.962605
84.726593	3.387898	2.829852	3.782204	49.009628
84.809105	3.047190	3.861915	3.090874	46.095219
84.812515	3.748660	4.559498	1.691816	41.835899
84.819527	3.147925	3.027781	3.824279	45.510204
84.853668	3.669351	3.656639	2.673954	39.685646
84.869011	2.941493	2.367952	4.690557	41.562492
84.909515	3.682727	3.725586	2.591640	43.439945
84.920914	2.592695	2.676715	4.730556	40.305374
85.010002	2.775404	2.515204	4.709381	55.355850
85.037064	3.066522	2.951669	3.981777	39.185635
85.137665	4.214008	4.553029	1.232835	41.294186
85.170715	2.674681	2.476018	4.849282	39.119934
85.190331	3.679656	3.544801	2.775486	40.559914
85.231796	2.676583	2.368780	4.954609	40.379803
85.276299	2.717685	2.403200	4.879084	40.616074
85.326424	4.737321	3.690298	1.572309	39.299042
85.360649	3.130574	3.201217	3.668188	41.313530
85.424988	2.916750	2.919253	4.163961	52.003952
85.454254	3.409926	5.097467	1.492542	39.402973
85.624123	3.753641	3.696357	2.549951	40.287773
85.657944	4.099475	3.693914	2.206545	39.844067
85.670654	3.031334	2.864304	4.104315	44.615444
85.741730	2.933927	2.825835	4.240197	39.474625
85.763412	4.496037	4.919330	0.584487	41.381752
85.781609	2.560103	2.258969	5.180913	41.648472
85.782433	3.472966	4.551820	1.975154	40.033726
86.020309	3.021496	2.842098	4.136374	47.280067
86.068634	2.818529	2.642896	4.538544	53.089771
86.170891	4.663834	5.324003	0.012094	41.359421
86.294846	3.227097	3.244832	3.528023	40.277763
86.306480	2.488818	2.160193	5.350976	44.848915
86.336983	3.623638	3.962276	2.414038	40.118290
86.341026	3.286347	3.135514	3.578105	45.363613
86.385933	3.892513	4.044882	2.062512	43.289417
86.404579	3.054498	2.850438	4.095014	43.891045
86.439903	3.659666	3.601089	2.739196	43.991814
86.584763	3.090179	2.748725	4.161078	40.911545
86.624329	3.898008	4.114152	1.987765	41.186417
86.699615	3.543637	3.229304	3.227015	40.959431
86.767014	3.320021	3.479039	3.200910	43.491440
86.803650	3.425268	3.335466	3.239248	45.367336
86.839455	3.026172	2.754845	4.218962	40.650089
86.942802	3.395668	3.495614	3.108685	41.130192
86.945869	3.533858	3.278971	3.187123	41.357933
86.990471	2.405699	2.023211	5.571076	39.412712
87.017799	2.890281	3.960714	3.148976	40.727673
87.125130	2.819772	2.730019	4.450179	44.728607
87.177101	2.790905	2.569223	4.639831	45.760574
87.203362	3.283292	2.742979	3.973700	40.922749
87.278755	2.984931	3.528764	3.486269	40.993771
87.425011	4.318986	4.289844	1.391115	42.400703
87.452675	3.898912	4.060679	2.040348	43.096794
87.530357	2.354561	1.964866	5.680542	39.454170
87.537170	3.657626	3.947165	2.395150	41.624439
87.645424	3.613327	3.810963	2.575672	45.518497
87.758888	4.870270	4.592833	0.536781	41.286457
87.811958	3.282297	3.142979	3.574693	41.109512
87.828453	3.201050	3.243937	3.554987	43.192986
87.855064	2.975662	2.615949	4.408403	43.284241
87.863403	4.114477	5.075957	0.809428	41.480183
87.958679	2.346004	2.169063	5.484972	52.543045
87.983406	4.254114	4.363576	1.382213	41.302589
88.071777	3.840436	4.272537	1.886941	42.201546
88.095642	2.547564	2.343649	5.108767	40.710773
88.257759	3.030282	2.540755	4.428922	44.637661
88.292969	3.255287	2.520567	4.224128	47.250526
88.321259	3.144231	2.850119	4.005628	48.851395
88.397064	2.729637	3.426265	3.844096	49.926254
88.412445	4.129152	4.979759	0.890936	41.319637
88.441841	3.133369	2.999111	3.867496	47.280407
88.470428	3.645592	3.641798	2.712590	41.764999
88.474457	2.792649	2.445553	4.761783	42.608582
88.516685	2.739290	2.692195	4.568497	45.033978
88.519897	3.677519	3.721769	2.600665	45.329529
88.610489	2.796785	2.532316	4.670891	56.179214
88.654373	3.060496	2.940470	3.999011	41.369495
88.742470	4.224936	4.542446	1.232474	43.271023
88.784203	2.658010	2.466630	4.875340	41.333603
88.799210	3.653347	3.549323	2.797306	42.527618
88.819427	2.692384	2.308323	4.999279	42.875996
88.851532	2.659511	2.396918	4.943546	42.800858
88.941238	4.754488	3.720996	1.524480	41.280407
88.952637	3.109802	3.239762	3.650426	43.432209
89.001091	2.912393	2.919989	4.167596	54.817650
89.066513	3.365114	5.089386	1.545443	41.286369
89.234375	3.746373	3.718423	2.535165	42.218819
89.258476	4.240188	3.647800	2.111954	41.785213
89.329018	2.768316	2.450345	4.781325	44.430832
89.335297	2.821024	2.664778	4.514172	44.956242
89.365456	2.984875	2.961136	4.053965	41.679443
89.369164	3.372468	4.392588	2.234903	41.849075
89.370323	4.468818	4.903351	0.627733	43.294529
89.589958	3.029711	2.858684	4.111556	49.060455
89.622978	2.853745	2.680776	4.465445	54.919399
89.775719	4.680320	5.308954	0.010616	43.300892
89.903694	3.521166	3.584335	2.894464	42.109688
89.921967	3.343835	3.632956	3.023177	42.198978
89.972656	2.485890	2.150819	5.363286	46.499828
89.975693	3.260015	3.082500	3.657454	47.117641
89.993958	3.890067	4.042085	2.067772	45.212105
90.025475	3.624426	3.604905	2.770597	46.292297
90.057816	3.023556	2.833481	4.142951	45.846127
90.195854	3.047783	2.764656	4.187537	42.992466
90.231674	3.895817	4.116104	1.988024	43.181103
90.323265	3.528674	3.237548	3.233743	42.792923
90.389397	3.396998	3.437798	3.165195	45.139828
90.420868	3.428657	3.328342	3.242965	47.054871
90.487152	3.046042	2.666109	4.287817	42.684601
90.522667	3.457733	3.535812	3.006416	42.876369
90.545135	3.369254	3.529045	3.101665	43.272217
90.616798	2.437337	1.985475	5.577180	41.913895
90.650635	2.947886	3.750481	3.301617	42.907505
90.717422	2.757873	2.665200	4.576889	48.538441
90.772316	2.886308	2.695044	4.418650	45.682262
90.782089	3.440325	2.965909	3.593721	43.438786
90.858414	2.800843	3.333015	3.866154	42.426601
91.036102	4.305733	4.291186	1.403011	44.318695
91.063148	3.888300	4.066211	2.045434	44.990234
91.141830	3.660766	3.949598	2.389580	43.658138
91.176750	2.313066	1.950640	5.736297	41.809860
91.260826	3.610606	3.791124	2.598222	47.383923
91.367378	3.462774	3.378148	3.159067	42.587780
91.370033	4.658986	4.485876	0.855014	43.133579
91.415672	3.229393	3.238208	3.532394	45.475121
91.444511	2.955063	2.599652	4.445260	45.330238
91.469307	4.161050	5.013409	0.825464	43.428677
91.538940	2.369050	2.190850	5.440094	54.476772
91.593201	4.259305	4.348041	1.392622	43.291260
91.673782	3.863645	4.251198	1.885120	44.224022
91.721024	2.501106	2.281939	5.216952	43.390991
91.872284	3.309820	2.558094	4.132072	47.137039
91.894981	3.377848	2.832394	3.789742	49.922802
91.944366	2.900402	2.797988	4.301586	47.823349
91.983292	2.727440	3.298799	3.973728	50.446182
92.016190	4.120849	4.995104	0.883925	43.216076
92.068413	3.129638	2.986907	3.883425	48.986660
92.077522	3.559432	3.558116	2.882429	43.875584
92.080559	2.688493	2.543778	4.767715	44.604748
92.119064	2.877581	2.668459	4.453926	46.945114
92.133186	3.674389	3.716166	2.609385	47.270687
92.199593	2.806095	2.547109	4.646763	58.750511
92.255096	3.065198	2.943788	3.991003	43.556011
92.346161	4.235323	4.535773	1.228801	45.247658
92.380508	2.634443	2.456738	4.908802	43.551071
92.410545	2.792346	2.439145	4.768486	44.882278
92.412109	3.528784	3.397035	3.074141	44.555401
92.477776	2.616481	2.386044	4.997449	45.202312
92.550476	3.104717	3.260741	3.634504	45.425026
92.553284	4.715881	3.795996	1.488052	43.214809
92.578445	2.944165	2.944342	4.111488	57.602985
92.680519	3.395554	5.009549	1.594854	43.292984
92.846603	3.738726	3.731642	2.529589	44.151299
92.860657	4.276357	3.692750	2.030836	43.569664
92.900528	2.589461	2.290606	5.119903	45.796558
92.966019	3.403628	4.393367	2.202961	43.698681
92.972755	2.930800	2.860826	4.208359	43.846329
92.975182	4.498422	4.909189	0.592294	45.283577
93.004738	2.970611	2.800977	4.228375	47.088860
93.166084	3.033940	2.867993	4.098049	50.885818
93.187836	2.881191	2.713109	4.405701	56.732780
93.379944	4.694542	5.296101	0.009259	45.242908
93.501442	3.583121	3.739790	2.677058	43.890656
93.514313	3.296909	3.490486	3.212575	44.372444
93.597008	3.538674	3.317025	3.144282	48.928967
93.605957	3.886087	4.036960	2.076893	47.129700
93.625549	3.326795	3.371292	3.301888	48.441582
93.633446	2.438514	2.100953	5.460541	48.165741
93.712570	3.003154	2.803913	4.192920	47.722786
93.807350	3.006874	2.774575	4.218522	45.064289
93.835381	3.895796	4.120559	1.983593	45.172298
93.938553	3.381201	3.293733	3.325031	44.752808
94.005585	3.694704	3.235609	3.069646	46.534512
94.040085	3.409772	3.365589	3.224611	48.690361
94.102081	3.402854	3.663831	2.933285	45.398563
94.117470	2.918522	2.674493	4.406970	44.480309
94.139870	3.349056	3.571162	3.079747	45.319824
94.213509	2.434165	1.987197	5.578639	44.346447
94.299652	3.119248	3.565625	3.315120	44.638256
94.305168	2.750170	2.645761	4.604084	51.582287
94.353699	3.391658	3.213014	3.395322	45.590790
94.373505	2.882050	2.749257	4.368670	46.537663
94.463829	2.832055	3.164888	4.003027	44.229774
94.649590	4.296239	4.275278	1.428407	46.222694
94.677444	3.877136	4.068513	2.054301	46.891350
94.740318	3.666257	3.973580	2.360141	45.697086
94.791908	2.275954	1.942581	5.781457	44.217594
94.879440	3.604207	3.771520	2.624238	49.261536
94.944664	3.309168	3.250286	3.440516	44.065384
94.977242	4.795351	4.700042	0.504451	45.139137
95.008255	3.224999	3.253484	3.521487	47.503094
95.032303	2.955817	2.600434	4.443731	47.410076
95.073578	4.210105	4.947256	0.842551	45.374596
95.119255	2.388310	2.210430	5.401236	56.371983
95.198807	4.253458	4.345664	1.400817	45.302292
95.270691	3.890096	4.239414	1.870438	46.225246
95.321892	2.450507	2.230844	5.318642	46.159103
95.471436	3.593586	2.743421	3.662968	54.322262
95.496086	3.207974	2.773438	4.018567	44.623882
95.544556	2.968147	3.269396	3.762429	53.534397
95.602890	2.657516	2.855387	4.487049	48.223137
95.621399	4.116712	4.994023	0.889119	45.127239
95.674469	3.639685	3.660726	2.699528	45.813953
95.696236	3.105480	2.960080	3.934433	50.676323
95.698158	2.599160	2.421428	4.979402	47.612553
95.708733	2.887421	2.663987	4.448529	46.174603
95.747917	3.669379	3.706722	2.623858	49.218796
95.785446	2.804389	2.563156	4.632432	62.707836
95.841064	3.079506	2.960239	3.960227	45.732136
95.948021	4.244719	4.530603	1.224517	47.220669
95.960281	2.644837	2.482135	4.873008	45.771858
95.994225	2.620372	2.256992	5.122611	46.822380
96.026657	3.638955	3.581397	2.779604	46.433525
96.142632	2.641149	2.398005	4.960818	47.404514
96.151482	3.069724	3.190331	3.739905	47.506092
96.161690	2.984278	2.997927	4.017739	60.051022
96.167854	4.667553	3.856311	1.476061	45.161041
96.286980	3.468844	4.908954	1.622127	45.375015
96.459496	3.746451	3.733371	2.520132	46.070843
96.473831	4.208569	3.765222	2.026153	45.290493
96.482330	2.583684	2.294803	5.121477	47.760662
96.562996	2.925245	2.809939	4.264772	46.036446
96.572357	3.457042	4.375310	2.167632	45.581734
96.579460	4.503926	4.909443	0.586470	47.237553
96.679268	2.937240	2.766926	4.295826	48.814514
96.746292	3.037575	2.871840	4.090569	52.760357
96.761192	2.900488	2.739926	4.359585	58.559090
96.984779	4.707010	5.284884	0.008011	47.181118
97.090416	3.184586	3.181672	3.633704	46.932140
97.114410	3.713944	4.064296	2.221715	45.266605
97.195480	3.658903	3.527743	2.813320	50.896248
97.219040	3.882644	4.030185	2.087107	49.047649
97.251068	3.165239	3.138544	3.696186	50.310360
97.300529	2.420226	2.062698	5.517068	49.864319
97.365311	2.988868	2.781468	4.229624	49.581509
97.421471	2.963717	2.780384	4.255859	47.152252
97.436272	3.898725	4.126686	1.974520	47.163502
97.528229	3.280425	3.367495	3.352061	47.073879
97.622437	3.893231	3.123153	2.983566	47.778885
97.662537	3.424269	3.341955	3.233731	50.286545
97.707916	3.354369	3.685539	2.960035	47.511009
97.724564	2.892762	2.664938	4.442270	47.019745
97.731735	3.268575	3.671298	3.060099	47.041824
97.783722	2.414787	2.018640	5.566538	46.697601
97.897293	2.743725	2.577277	4.678959	54.439255
97.929588	3.515648	3.301766	3.182544	46.251366
97.966438	3.016914	3.519006	3.464047	47.643517
97.981766	2.946100	2.762705	4.291155	47.671009
98.075150	2.864434	3.099736	4.035796	46.182087
98.263084	4.286479	4.227398	1.486057	48.102791
98.293587	3.867334	4.066216	2.066377	48.798481
98.333733	3.677022	4.033913	2.289002	47.743851
98.378403	2.252793	1.943278	5.803931	46.608036
98.499672	3.594711	3.753037	2.652217	51.153305
98.550026	3.330346	3.240170	3.429436	45.734280
98.588211	4.761147	4.743085	0.495554	47.065968
98.606476	3.196799	3.283959	3.519198	49.379875
98.624962	2.978258	2.622594	4.399110	49.530407
98.677673	4.259200	4.885463	0.855234	47.316612
98.704872	2.405332	2.226419	5.368236	58.234665
98.801651	4.235912	4.351075	1.412983	47.354485
98.863579	3.920844	4.240200	1.838883	48.184708
98.887672	2.474354	2.262352	5.263279	48.547264
99.055855	3.542590	2.791883	3.665493	55.876663
99.115532	3.091568	3.123382	3.785036	50.852108
99.137596	3.124921	2.947017	3.928023	50.740711
99.229118	4.074836	4.919494	1.005572	47.151196
99.235573	2.744672	2.811541	4.443749	50.346817
99.262833	3.645447	3.677685	2.676825	47.857403
99.313393	2.888711	2.737758	4.373464	46.130497
99.326721	3.108037	2.956720	3.935218	52.467079
99.337959	2.548077	2.344092	5.107803	49.937328
99.364807	3.658905	3.694315	2.646711	51.154133
99.377396	2.801876	2.590229	4.607852	65.294083
99.414421	3.100911	2.987989	3.911081	47.882217
99.527443	2.658978	2.529698	4.811296	47.935612
99.548836	4.253531	4.531241	1.215084	49.191788
99.565804	2.596260	2.281099	5.122617	48.832928
99.642769	3.625138	3.588427	2.786397	48.356216
99.748856	3.101473	2.994214	3.904272	59.463154
99.758606	3.086336	3.235748	3.677874	52.502918
99.780418	4.641369	3.881400	1.477184	47.014069
99.828583	2.519197	2.306050	5.174721	49.300167
99.884377	3.540445	4.839257	1.620212	47.407330
100.073380	3.773163	3.708175	2.518612	47.974724
100.080238	2.563693	2.282874	5.153369	49.708401
100.100914	4.094560	3.831332	2.074052	47.094692
100.139854	2.931605	2.829421	4.238955	48.211555
100.182503	3.618551	4.406726	1.974678	47.587074
100.185173	4.410013	4.851598	0.738265	49.014725
100.331978	3.039515	2.875479	4.084984	54.652576
100.346169	2.942793	2.716759	4.340419	59.376480
100.354416	2.872198	2.778124	4.349669	51.693447
100.589081	4.717595	5.275467	0.006868	49.121437
100.658783	3.208359	3.192884	3.598751	49.115036
100.734955	3.709564	4.065950	2.224441	46.997673
100.790680	3.663331	3.558831	2.777797	52.973213
100.834343	3.876966	4.021601	2.101358	50.970943
100.873940	3.125501	3.077790	3.796678	51.966450
100.962471	2.444551	2.039022	5.516419	51.519787
101.017891	2.974438	2.754745	4.270785	51.283062
101.034042	3.900736	4.130279	1.968924	49.154099
101.036438	2.892223	2.786011	4.321761	49.471149
101.093948	3.308364	3.414201	3.277395	49.244286
101.245636	3.811998	3.156831	3.031137	49.605385
101.279518	3.517219	3.304028	3.178705	51.280361
101.313263	3.323994	3.479525	3.196452	50.991192
101.317169	2.851665	2.690463	4.457827	49.442177
101.331024	2.418480	2.070474	5.511026	48.977745
101.341324	3.295052	3.855578	2.849314	47.666763
101.487869	2.753122	2.571459	4.675417	56.498600
101.535599	3.394942	3.309171	3.295853	49.426716
101.594177	2.991804	2.740947	4.267225	49.318413
101.626694	3.108566	3.456572	3.434831	48.568275
101.686806	2.879623	3.097066	4.023276	48.125278
101.875580	4.248102	4.106731	1.645089	49.940556
101.912018	3.855816	4.058911	2.085221	50.707035
101.925560	3.718249	4.168026	2.113676	49.814102
101.943741	2.253449	1.960534	5.785984	48.936501
102.120857	3.583238	3.736432	2.680285	53.056519
102.178238	3.401224	3.129286	3.469443	48.329044
102.200768	4.721960	4.781723	0.496121	49.003113
102.212753	3.102917	3.378601	3.518448	50.376083
102.218681	3.016560	2.655462	4.327942	51.718365
102.280792	4.308916	4.823750	0.867239	49.257355
102.293587	2.420725	2.237993	5.341250	60.074150
102.399620	4.203243	4.354444	1.442178	49.478287
102.430252	2.524483	2.328923	5.146582	50.624577
102.453827	3.959718	4.259048	1.781183	50.065208
102.636330	3.457159	2.780930	3.761879	56.789478
102.703796	3.057895	3.355961	3.586115	57.812050
102.783295	3.188517	2.676235	4.135209	48.255856
102.832863	2.758199	2.698837	4.542941	51.580013
102.838333	4.122519	4.966122	0.911224	48.963634
102.844193	3.658224	3.700041	2.641679	49.897377
102.951622	2.856026	2.685126	4.458819	59.795719
102.956642	3.100868	2.942314	3.956787	54.259914
102.977943	3.125725	3.018275	3.855965	50.041317
102.981461	2.805292	2.730523	4.464187	55.627617
102.982117	2.548942	2.319125	5.131943	52.056927
102.983902	3.613042	3.642000	2.744941	53.180183
103.085754	2.673621	2.588580	4.737765	50.046360
103.129898	2.607804	2.346059	5.046127	50.964417
103.148590	4.259833	4.534590	1.205505	51.159840
103.260902	3.613368	3.595302	2.791292	50.274071
103.345284	3.104302	2.966351	3.929332	63.133644
103.367142	3.127937	3.242977	3.629054	52.733490
103.398254	4.612186	3.864807	1.522948	48.974297
103.478615	3.585817	4.825511	1.588596	49.317432
103.516273	2.466667	2.250153	5.283149	51.232185
103.680573	2.543743	2.272307	5.183942	51.587742
103.687492	3.809883	3.662977	2.527073	49.872982
103.705734	2.960541	2.872830	4.166589	50.355526
103.732422	3.922844	3.870884	2.206205	49.145142
103.787506	4.511297	4.910605	0.577947	51.142124
103.797852	3.624787	4.331402	2.043746	49.083340
103.922234	3.042504	2.877703	4.079764	56.564045
103.943382	2.924029	2.758476	4.317463	62.213768
104.025887	2.860470	2.717412	4.422093	52.650753
104.194092	4.725955	5.268075	0.005909	51.062546
104.217461	3.247922	3.223968	3.528082	51.200497
104.366684	3.687077	4.040935	2.271928	48.813583
104.388191	3.663056	3.559435	2.777485	55.022007
104.450226	3.873225	4.008871	2.117827	52.907524
104.484070	3.102257	3.049029	3.848700	53.512947
104.615509	2.612795	2.109995	5.277227	52.841408
104.629944	3.909915	4.142628	1.947374	51.138023
104.650764	3.338850	3.453291	3.207841	51.316776
104.655502	2.704080	2.666911	4.629037	51.814709
104.671867	2.943446	2.753223	4.303304	53.301350
104.859825	3.674180	3.241694	3.084095	51.415173
104.865601	2.446665	2.128989	5.424334	51.176750
104.876251	3.538102	3.436826	3.025029	51.770317
104.902969	2.852613	2.751532	4.395819	51.929661
104.922005	3.274946	3.360537	3.364462	54.560249
104.978943	3.422637	3.711373	2.865970	48.820126
105.082336	2.758849	2.577455	4.663692	58.367203
105.154068	3.314743	3.313622	3.371613	52.221165
105.209511	3.024536	2.707217	4.268233	51.135761
105.283920	2.964725	3.099727	3.935522	50.283924
105.306816	3.061140	3.394760	3.544067	49.769802
105.479073	4.084052	3.907986	2.007873	51.752995
105.486359	2.266356	1.979868	5.753746	51.203075
105.524391	3.891995	4.388694	1.719245	51.907925
105.532616	3.848505	4.053896	2.097527	52.631653
105.742493	3.569728	3.722462	2.707779	54.977844
105.801147	3.394242	3.082810	3.522933	53.034546
105.809860	4.687469	4.809724	0.502685	50.947838
105.816277	3.055519	2.682067	4.262338	53.907379
105.849045	3.071290	3.377484	3.551190	49.371460
105.883591	4.345793	4.759845	0.894256	51.229679
105.888557	2.443994	2.254079	5.301863	61.830235
105.960739	2.560869	2.401740	5.037388	52.683990
105.993103	4.161787	4.346152	1.492002	51.686535
106.043648	4.006340	4.299385	1.694230	51.847893
106.211632	3.343297	2.778843	3.877846	57.665798
106.291046	3.146136	3.360458	3.493399	60.647053
106.418182	2.866586	2.508509	4.624861	52.757820
106.420128	3.675443	3.725197	2.599300	51.921124
106.446373	3.172500	3.088428	3.739016	50.647587
106.451912	3.979468	4.651834	1.368614	50.834160
106.534332	3.160072	3.061538	3.778364	52.101063
106.547485	2.847177	2.640140	4.512654	69.116783
106.586540	3.094427	2.932208	3.973316	56.002495
106.603325	3.633570	3.661886	2.704506	55.026901
106.620949	2.617996	2.334114	5.047867	53.743595
106.640800	2.675720	2.582978	4.741273	52.455746
106.655983	2.757390	2.669470	4.573107	50.989792
106.698906	2.610090	2.508666	4.881221	52.434288
106.747292	4.263801	4.541101	1.194973	53.123871
106.880531	3.605125	3.601351	2.793501	52.179455
106.953568	3.105764	2.948669	3.945511	65.239792
106.978416	3.150566	3.231252	3.618163	54.319962
107.010094	4.538454	3.863551	1.597896	51.038982
107.077362	3.653265	4.815232	1.531430	51.086021
107.194290	2.421345	2.202116	5.376529	53.370483
107.262840	2.981802	2.902710	4.115429	52.486015
107.291214	2.521305	2.264854	5.213789	53.268600
107.301361	3.865600	3.626383	2.507956	51.757103
107.352577	3.714379	3.949168	2.336393	51.344410
107.391411	4.514430	4.912050	0.573331	53.090164
107.428925	3.773572	4.257211	1.969136	50.662533
107.516190	3.043061	2.880480	4.076428	58.486080
107.551033	2.920546	2.757727	4.321710	64.026100
107.693924	2.825649	2.687996	4.486331	54.636532
107.770866	3.286352	3.259527	3.454052	53.229244
107.799484	4.733232	5.261539	0.005129	53.002625
107.989075	3.665903	3.542562	2.791486	57.024841
108.006935	3.662943	4.006147	2.330850	50.708206
108.067917	3.869704	3.994233	2.135982	54.845776
108.078400	3.093028	3.042716	3.864214	54.995941
108.204636	3.359437	3.495973	3.144542	53.360798
108.225655	3.918599	4.152810	1.928488	53.120750
108.250961	2.932381	2.455356	4.612227	53.666916
108.287659	2.349892	2.312547	5.337527	54.713165
108.320183	2.948399	2.722208	4.329372	55.283504
108.388100	2.474504	2.180231	5.345232	53.294903
108.455139	3.615164	3.434968	2.949817	53.332142
108.466599	3.475875	3.410061	3.113999	53.192520
108.490906	2.860466	2.802527	4.336977	54.443737
108.540039	3.288216	3.295041	3.416694	56.798832
108.630966	3.484489	3.584249	2.931210	50.422112
108.677925	2.767591	2.588028	4.644361	60.117390
108.781517	3.263767	3.298000	3.438224	54.833618
108.824738	3.045794	2.674821	4.279364	53.059372
108.895302	2.851971	3.022463	4.125529	52.188320
108.974815	3.180037	3.430579	3.389350	51.400543
109.022118	2.293577	2.008846	5.697542	53.434273
109.067131	3.932842	3.864667	2.202419	53.666340
109.137413	4.053228	4.453260	1.493443	53.872654
109.154625	3.840740	4.043090	2.116113	54.565411
109.363213	3.554826	3.711556	2.733583	56.917389
109.412170	3.324406	3.125463	3.550111	55.483490
109.416321	3.081822	2.669555	4.248528	56.131538
109.419868	4.668283	4.851098	0.480452	52.867992
109.478378	2.619192	2.341174	5.039612	58.338299
109.487167	4.348089	4.668132	0.983707	53.329044
109.491524	2.531871	2.459813	5.008300	59.580265
109.515358	3.020567	3.253723	3.725696	50.993832
109.580910	4.118695	4.324910	1.556340	53.944221
109.635437	4.051436	4.359123	1.589385	53.569759
109.781258	3.235541	2.788720	3.975728	58.705425
109.884659	3.229832	3.336308	3.433832	62.987637
109.992058	3.696731	3.754937	2.548282	53.920963
110.009804	2.793140	2.529036	4.677793	54.557949
110.064209	4.145835	4.932541	0.921399	52.803860
110.082047	2.988362	2.701144	4.310468	54.374294
110.086006	3.187104	3.098744	3.714117	54.127510
110.137466	2.855770	2.656154	4.488043	71.353836
110.184624	2.771672	2.647295	4.581005	54.202988
110.215248	3.093035	2.933355	3.973555	57.763466
110.223076	3.612284	3.638446	2.749225	56.990910
110.267044	2.642579	2.363173	4.994217	55.104919
110.290024	2.685076	2.386128	4.928738	54.404148
110.345787	4.266290	4.550114	1.183454	55.086273
110.353638	2.667593	2.776785	4.555570	52.117687
110.502342	3.599965	3.605833	2.794160	54.072819
110.563042	3.098392	2.937060	3.964521	67.084961
110.591370	3.167916	3.218945	3.613103	56.120205
110.612556	4.380704	3.958176	1.661019	53.134583
110.687050	3.795035	4.713279	1.491598	52.805935
110.814781	3.011739	2.942303	4.045910	54.589825
110.846977	2.426810	2.193288	5.379882	55.866776
110.914902	3.931174	3.576542	2.492246	53.618938
110.926323	2.463853	2.238595	5.297505	54.724155
110.964203	3.566392	4.040011	2.393509	53.421200
110.993752	4.516504	4.915023	0.568240	55.040531
111.072266	3.838867	4.174892	1.986178	52.417358
111.113579	3.041859	2.883096	4.075016	60.411369
111.170563	2.903735	2.740725	4.355518	65.671463
111.322037	3.321127	3.297763	3.381070	55.211224
111.357056	2.791953	2.657716	4.550305	56.675285
111.405251	4.738595	5.256774	0.004506	54.942966
111.591118	3.666889	3.494943	2.838127	58.967960
111.650360	3.644593	3.950277	2.405062	52.683586
111.655472	3.104386	3.080308	3.815260	56.516735
111.684875	3.870599	3.975914	2.153399	56.806694
111.757080	3.368839	3.550799	3.080317	55.384113
111.819016	3.928211	4.162669	1.909045	55.096245
111.867783	3.002360	2.593255	4.404335	55.316715
111.906273	2.512766	2.247782	5.239402	55.328304
111.927322	2.275209	2.158612	5.566160	56.860741
111.965691	2.948805	2.699135	4.352045	57.205944
112.034752	3.570348	3.538649	2.890936	55.272198
112.068359	3.449019	3.413507	3.137409	54.712437
112.085884	2.861265	2.812950	4.325756	56.966743
112.158623	3.289419	3.268585	3.441949	58.814392
112.275986	2.781713	2.607286	4.610976	61.744183
112.289253	3.487274	3.499911	3.012764	52.239124
112.411964	3.230720	3.269357	3.499899	57.256046
112.440025	3.062639	2.646231	4.291089	55.084900
112.499702	2.829766	3.038795	4.131405	54.146496
112.549553	2.317522	2.033195	5.649261	55.642975
112.649002	3.852136	3.865624	2.282178	55.487434
112.651772	3.227089	3.412608	3.360283	53.279293
112.756401	4.110853	4.445890	1.443169	55.770981
112.776962	3.834061	4.030120	2.135746	56.509464
112.983498	3.538212	3.704865	2.756900	58.866703
113.000732	2.918486	2.425133	4.656343	57.192551
113.023689	3.278662	3.127749	3.593564	57.471165
113.026062	2.886066	2.800997	4.312929	57.718262
113.029297	4.612709	4.843477	0.543679	54.842644
113.087601	2.491999	2.349387	5.158633	65.240013
113.088455	4.361929	4.603952	1.034051	55.400097
113.163879	4.089863	4.307573	1.602483	56.146873
113.183006	3.061761	3.199475	3.738762	52.709064
113.229240	4.081396	4.417405	1.501140	55.333015
113.344925	3.145114	2.796058	4.058814	59.826527
113.483231	3.292128	3.301862	3.405995	65.054886
113.561562	3.719394	3.785310	2.495251	55.897236
113.601997	2.779926	2.519852	4.700184	56.348362
113.635468	3.225745	3.144546	3.629658	56.115005
113.678749	3.883512	4.421826	1.694600	55.644314
113.680099	3.192646	3.185749	3.621558	58.019913
113.727997	2.861729	2.673198	4.465052	72.977539
