-27.310221	54.393642	1.490217	1.381971	2.127783	3.246367
-23.708984	67.989700	1.493697	1.384200	2.122133	5.185464
-20.106827	82.999161	1.497867	1.386798	2.115344	7.123558
-16.505072	114.204330	1.503062	1.389928	2.106994	9.059947
-14.012445	42.511471	1.293953	1.065906	2.640142	2.263679
-12.905720	157.191803	1.510662	1.393095	2.096223	10.992160
-12.560869	44.360001	1.682688	1.641953	1.675356	2.076007
-10.413567	55.266098	1.304659	1.067923	2.627425	4.199167
-9.307744	179.141632	1.522544	1.396226	2.081213	12.913867
-8.961164	58.333740	1.687050	1.648893	1.664038	4.015527
-8.038195	36.129002	1.519973	1.388044	2.091998	1.760546
-6.816792	71.742928	1.315176	1.074823	2.609998	6.129740
-5.832419	54.934330	1.473155	1.344793	2.182056	3.681340
-5.690539	182.364685	1.503624	1.371199	2.125177	12.752674
-5.364213	76.874901	1.693023	1.658996	1.647977	5.951967
-4.442947	48.623299	1.546568	1.380570	2.072856	3.691992
-3.226013	104.305649	1.328452	1.088276	2.583271	8.047003
-3.134769	31.211205	1.734141	1.719128	1.546724	1.340568
-2.287704	99.823059	1.536129	1.389423	2.074450	7.562352
-2.045435	183.908829	1.471679	1.334976	2.193336	12.721388
-1.949086	30.088375	1.908005	1.874933	1.217047	1.262768
-1.771688	112.767357	1.677427	1.703745	1.618819	7.831423
-0.853597	66.099892	1.576725	1.381693	2.041575	5.609728
0.352392	139.028778	1.356266	1.118370	2.525362	9.869408
0.447185	45.075150	1.890149	1.615225	1.494627	3.188022
0.705155	29.657358	1.826359	2.147278	1.026358	1.078162
1.229509	139.148392	1.612976	1.433560	1.953460	10.056664
1.609228	204.466675	1.456490	1.306409	2.237099	14.014106
1.632381	44.268864	2.007015	1.804802	1.188182	3.330361
1.790994	144.388763	1.640834	1.825845	1.533317	9.300452
2.148984	30.231350	1.365777	1.119428	2.514779	1.184838
2.706601	71.996407	1.638976	1.475240	1.885778	5.120521
2.726180	60.659172	1.606810	1.497321	1.895859	3.591095
3.457785	19.518364	2.254800	2.273646	0.471554	0.750382
3.926503	154.845322	1.386898	1.153218	2.459884	11.513966
4.004106	63.941078	2.045878	1.562644	1.391474	4.963313
4.281524	43.624161	1.723981	2.336236	0.939772	2.911707
4.509004	22.221546	2.164096	2.087107	0.748799	0.802507
4.675603	127.369835	1.749883	1.517161	1.732951	10.411357
4.875639	29.476486	1.742934	1.446326	1.810740	1.214057
5.162335	60.954258	2.096806	1.842729	1.060461	5.015759
5.188065	7.808957	2.331715	2.661613	0.006671	0.583414
5.218614	236.911896	1.505102	1.340073	2.154831	16.536919
5.341983	150.916672	1.593864	1.966060	1.440073	10.436440
5.624819	54.152126	1.462842	1.284630	2.252512	3.469132
6.224926	50.761070	1.973020	1.312320	1.714656	3.732374
6.293217	28.095739	1.361059	1.276694	2.362253	2.095526
6.333845	116.789085	1.617126	1.400697	1.982168	8.558043
6.341269	19.092434	1.838337	2.010071	1.151587	1.511165
6.697789	18.764898	2.542177	2.246296	0.211527	1.368022
7.159828	18.269833	1.660342	2.714763	0.624889	1.583817
7.340381	18.897610	2.052279	2.171120	0.776600	1.882306
7.417037	19.633993	1.602843	1.664577	1.732577	1.805581
7.526766	173.825043	1.389463	1.163320	2.447216	12.952261
7.718010	78.262337	1.866462	1.535013	1.598516	5.973307
7.949292	52.378983	1.862235	1.539068	1.598689	2.730573
8.023347	48.761131	1.672360	2.252761	1.074880	4.283133
8.122108	94.402336	1.666858	1.674734	1.658404	8.404335
8.421974	30.408564	1.809120	1.879839	1.311035	2.446681
8.516969	103.248466	1.503131	1.386366	2.110500	9.629088
8.792788	17.220079	2.328542	2.668571	0.002879	2.519773
8.826385	100.902283	2.198442	1.547300	1.254255	7.680574
8.923080	151.668198	1.416363	2.005838	1.577794	10.868444
8.931999	203.043289	1.348599	1.427444	2.223936	15.352551
9.292418	39.545879	1.309676	1.237767	2.452549	4.855217
9.699598	52.664722	1.127847	1.042022	2.830121	5.038519
9.984810	131.303131	1.583090	1.349310	2.067591	10.444834
10.254914	57.865097	1.565322	1.421444	2.013239	4.303991
10.263552	65.111969	1.723091	1.516756	1.760144	4.060778
10.445893	28.692198	2.611926	2.016825	0.371241	2.879884
10.660732	14.117290	0.871273	0.781382	3.347344	3.186545
10.763554	44.063744	2.136541	1.775263	1.088196	3.212610
10.799041	38.988686	2.118438	2.229575	0.651981	4.197850
10.863980	26.297970	1.183706	2.695134	1.121160	3.272867
11.152809	198.699615	1.366849	1.152355	2.480792	14.225577
11.435411	99.120453	1.798790	1.396395	1.804813	7.771014
11.698921	102.593826	1.758127	1.952650	1.289207	6.366568
11.702844	116.209045	2.018688	1.458771	1.522527	7.235460
11.781740	102.630577	1.379093	2.011945	1.608968	8.145761
11.872612	61.771229	1.897950	2.020650	1.081395	4.804360
12.121202	122.606102	1.451737	1.430374	2.117888	9.215981
12.397647	97.932213	1.722341	1.646544	1.631105	6.963547
12.398540	33.018478	2.216279	2.471762	0.311949	4.936549
12.541615	127.692497	1.942997	1.558213	1.498784	8.711087
12.577774	216.642487	1.381466	1.252825	2.365713	17.600187
12.649734	170.227570	1.289862	1.949116	1.761020	12.360133
13.468155	31.422096	1.018911	0.931515	3.049569	6.845550
13.634129	58.359409	1.984606	1.821363	1.194025	5.716081
13.665961	137.957565	1.492592	1.370689	2.136721	11.889695
13.830304	57.125648	1.145360	0.970218	2.884419	6.379421
13.898115	99.325424	1.272230	1.319935	2.407830	7.418455
14.165022	50.909443	2.332942	2.208695	0.458362	4.391753
14.306467	77.007172	2.395959	2.032962	0.571077	6.470572
14.475949	66.839317	1.953003	1.662539	1.384453	5.430410
14.561425	55.535503	1.410499	2.536444	1.053057	5.010536
14.808123	216.044312	1.317886	1.115671	2.566447	16.298763
15.076985	104.575821	1.816292	1.350040	1.833665	9.616191
15.276277	98.226768	1.478040	2.228572	1.293378	8.636267
15.410032	98.681198	1.987150	2.136877	0.875969	6.453939
15.459819	287.760010	1.763601	1.430061	1.806334	17.038073
15.661892	60.176624	1.640857	1.630389	1.728746	5.672565
15.783928	108.317802	1.701187	1.248955	2.049855	7.428859
15.987519	66.773216	1.209918	1.446780	2.343300	6.910593
16.002922	30.445471	2.342253	2.643724	0.014013	6.407596
16.171539	148.794342	2.128953	1.319114	1.551927	12.137739
16.245426	244.140045	1.370950	1.276420	2.352634	18.422014
16.261728	190.838791	1.149610	2.131581	1.718807	14.890697
16.940229	73.547272	1.071150	0.944730	2.984118	9.019561
17.170063	66.625977	1.320298	1.188368	2.491324	8.498757
17.228598	51.070435	1.996469	1.923464	1.080060	6.637395
17.327314	142.816406	1.430224	1.265047	2.304734	14.155641
17.368919	126.010345	1.397180	1.429088	2.173727	10.272689
17.710258	68.367790	2.237707	2.384680	0.377598	7.018846
17.985016	77.330086	2.340178	2.006137	0.653674	7.734772
18.082129	61.106014	1.751612	1.688137	1.560248	7.297297
18.188557	64.623199	1.741643	2.322040	0.936316	6.606966
18.477474	217.547501	1.250018	1.062021	2.687956	18.399290
18.643007	144.165802	1.880038	1.380489	1.739470	11.960899
18.816423	121.142647	1.455165	2.329659	1.215172	10.964345
19.059669	107.794106	1.955308	2.082996	0.961690	8.235098
19.113411	132.773148	1.711533	1.506563	1.781902	9.659601
19.140478	330.577118	1.569428	1.503497	1.927070	19.374107
19.607521	44.816177	2.367124	2.631072	0.001793	8.346736
19.646650	109.129585	1.730730	1.061896	2.207362	8.188348
19.726280	81.760201	1.277708	1.441189	2.281099	8.515631
19.781021	169.695297	1.934434	1.505416	1.560148	12.629046
19.886082	244.266068	1.294464	1.972519	1.733016	16.065933
19.944670	275.045135	1.194148	1.189237	2.616609	21.381351
20.278170	118.186043	1.224946	1.114868	2.660178	11.828762
20.794842	138.159668	1.540790	1.097226	2.361979	10.259722
20.851646	168.834808	1.243228	1.606597	2.150171	11.098607
20.960358	172.409790	1.398838	1.229887	2.371270	16.441383
20.983395	83.124969	1.914864	1.810158	1.274971	8.178595
21.268614	83.305580	2.248130	2.422863	0.329000	9.010294
21.617819	71.404793	1.802781	1.679404	1.517813	8.856359
21.641422	95.709000	2.208073	2.102321	0.689603	9.651547
21.766457	80.292168	1.826609	2.275053	0.898340	8.638241
22.135387	222.547104	1.189655	1.012741	2.797607	20.571241
22.192745	169.654388	1.885313	1.439320	1.675368	14.445814
22.406778	134.348221	1.498798	2.341780	1.159424	12.769142
22.611063	156.092041	1.690322	1.632147	1.677527	10.017386
22.701561	114.281433	1.937110	2.036224	1.026657	10.173933
22.777409	358.340729	1.590993	1.415493	1.993507	22.998501
23.213421	51.752960	2.380550	2.615166	0.004273	10.286108
23.224295	89.608795	1.484376	1.259665	2.255954	9.382907
23.355032	176.391800	2.003429	1.613501	1.383067	15.109259
23.433510	121.101166	1.382292	1.290251	2.327456	10.434685
23.517248	282.921509	1.404193	1.843959	1.751851	18.967962
23.590797	290.561981	1.169109	1.121928	2.708959	23.785782
23.801273	137.384232	1.252393	1.207452	2.540148	13.272207
24.363674	178.135620	1.681781	1.421427	1.896791	13.529618
24.514791	88.489471	1.090790	1.243053	2.666160	10.614127
24.554211	190.630814	1.394055	1.245514	2.360433	18.610973
24.749416	120.205093	1.794363	1.677728	1.527912	10.060400
24.870710	83.506119	2.249446	2.425751	0.324802	10.823874
25.164984	115.326881	1.923422	1.638856	1.437723	10.455520
25.252159	86.501511	2.134875	2.187487	0.677629	11.769545
25.339764	111.030670	1.827016	2.296214	0.876761	10.670065
25.757318	181.526794	1.870505	1.501580	1.627913	16.672754
25.773762	263.765747	1.152551	0.988967	2.858481	22.784201
26.030405	156.438400	1.559497	2.288883	1.151612	14.412049
26.201216	156.190720	1.696041	1.649266	1.654689	11.530004
26.311020	168.328400	1.931378	2.029504	1.039114	12.233806
26.398050	348.018372	1.576881	1.412102	2.011010	24.682804
26.718807	120.284912	1.511295	1.356023	2.132675	11.598607
26.817812	53.740669	2.389215	2.609503	0.001271	12.227605
26.933279	183.913361	1.948856	1.736807	1.314326	16.794668
27.029123	107.195427	1.395439	1.252914	2.351632	12.041932
27.157991	323.893188	1.518685	1.604233	1.877079	22.740391
27.178297	329.917786	1.148008	1.283578	2.568418	26.096632
27.461086	190.204376	1.252872	1.193689	2.553433	14.316301
27.978848	213.729828	1.664902	1.416937	1.918161	14.730809
28.126400	210.850891	1.424044	1.271468	2.304485	20.712734
28.152338	90.870605	1.066894	1.205035	2.728071	12.499085
28.379400	126.238167	1.742276	1.694442	1.563277	12.494413
28.504635	98.235023	2.241500	2.403966	0.354530	12.572639
28.804531	126.747826	2.023869	1.510646	1.465482	12.070926
28.826719	92.967514	2.141308	2.211313	0.647373	13.904279
28.937174	108.738533	1.717113	2.369865	0.913017	12.602306
29.348070	188.114105	1.858905	1.535096	1.605998	18.576040
29.386255	269.989349	1.141439	0.984224	2.874320	25.019470
29.663469	162.573914	1.595223	2.229598	1.175174	16.141457
29.869957	149.728302	1.686413	1.616301	1.697272	13.030440
29.894268	181.240005	1.940423	2.053997	1.005578	14.320415
30.011160	361.911224	1.571412	1.417549	2.011032	25.781988
30.282982	103.760178	1.501751	1.380255	2.117987	13.674667
30.423958	58.559544	2.389845	2.608990	0.001154	14.168644
30.523773	224.061508	1.866593	1.646015	1.487381	17.647264
30.542379	168.381668	1.484477	1.464431	2.051091	15.215677
30.720173	327.719818	1.287126	1.143566	2.569303	28.954824
30.787237	305.866852	1.461080	1.718847	1.820068	25.053284
31.177067	139.618805	1.212566	1.112282	2.675152	15.644634
31.627234	224.215012	1.642057	1.312922	2.045012	16.304066
31.696724	233.853653	1.452998	1.311171	2.235822	22.638336
31.736158	112.492844	1.059619	1.274678	2.665696	14.695963
31.910927	118.377472	1.785830	1.772572	1.441594	14.725931
32.155682	117.849739	2.220062	2.378725	0.401216	14.266299
32.385433	119.630989	2.206565	2.191543	0.601894	16.070179
32.479328	132.724747	2.072000	1.487034	1.440970	14.206481
32.557663	131.724976	1.550639	2.378213	1.071150	14.449795
32.966293	226.238708	1.837170	1.515075	1.647757	20.382099
32.974941	286.686951	1.158790	1.008646	2.832564	27.089016
33.289486	178.858826	1.604982	2.181897	1.213117	18.024984
33.467770	160.054550	1.961136	2.095842	0.943014	16.336487
33.583256	174.933289	1.684588	1.543189	1.772213	14.785616
33.625500	403.979095	1.562570	1.439502	1.997909	26.433496
33.907536	132.427200	1.498836	1.336565	2.164590	15.545911
34.026455	166.513611	1.460558	1.431943	2.107492	16.368469
34.030426	63.120747	2.356346	2.573641	0.069980	16.118105
34.141560	220.540710	1.886382	1.816067	1.297546	20.429581
34.251480	403.516174	1.325179	1.207048	2.467768	31.899197
34.386879	299.096008	1.511925	1.677858	1.810215	27.146742
34.887726	140.250229	1.144695	1.017399	2.837899	17.279514
35.253887	229.938171	1.575990	1.086381	2.337621	18.546631
35.275822	288.842163	1.446238	1.307764	2.245991	23.630205
35.313877	209.346741	1.153240	1.531298	2.315449	17.577808
35.439133	120.234581	1.829101	1.837382	1.333511	16.714373
35.800659	139.786789	2.187106	2.370858	0.442026	15.968574
35.953743	168.043976	2.254387	2.180960	0.564642	18.239323
36.119846	146.412857	2.007630	1.555258	1.437110	16.431746
36.181404	159.158096	1.563206	2.308844	1.127942	16.425970
36.553593	298.691589	1.176593	1.024637	2.798773	29.233011
36.600784	240.792374	1.815135	1.496331	1.688530	21.982189
36.896343	216.744324	1.609721	2.150845	1.239429	20.114347
37.052353	195.633072	1.977641	2.136660	0.885692	18.207150
37.245613	397.390106	1.589365	1.414284	1.996345	27.351112
37.312149	159.245270	1.633666	1.535005	1.831332	16.204796
37.512821	219.229904	1.632813	1.210866	2.156318	18.384193
37.591038	151.137924	1.258078	1.493877	2.248020	17.323639
37.636360	72.150269	2.381147	2.616792	0.002035	18.049444
37.766804	247.745285	1.861835	1.807060	1.331100	22.318428
37.789623	426.074371	1.366206	1.256465	2.377327	34.925457
37.971069	331.462280	1.554014	1.667455	1.778524	29.083050
38.540840	143.457687	1.087752	0.945548	2.966696	19.384291
38.842312	169.844696	1.405507	1.072416	2.522073	19.140995
38.868397	271.302094	1.479760	1.358230	2.162003	26.581064
38.919891	241.845367	1.335521	1.534517	2.129960	20.127892
38.998226	142.724991	1.850038	1.880463	1.269500	18.544121
39.408955	148.127762	2.191731	2.365512	0.442753	18.156963
39.559170	173.124664	2.251539	2.180724	0.567729	19.929615
39.728626	137.196152	1.799456	1.612302	1.588239	18.646635
39.796341	146.278397	1.771770	2.255075	0.973144	18.299665
40.130795	343.012238	1.200144	1.052657	2.747200	31.224648
40.232296	259.772888	1.795281	1.476642	1.728080	23.819887
40.481155	218.502716	1.631186	2.151892	1.216920	22.284212
40.658340	240.350494	1.965163	2.148852	0.885983	20.024324
40.887974	369.333130	1.579504	1.400921	2.019571	28.108408
40.949257	175.738144	1.607660	1.514667	1.877673	19.078814
41.125389	235.241501	1.564493	1.269835	2.165669	19.468151
41.240368	88.301712	2.376919	2.621955	0.001106	19.991154
41.260864	131.218399	1.277167	1.372202	2.350629	18.873142
41.332531	463.192352	1.396793	1.286437	2.316773	37.889980
41.394104	244.391235	1.829345	1.803912	1.366733	24.243723
41.548325	361.591064	1.591009	1.671449	1.737532	30.868519
42.107456	154.721115	1.104947	0.958723	2.936327	21.929701
42.459812	221.079727	1.381915	1.095966	2.522110	20.958078
42.480553	303.458252	1.484743	1.350288	2.164972	28.392250
42.520706	289.780518	1.363695	1.504401	2.131897	22.345913
42.600437	164.225647	1.842741	1.898529	1.258727	20.278959
42.985264	155.991608	2.229477	2.357434	0.413085	20.472128
43.194756	151.841980	2.203875	2.197104	0.599014	21.499228
43.302280	154.757782	1.709458	1.703388	1.587152	20.719395
43.410801	141.309982	1.890627	2.170991	0.938377	20.131620
43.714321	353.062714	1.219962	1.076334	2.703701	33.137634
43.851276	278.518982	1.787360	1.473381	1.739257	25.834103
44.058701	227.400009	1.656199	2.163919	1.179876	24.403145
44.278946	234.887375	1.945791	2.137381	0.916819	21.879913
44.476566	229.629456	1.636415	1.489717	1.873858	21.642498
44.550564	392.855896	1.528076	1.388801	2.083117	28.821325
44.841896	238.874313	1.538682	1.316784	2.144531	20.917774
44.845798	93.921791	2.342923	2.578461	0.078603	21.907080
44.887787	502.000275	1.406106	1.320501	2.273393	38.403389
44.934776	186.542801	1.277009	1.304838	2.418149	23.121122
45.014336	257.852448	1.802290	1.806491	1.391206	26.243193
45.127045	390.081940	1.622109	1.676162	1.701725	32.528706
45.631535	179.459579	1.154965	1.012138	2.832901	24.449553
46.083885	308.479584	1.502116	1.223160	2.274727	24.113768
46.104103	353.490265	1.446314	1.305047	2.248633	29.446337
46.121948	328.129059	1.262773	1.385026	2.352199	24.034693
46.237915	172.266327	1.822019	1.881076	1.296909	21.978413
46.560940	162.741226	2.257344	2.358783	0.383861	22.541796
46.830990	148.427826	2.157864	2.214274	0.627852	23.324232
46.860741	166.212616	1.715934	1.756685	1.527375	22.607340
47.018780	157.249054	1.927047	2.133113	0.939835	22.026279
47.305641	363.965668	1.230683	1.090687	2.678632	34.974136
47.456707	300.583374	1.779238	1.489564	1.731198	27.949650
47.641796	291.222137	1.688157	2.160116	1.151726	26.414215
47.901955	263.906616	1.933062	2.118128	0.948807	23.789967
48.005924	256.138824	1.651709	1.523888	1.824402	23.655527
48.219807	355.543457	1.490337	1.336959	2.172705	29.547083
48.451450	102.495384	2.365059	2.621749	0.013180	23.981634
48.461769	517.737305	1.445308	1.333623	2.221062	43.278214
48.541164	235.504913	1.457375	1.230623	2.312000	22.946335
48.564453	211.078369	1.269651	1.306487	2.423861	23.129257
48.623909	299.112396	1.783860	1.819973	1.396160	28.262512
48.712563	422.056335	1.643493	1.681397	1.675110	34.175072
49.165787	264.022552	1.191084	1.054820	2.754096	26.718138
49.682610	306.856873	1.564917	1.380851	2.054224	26.763098
49.732826	317.591339	1.439548	1.299383	2.261060	31.906857
49.741989	206.512344	1.188298	1.204946	2.606739	24.877193
49.900040	213.717926	1.788399	1.835258	1.376337	23.736563
50.147072	171.571365	2.272866	2.362472	0.364651	24.470886
50.421219	197.791351	1.744911	1.787490	1.467594	24.372524
50.456139	170.893387	2.126326	2.230387	0.643275	25.290442
50.622116	159.864182	1.938376	2.128663	0.932951	23.986385
50.910774	396.167450	1.229966	1.093504	2.676526	36.776318
51.051994	298.431427	1.760804	1.522708	1.716485	30.099840
51.235764	295.225983	1.733552	2.134763	1.131677	28.294893
51.520233	260.852905	1.927937	2.100115	0.971941	25.753557
51.557171	293.453674	1.671455	1.553363	1.775174	25.510752
51.872757	372.220612	1.454340	1.304564	2.241091	31.700666
52.057652	111.007477	2.366375	2.628664	0.004958	25.850161
52.063938	524.241516	1.448792	1.325101	2.226111	45.086414
52.153934	199.713806	1.355162	1.231495	2.413338	25.237715
52.205772	219.114166	1.370714	1.294151	2.335135	25.081322
52.223736	312.384460	1.773313	1.832634	1.394054	30.226408
52.309002	447.893372	1.653204	1.697936	1.648859	36.045666
52.735218	274.940186	1.208107	1.077613	2.714276	28.652098
53.278896	379.849152	1.579050	1.411503	2.009439	28.822079
53.346088	196.243744	1.175178	1.168021	2.656825	26.490408
53.357506	329.866455	1.427311	1.291001	2.281684	34.148769
53.563644	255.539673	1.751662	1.775412	1.472926	25.662500
53.745403	195.153976	2.277246	2.365090	0.357650	26.329487
53.998985	248.413544	1.769159	1.807135	1.423700	26.039766
54.068943	196.266312	2.108663	2.244451	0.646873	27.325121
54.219761	164.309753	1.941525	2.137665	0.920807	25.976156
54.526134	421.212463	1.219113	1.085280	2.695605	38.582912
54.641655	309.214691	1.742499	1.561508	1.695990	32.226250
54.842258	271.437439	1.778183	2.098289	1.123520	30.092398
55.130585	253.864609	1.930516	2.075904	0.993569	27.750996
55.135723	334.419617	1.685318	1.584034	1.730640	27.250282
55.484177	457.398743	1.449550	1.312521	2.237921	36.754539
55.662807	99.480835	2.366773	2.632118	0.001082	27.756495
55.688148	452.121277	1.435744	1.299908	2.264347	37.576923
55.738529	383.659668	1.385547	1.224577	2.389877	33.934441
55.816715	295.351074	1.784094	1.847083	1.368807	32.241428
55.819530	240.951050	1.353886	1.309883	2.336220	27.313362
55.922470	477.583313	1.638957	1.701791	1.659242	37.900448
56.336868	262.131012	1.216350	1.087674	2.695977	30.352558
56.880348	356.353851	1.586345	1.396779	2.016862	30.664206
56.943249	189.901199	1.178838	1.189617	2.631531	28.470228
56.973553	358.955444	1.412444	1.285915	2.301638	36.173462
57.204777	243.624130	1.734693	1.730501	1.534806	27.780731
57.355484	204.193192	2.272555	2.364896	0.362543	28.149872
57.605614	276.911377	1.766019	1.804062	1.429918	27.640833
57.667992	199.495667	2.105365	2.255105	0.639524	29.388559
57.816353	184.482925	1.939418	2.151943	0.908636	27.973883
58.148235	426.235931	1.202083	1.069098	2.728821	40.431435
58.229382	349.655457	1.731177	1.597046	1.671773	34.289200
58.456551	329.558258	1.810699	2.060614	1.128682	31.864536
58.731911	286.311584	1.946681	2.074483	0.978835	29.782345
58.742519	326.276337	1.682206	1.584740	1.733051	28.892673
59.065216	581.457520	1.461990	1.333099	2.204909	41.308987
59.268875	116.892731	2.307966	2.548263	0.143761	29.724371
59.273884	249.546219	1.506708	1.371930	2.121352	30.019142
59.380280	562.064087	1.399313	1.198889	2.401799	41.946815
59.397415	293.424347	1.342629	1.349558	2.307817	30.849167
59.408092	343.698273	1.791650	1.867758	1.340586	34.215298
59.547928	459.386932	1.610176	1.685234	1.704584	39.766842
59.960892	327.945557	1.220729	1.090441	2.688828	31.944775
60.484848	390.444305	1.580424	1.305295	2.114283	32.140751
60.522354	235.965820	1.194534	1.294919	2.510552	30.708357
60.580643	348.238586	1.409971	1.288085	2.301941	38.239677
60.809479	254.817352	1.748857	1.722301	1.528844	29.948832
60.975513	222.686676	2.260444	2.362300	0.377249	29.945503
61.245571	281.901672	1.732849	1.769550	1.497590	29.338419
61.259449	217.578979	2.109998	2.266106	0.623893	31.472008
61.415745	195.434082	1.934947	2.163221	0.901827	29.957001
61.773727	425.130798	1.182992	1.049730	2.767282	42.345940
61.820923	341.662903	1.727075	1.623172	1.649750	36.271103
62.075474	347.883057	1.827211	2.028331	1.144453	33.668404
62.327675	327.821198	1.966287	2.070761	0.962949	31.805195
62.377762	356.857391	1.669695	1.581442	1.748864	30.509491
62.632153	609.774231	1.480825	1.354134	2.165048	44.373116
62.853775	252.646805	1.473340	1.284693	2.241953	30.982256
62.875893	117.513481	2.360305	2.628241	0.011424	31.636473
62.947521	282.846588	1.391038	1.381184	2.227770	31.767197
63.001865	376.374451	1.806629	1.881854	1.311510	36.177525
63.035496	565.493530	1.334838	1.187669	2.477493	45.331890
63.176765	479.409332	1.588834	1.668155	1.743005	41.867935
63.599243	346.322632	1.216344	1.083463	2.700191	33.489365
64.077599	268.259705	1.444073	1.109784	2.446141	32.727333
64.111977	455.147095	1.342529	1.507624	2.149845	33.810192
64.178986	365.376190	1.413848	1.298662	2.287486	40.308147
64.388786	265.437531	1.779563	1.736047	1.484393	32.035896
64.601822	240.322876	2.244393	2.356836	0.398763	31.731195
64.844635	235.274277	2.119889	2.278336	0.601768	33.566422
64.898178	276.003265	1.691615	1.726562	1.581820	31.242685
65.019539	197.979599	1.928972	2.169518	0.901510	31.909403
65.399506	459.268646	1.165900	1.031983	2.802106	44.335938
65.419090	347.723602	1.724027	1.638285	1.637683	38.175472
65.694618	307.897095	1.833704	2.001688	1.164604	35.533764
65.919167	340.899139	1.988861	2.072639	0.938496	33.802746
66.034882	361.333313	1.648102	1.566990	1.784908	32.118214
66.194923	614.451599	1.503512	1.376240	2.120249	46.469677
66.443390	256.383636	1.513451	1.246419	2.240122	32.927086
66.480400	113.104485	2.353854	2.622892	0.023236	33.581093
66.488022	355.411621	1.383581	1.455220	2.161196	33.651428
66.601288	332.414978	1.813407	1.888341	1.298244	38.065414
66.674606	538.475647	1.314432	1.182702	2.502862	47.556324
66.804077	521.066345	1.577719	1.649217	1.773060	44.048161
67.244675	311.817322	1.197451	1.061386	2.741167	35.086094
67.655838	217.997314	1.358989	1.110770	2.530237	34.198692
67.715912	422.177185	1.442782	1.526767	2.030447	36.057690
67.771782	385.512238	1.422250	1.315421	2.262329	42.350163
67.961838	245.860291	1.811843	1.756113	1.432037	34.038177
68.230949	251.260300	2.226425	2.350670	0.422896	33.514484
68.427467	242.311676	2.131203	2.290694	0.578100	35.658913
68.541512	235.409988	1.661887	1.695871	1.642237	33.326290
68.627396	224.549988	1.923882	2.169150	0.906971	33.835529
69.016777	477.892670	1.154870	1.018659	2.826465	46.383923
69.025520	399.144775	1.714433	1.644559	1.641008	40.016563
69.309814	340.717346	1.836402	1.980029	1.183562	37.474312
69.511398	366.358429	2.010819	2.078432	0.910743	35.748547
69.708412	335.254822	1.622460	1.543540	1.833993	33.731827
69.758713	667.744934	1.527149	1.399280	2.073570	48.121227
70.013588	375.714386	1.524829	1.339616	2.135547	35.756680
70.059891	287.589966	1.379156	1.368849	2.251998	34.752121
70.085213	125.088371	2.363158	2.635481	0.001347	35.522964
70.206223	372.282013	1.816738	1.884633	1.298627	39.942249
70.296730	588.425659	1.302664	1.193760	2.503571	49.897327
70.426369	518.065063	1.571726	1.634818	1.793450	46.224335
70.887756	311.942566	1.164514	1.025991	2.809488	36.865170
71.239532	267.748810	1.357036	1.141275	2.501677	36.051369
71.319931	434.663269	1.465176	1.520358	2.014458	37.947929
71.361877	404.654816	1.432596	1.334403	2.232993	44.359661
71.535316	266.228699	1.840830	1.773448	1.385711	35.971291
71.854500	258.763855	2.211211	2.345935	0.442839	35.355522
72.015442	271.698639	2.140407	2.300422	0.559155	37.698929
72.168098	236.251373	1.651504	1.682716	1.665773	35.522350
72.239014	243.088882	1.916046	2.166914	0.917033	35.737049
72.627388	462.903442	1.151025	1.012085	2.836878	48.461403
72.639679	388.948273	1.698718	1.642617	1.658662	41.820988
72.918091	388.886230	1.841075	1.965783	1.193137	39.490440
73.107353	367.847229	2.025362	2.085037	0.889593	37.644684
73.328827	689.593872	1.551495	1.417322	2.031181	49.552475
73.388512	338.345490	1.598555	1.522283	1.879155	35.333492
73.559280	367.056702	1.496249	1.401790	2.101962	37.927635
73.679886	286.877014	1.411154	1.317055	2.271795	36.488293
73.690216	148.055679	2.356230	2.627377	0.016389	37.457428
73.816971	444.403259	1.818841	1.871137	1.310015	41.826180
73.905067	645.671082	1.302823	1.209642	2.487529	52.326256
74.041206	514.786621	1.566139	1.630579	1.803279	48.362572
74.513924	319.186920	1.135635	0.994490	2.869877	38.916481
74.837029	321.397705	1.359347	1.162690	2.477980	37.875214
74.919899	458.945435	1.479977	1.518174	2.001847	39.812191
74.952293	426.714203	1.442199	1.351610	2.206193	46.351166
75.117485	294.989380	1.861537	1.787349	1.351121	37.843147
75.465744	251.340057	2.204525	2.345829	0.449639	37.387459
75.614990	313.737091	2.142931	2.303513	0.553552	39.550247
75.774994	268.562622	1.655578	1.686400	1.658012	37.738823
75.851990	243.954086	1.908642	2.162530	0.928827	37.627491
76.232674	496.567291	1.154346	1.011686	2.833966	50.545750
76.258545	392.668579	1.679070	1.637568	1.683364	43.637035
76.518288	385.446259	1.852254	1.960817	1.186925	41.552704
76.710762	355.707214	2.029910	2.086594	0.883487	39.506721
76.908867	678.840759	1.568779	1.434046	1.997177	50.945835
77.039314	277.149475	1.596430	1.511976	1.891593	37.654259
77.141418	442.002167	1.472323	1.399906	2.127771	39.343765
77.296280	143.766464	2.355676	2.628484	0.015833	39.398567
77.309029	252.204575	1.400688	1.293004	2.306317	38.293827
77.431160	391.600128	1.819650	1.852022	1.328324	43.740921
77.504486	645.024231	1.309620	1.223308	2.467072	54.662827
77.648514	550.715149	1.560890	1.637179	1.801942	50.449646
78.111336	316.277100	1.135229	0.990173	2.874595	41.172161
78.460945	322.439026	1.356470	1.153023	2.490501	39.702927
78.517052	414.633850	1.478794	1.523938	1.997269	41.688457
78.546593	436.493683	1.449207	1.364064	2.186730	48.283360
78.711815	282.407410	1.873181	1.794520	1.332293	39.664715
79.063965	275.399628	2.209288	2.350456	0.440239	39.585602
79.229210	304.899902	2.136500	2.299496	0.563993	41.232704
79.365219	263.983643	1.671170	1.699781	1.629047	39.898693
79.465866	269.749146	1.898890	2.161464	0.939638	39.519157
79.828995	531.678711	1.164098	1.017378	2.818521	52.606644
79.877747	468.850403	1.659853	1.632239	1.707906	45.517555
80.112198	399.170013	1.868772	1.963839	1.167384	43.618671
80.320007	374.973480	2.023737	2.083891	0.892365	41.368351
80.502579	719.044739	1.578623	1.443474	1.977901	52.260895
80.611969	380.720093	1.586603	1.502733	1.910653	40.676399
80.804077	364.927979	1.461901	1.382617	2.155478	40.143173
80.902092	157.088120	2.360816	2.637319	0.001841	41.347122
80.945679	286.000580	1.374345	1.271441	2.354210	40.313602
81.046204	404.711365	1.823198	1.827657	1.349139	45.694168
81.098984	694.436584	1.317212	1.231716	2.451067	56.778976
81.248512	566.496765	1.556901	1.653992	1.789103	52.460251
81.684616	340.660217	1.159594	1.008971	2.831432	43.461758
82.096321	414.694092	1.414066	1.175695	2.410244	42.015678
82.115257	529.614868	1.401961	1.479571	2.118470	43.235512
82.146858	469.221588	1.451587	1.371021	2.177388	50.119381
82.319099	311.393768	1.871975	1.796213	1.331810	41.462616
82.653847	271.710968	2.220528	2.356627	0.422833	41.750885
82.850716	269.878540	2.125793	2.292128	0.582062	42.956501
82.945938	282.093445	1.693271	1.718585	1.588135	41.969105
83.078018	279.110352	1.890219	2.162289	0.947482	41.413971
83.422501	520.609680	1.177713	1.027312	2.794972	54.632992
83.494637	450.782654	1.644923	1.628437	1.726635	47.468666
83.703529	394.560089	1.885935	1.970543	1.143516	45.655201
83.933487	395.735474	2.011462	2.079737	0.908793	43.254616
84.111038	740.352661	1.579324	1.443723	1.976948	53.565826
84.168121	400.132812	1.595085	1.508702	1.896209	42.895466
84.481339	336.181305	1.443487	1.341970	2.214545	41.852264
84.507828	177.492722	2.360215	2.637999	0.001770	43.287827
84.577263	294.760864	1.352612	1.273730	2.373659	43.064274
84.660744	479.185059	1.831468	1.800427	1.368101	47.686584
84.693504	727.503357	1.319174	1.232524	2.448301	58.188133
84.842712	565.677917	1.553388	1.679725	1.766882	54.373680
85.248604	359.893860	1.190352	1.033511	2.776131	45.697918
85.707924	485.237122	1.557743	1.485750	1.956505	45.662510
85.744003	301.631531	1.243073	1.149015	2.607918	43.663830
85.753845	509.646240	1.444515	1.368581	2.186897	51.844025
85.938896	354.938721	1.860008	1.790215	1.349774	43.262501
86.242645	261.228546	2.233890	2.360962	0.405139	43.811745
86.472755	263.116669	2.115331	2.284604	0.600054	44.785679
86.520218	332.707733	1.717809	1.740918	1.541261	43.943409
86.687828	283.201813	1.883261	2.165551	0.951182	43.325420
87.013603	540.596680	1.193179	1.038824	2.767985	56.609596
87.106865	421.998047	1.635962	1.627163	1.736867	49.473080
87.296303	410.676453	1.899301	1.977854	1.122840	47.647289
87.548744	430.044525	1.997292	2.076190	0.926515	45.167027
87.728256	431.589935	1.610241	1.518076	1.871677	44.937695
87.735435	733.802795	1.569821	1.434346	1.995831	54.860046
88.114014	163.379578	2.359580	2.638824	0.001564	45.229668
88.147774	341.600067	1.442679	1.279237	2.278082	43.945049
88.199181	367.927917	1.330517	1.310520	2.358957	47.364819
88.271942	455.255005	1.844654	1.771500	1.383836	49.727478
88.289993	696.820007	1.308562	1.229401	2.462030	57.989594
88.433617	605.966492	1.550102	1.710983	1.738914	56.208412
88.815437	384.878387	1.216658	1.053973	2.729363	47.823193
89.309464	490.377930	1.558975	1.509176	1.931839	47.751354
89.364967	488.798706	1.445548	1.361459	2.192989	53.812199
89.377396	303.320679	1.220223	1.109186	2.670583	45.493107
89.568039	347.961121	1.839962	1.775594	1.384438	45.092731
89.833549	265.756622	2.246685	2.362624	0.390682	45.783154
90.092407	245.837158	2.106119	2.278932	0.614934	46.697956
90.094154	335.494476	1.743209	1.763310	1.493477	45.829105
90.295006	309.376007	1.877362	2.171643	0.950988	45.264122
90.605309	588.021912	1.207923	1.049966	2.742103	58.536015
90.714012	473.650116	1.634181	1.627954	1.737859	51.510311
90.892456	463.240967	1.906440	1.984638	1.108914	49.592499
91.162827	466.072021	1.983717	2.074590	0.941690	47.107391
91.295921	462.985748	1.627993	1.527991	1.844013	46.835369
91.374329	775.407227	1.549986	1.416105	2.033903	56.251572
91.720108	167.532211	2.358879	2.639545	0.001543	47.170830
91.787964	537.540527	1.471820	1.195066	2.333104	48.989674
91.813980	523.704834	1.305444	1.375865	2.318688	50.081055
91.879204	470.477234	1.853644	1.733961	1.412386	51.854229
91.887001	692.001282	1.295475	1.249036	2.455488	56.590569
92.024139	632.371155	1.547787	1.742655	1.709558	57.996410
92.395355	431.353699	1.231993	1.065635	2.702364	49.795631
92.915077	517.445068	1.561579	1.509706	1.928710	49.770699
92.980194	503.656525	1.437191	1.352925	2.209886	55.712597
92.994736	314.975433	1.209120	1.095231	2.695668	47.520000
93.202248	372.927582	1.813431	1.755719	1.430847	46.984821
93.429138	274.173706	2.258401	2.360544	0.381040	47.701370
93.673393	363.167389	1.766286	1.782131	1.451583	47.626850
93.706886	248.980438	2.100266	2.275716	0.624013	48.665081
93.899574	323.269562	1.873675	2.178771	0.947550	47.223614
94.199440	592.571472	1.219775	1.058906	2.721323	60.426437
94.315979	491.579773	1.639421	1.630190	1.730386	53.556419
94.493401	485.958923	1.905937	1.990947	1.103112	51.492550
94.774979	484.089874	1.972426	2.075071	0.952496	49.074833
94.871452	487.424164	1.644468	1.536914	1.818626	48.692692
95.023003	761.550537	1.522819	1.390358	2.086826	57.645596
95.324394	179.800476	2.358293	2.640258	0.001424	49.112057
95.389359	566.498779	1.442474	1.244739	2.312790	56.208584
95.435822	373.029053	1.368004	1.294498	2.337483	50.835632
95.478241	697.757385	1.346310	1.302200	2.351487	55.235500
95.483650	578.101013	1.790473	1.705090	1.504429	53.927204
95.616745	647.102966	1.547929	1.767702	1.684367	59.775711
95.990051	463.031250	1.234985	1.068246	2.696770	51.635334
96.524826	536.840149	1.561640	1.502266	1.936094	51.760281
96.597137	549.532471	1.427760	1.340816	2.231426	57.612282
96.605026	321.881561	1.206311	1.097734	2.695945	49.601086
96.835030	410.390594	1.785078	1.736166	1.478748	48.962742
97.030144	277.337189	2.267565	2.355605	0.376823	49.577686
97.262253	428.929413	1.783675	1.793627	1.422696	49.349445
97.317039	276.633057	2.097442	2.275282	0.627260	50.673199
97.502457	332.692078	1.872218	2.185487	0.942281	49.198624
97.797699	592.462952	1.227417	1.064141	2.708442	62.283028
97.914185	488.284088	1.650425	1.633238	1.716340	55.593185
98.099510	494.512634	1.898849	1.996463	1.104680	53.360016
98.383995	510.001953	1.964429	2.077623	0.957937	51.060841
98.461296	522.479553	1.658245	1.542736	1.799008	50.495148
98.680229	734.661133	1.489700	1.359361	2.150939	59.030079
98.930458	166.128326	2.357805	2.640636	0.001529	51.054337
98.980026	709.809021	1.438546	1.274533	2.286921	60.956001
99.040489	525.191711	1.419348	1.209422	2.371218	54.903931
99.067177	571.523804	1.277214	1.350476	2.372300	53.517235
99.084290	517.274963	1.849000	1.735762	1.415226	55.662666
99.214226	661.939941	1.549854	1.778614	1.671529	61.554081
99.600533	468.151031	1.229178	1.065614	2.705201	53.398811
100.138039	516.940613	1.560127	1.487755	1.952118	53.720734
100.202370	349.769836	1.214144	1.111502	2.674347	51.705685
100.213493	533.069397	1.416489	1.330267	2.253237	59.512066
100.459625	393.297363	1.762130	1.724319	1.513553	51.025169
100.635414	295.195404	2.273752	2.348113	0.378129	51.428707
100.865410	435.123169	1.790926	1.792051	1.417019	51.029556
100.922005	295.255615	2.097398	2.277045	0.625540	52.707386
101.104866	349.971893	1.871085	2.191900	0.937003	51.179020
101.401611	639.756714	1.230412	1.064927	2.704664	64.120163
101.509872	506.652100	1.664590	1.636874	1.698533	57.608665
101.709938	479.684875	1.886988	2.001128	1.111877	55.211662
101.988892	508.450623	1.960226	2.082242	0.957517	53.059544
102.062057	547.382812	1.667153	1.544796	1.788041	52.247295
102.340088	768.384033	1.452765	1.324131	2.223110	60.256630
102.536003	169.646271	2.357034	2.640916	0.002029	52.996140
102.569633	853.672180	1.443919	1.290668	2.265410	65.604385
102.622398	652.299988	1.430114	1.202123	2.367762	57.029381
102.649391	527.187378	1.295385	1.376611	2.328004	53.763531
102.683205	536.389893	1.861907	1.750835	1.387250	57.626015
102.817482	685.901917	1.552191	1.773516	1.674292	63.341919
103.221359	459.966187	1.219933	1.061303	2.718763	55.142754
103.752754	558.931641	1.557205	1.452504	1.990290	55.620655
103.786232	369.895782	1.222409	1.152587	2.624990	53.739002
103.827538	536.331787	1.412429	1.321290	2.266275	61.530830
104.072845	399.433533	1.749509	1.726107	1.524378	53.122921
104.247154	321.599335	2.275813	2.340410	0.383773	53.274521
104.482758	453.978699	1.787520	1.772765	1.439713	52.725853
104.521408	319.351715	2.100712	2.279965	0.619311	54.745213
104.706047	363.147705	1.869486	2.196635	0.933870	53.157127
105.010277	654.527039	1.228442	1.061480	2.710074	65.955086
105.104912	515.367676	1.679228	1.641027	1.679733	59.598167
105.323242	465.498932	1.872712	2.004159	1.123119	57.059155
105.591278	493.316101	1.959733	2.088881	0.951373	55.059586
105.673515	588.461487	1.671572	1.541312	1.787110	53.967564
105.996078	716.259827	1.411215	1.288005	2.300777	61.254322
106.142281	185.149506	2.356792	2.641349	0.001822	54.937679
106.162643	895.858093	1.452955	1.304233	2.242812	70.947784
106.200882	609.534973	1.438265	1.220804	2.340927	57.502300
106.226135	521.101074	1.319397	1.388659	2.291935	55.097210
106.280617	559.131836	1.872368	1.771160	1.356472	59.599342
106.425957	716.195129	1.555680	1.757364	1.686953	65.209221
106.847679	449.556519	1.210216	1.057180	2.732607	56.878620
107.356133	533.270264	1.408453	1.186903	2.404643	56.335190
107.373894	709.243469	1.383121	1.428856	2.188015	56.944859
107.438263	600.603394	1.409346	1.315384	2.275264	63.530655
107.673164	437.791260	1.750044	1.737507	1.512445	55.196789
107.861816	330.764862	2.276350	2.329648	0.393991	55.102909
108.111481	490.722107	1.774504	1.746045	1.479450	54.522766
108.117371	362.880219	2.106723	2.280669	0.612597	56.788776
108.307289	370.645935	1.863230	2.203640	0.933119	55.125286
108.622658	644.883423	1.222528	1.054207	2.723259	67.802734
108.700722	557.768127	1.692808	1.644519	1.662663	61.559109
108.938133	509.803467	1.857200	2.005998	1.136799	58.930668
109.190819	511.720184	1.962896	2.096264	0.940828	57.053524
109.298096	607.300354	1.670651	1.532453	1.796892	55.668293
109.634445	632.656189	1.374308	1.262965	2.362730	62.916119
109.748238	180.205490	2.356627	2.641297	0.002022	56.879578
109.770737	933.992371	1.480179	1.292078	2.227743	72.199562
109.778702	701.874329	1.452423	1.288032	2.259531	61.022923
109.800171	532.593811	1.326938	1.370839	2.302216	56.641094
