
16.000000	-11.733321	-90.259186	62.464661

-90.259186	-0.999996
-86.654579	-0.999971
-83.057487	-0.999999
-79.453354	-0.999990
-75.855728	-1.000006
-74.095314	-0.999999
-72.253006	-1.000000
-70.488899	-0.999997
-68.646469	-1.000013
-66.888351	-1.000019
-65.518639	-0.999992
-65.040817	-1.000001
-63.285934	-1.000006
-61.920738	-1.000005
-61.439499	-1.000007
-59.680439	-1.000006
-59.204624	-0.999990
-58.317196	-0.999998
-57.837948	-0.999994
-56.076836	-0.999998
-55.605995	-0.999999
-54.716610	-0.999991
-54.235092	-0.999985
-52.475361	-0.999993
-52.004223	-0.999997
-51.298901	-1.000004
-51.113853	-0.999991
-50.636501	-0.999998
-48.874268	-0.999992
-48.404026	-1.000002
-47.700069	0.999946
-47.699348	-0.999958
-47.513344	-0.999990
-47.035248	-0.999996
-45.618000	-1.000005
-45.275036	-1.000001
-44.802132	-1.000003
-44.100117	0.999990
-44.096684	-0.999992
-43.913712	-1.000002
-43.727215	-0.999987
-43.435673	-0.999990
-42.016941	-0.999992
-41.674835	-0.999987
-41.352989	0.999985
-41.201122	-0.999996
-40.499275	0.999970
-40.493366	-0.999958
-40.316063	-0.999994
-40.124725	-0.999995
-39.835320	-0.999999
-38.420097	-1.000005
-38.369278	-1.000005
-38.079708	-1.000011
-37.753326	0.999983
-37.600170	-1.000001
-36.902145	0.999967
-36.893314	-0.999970
-36.721355	-0.999996
-36.521545	-0.999997
-36.236343	-1.000006
-35.344398	0.999981
-34.819817	-1.000008
-34.767502	-0.999999
-34.479515	-0.999992
-34.156887	1.000004
-34.002934	-0.999992
-33.322922	-0.999990
-33.300014	0.999958
-33.292583	-0.999950
-33.131264	-0.999984
-32.912884	-0.999988
-32.634491	-1.000012
-31.748215	0.999999
-31.454109	-1.000010
-31.221548	-1.000009
-31.168245	-0.999998
-30.883350	-1.000004
-30.558716	1.000002
-30.402987	-0.999993
-29.723040	-0.999766
-29.705050	0.999989
-29.694532	-0.999814
-29.673223	0.999602
-29.550039	-0.999998
-29.304932	-1.000000
-29.030689	-0.999997
-28.294418	1.000000
-28.149410	0.999991
-27.854366	-1.000016
-27.622402	-0.999997
-27.568138	-0.999993
-27.289204	-0.999995
-26.962835	1.000007
-26.806580	-0.999996
-26.728903	-0.999994
-26.124527	-0.999979
-26.111151	1.000002
-26.093613	-0.990521
-26.073648	0.990517
-25.973028	-0.999987
-25.693300	-0.999996
-25.427067	-1.000008
-24.872126	-0.999996
-24.695591	0.999994
-24.553940	0.999996
-24.333033	0.999979
-24.250856	-0.999985
-24.026207	-1.000005
-23.970272	-0.999986
-23.697226	-0.999995
-23.366583	0.999986
-23.209799	-1.000003
-23.129259	-0.999979
-22.943027	0.999976
-22.526545	-0.999542
-22.515394	1.000004
-22.498632	-0.999726
-22.478849	0.999276
-22.403353	-0.999997
-22.317997	-1.000001
-22.081421	-0.999992
-21.817995	-1.000001
-21.267899	-0.999965
-21.099016	0.999989
-20.958672	0.999994
-20.738062	1.000006
-20.649338	-0.999984
-20.475655	-1.000000
-20.433300	-1.000008
-20.369934	-0.999986
-20.103312	-0.999987
-19.775822	0.999997
-19.608692	-0.999983
-19.528540	-0.999987
-19.345467	0.999987
-19.328051	0.999988
-18.930777	-0.999990
-18.925995	1.000000
-18.903666	-0.999423
-18.883575	0.999127
-18.839916	-0.999674
-18.720535	-0.999991
-18.472042	-0.999989
-18.207798	-0.999995
-17.928572	1.000003
-17.658943	-0.999979
-17.501015	0.999997
-17.366747	1.000000
-17.142775	0.999970
-17.051987	-0.999967
-16.892763	-0.999994
-16.840933	-0.999992
-16.762959	-0.999990
-16.514141	-0.999992
-16.382635	-0.999970
-16.187031	0.999964
-16.010689	-1.000000
-15.927968	-0.999976
-15.741429	0.999994
-15.733994	0.999982
-15.337547	-0.999945
-15.332030	0.999992
-15.316505	-0.999084
-15.291059	0.998388
-15.276474	-0.999310
-15.123162	-0.999998
-14.868601	-0.999991
-14.657634	0.999986
-14.592847	-0.999977
-14.544927	-0.999970
-14.333248	0.999989
-14.050148	-0.999995
-13.906032	0.999999
-13.771555	1.000003
-13.549006	0.999989
-13.458822	-0.999986
-13.326836	-0.999937
-13.252144	-0.965813
-13.246035	0.965698
-13.145280	-0.999932
-12.924401	-0.999989
-12.786351	-0.999990
-12.608951	0.998806
-12.607040	-0.998805
-12.409494	-0.999992
-12.329163	-0.999988
-12.140427	0.999975
-12.138756	0.999986
-11.831172	0.999974
-11.755434	-0.999960
-11.746842	-0.999957
-11.744717	0.999963
-11.700583	0.806475
-11.698871	-0.806467
-11.527718	-0.999998
-11.269679	-0.999987
-11.065935	0.999977
-10.976945	-0.999988
-10.945182	-0.999966
-10.778263	-0.999968
-10.745859	0.999974
-10.438880	-0.999910
-10.320973	0.999998
-10.313988	0.999918
-10.177042	0.999993
-9.959788	0.999980
-9.868728	-0.999976
-9.775137	-0.999999
-9.666615	-0.998504
-9.650860	0.998500
-9.515873	-0.999981
-9.339282	-0.999997
-9.193764	-0.999992
-9.034195	0.999866
-9.014573	-0.999994
-8.950724	-0.999901
-8.895289	0.999977
-8.807634	-0.999943
-8.731362	-0.999989
-8.551074	0.999993
-8.537803	0.999996
-8.234484	0.999733
-8.213913	-0.999717
-8.163285	0.999992
-8.154879	-0.999962
-8.112254	0.993620
-8.109675	-0.993633
-7.935931	-0.999993
-7.680802	-0.999989
-7.476279	0.999981
-7.469946	0.999986
-7.359417	-0.999966
-7.351765	-0.999991
-7.326380	-0.999983
-7.177873	-0.999572
-7.165066	0.999578
-6.829824	-0.999985
-6.734172	0.999996
-6.725503	0.999992
-6.577214	0.999994
-6.375755	0.999951
-6.312903	0.999562
-6.291061	-0.999582
-6.231411	-0.999913
-6.085945	-0.999327
-6.060488	0.999335
-5.889957	-0.999982
-5.750757	-0.999969
-5.607913	-0.999991
-5.497671	-0.999984
-5.467659	0.999989
-5.423386	-0.999992
-5.340089	-0.999963
-5.303359	0.999947
-5.203286	-0.999963
-5.137923	-0.999987
-4.984535	0.999997
-4.938855	0.999985
-4.857374	1.000000
-4.679874	-0.999918
-4.645797	0.999879
-4.573850	0.999987
-4.564928	-0.999984
-4.526855	0.999570
-4.518569	-0.999472
-4.352026	-0.999993
-4.191123	-1.000007
-4.097900	-0.999979
-3.889570	0.999982
-3.867996	0.999998
-3.775350	-0.999974
-3.737725	-0.999963
-3.722086	-0.999997
-3.623485	0.999975
-3.578295	-0.999978
-3.416622	0.999987
-3.224238	-0.999968
-3.151066	0.999993
-3.140260	0.999973
-2.974101	0.999985
-2.797867	0.999978
-2.764857	0.999219
-2.751899	-0.999165
-2.662374	-0.999969
-2.602677	0.999993
-2.509387	-0.999510
-2.477559	0.999557
-2.392205	-0.999975
-2.279980	-0.999981
-2.164306	-0.999918
-2.016568	-0.999976
-1.908360	0.999826
-1.865292	-0.999976
-1.839936	-0.999990
-1.729463	-0.999832
-1.712960	0.999975
-1.596212	-0.999941
-1.544655	-0.999938
-1.443149	0.999959
-1.343970	0.999990
-1.268496	0.999997
-1.154119	0.999647
-1.153339	-0.999495
-1.066769	0.999972
-0.994152	0.999979
-0.973344	-0.999782
-0.940148	0.996319
-0.923499	-0.996416
-0.777473	-0.999975
-0.601875	-0.999994
-0.594072	-0.999976
-0.521375	-0.999914
-0.305622	0.999982
-0.268907	0.999992
-0.187968	-0.999973
-0.119667	-0.999954
-0.117595	-0.999874
-0.114948	0.999928
0.006488	-0.999982
0.188119	0.999988
0.279397	0.999990
0.379953	-0.999959
0.424101	0.999823
0.434054	-0.999810
0.449187	0.999974
0.637797	0.999974
0.646192	0.999965
0.749747	-0.997805
0.772650	0.997882
0.818881	0.999981
0.929151	-0.999915
1.030265	0.999100
1.063297	-0.997704
1.103205	0.998749
1.159479	-0.999979
1.311217	-0.999906
1.422292	-0.999716
1.593804	-0.999950
1.641628	0.999914
1.687380	0.999974
1.741368	-0.999949
1.778296	-0.999965
1.858847	-0.999799
1.862217	0.999796
2.011290	-0.999811
2.051455	-0.999686
2.078370	0.999776
2.122712	0.999955
2.240314	-0.999758
2.242882	0.999713
2.347126	0.999971
2.369565	-0.999487
2.483520	0.999976
2.503369	0.999932
2.592338	0.999906
2.619896	-0.999556
2.646196	0.998599
2.670900	-0.998691
2.789380	-0.999860
2.911000	-0.999974
2.923149	-0.999946
2.999825	-0.999967
3.051039	-0.999682
3.282510	0.999921
3.301883	0.999916
3.379664	0.999920
3.433891	-0.999851
3.467958	-0.999952
3.499948	-0.999700
3.582744	-0.997809
3.585529	0.997885
3.661890	0.999975
3.790444	0.999971
3.901635	0.999945
3.979519	-0.999845
3.993474	0.999828
4.018517	-0.999909
4.033731	0.999833
4.054658	-0.999924
4.217870	0.999784
4.231441	-0.999208
4.263593	0.999730
4.340712	0.999804
4.395047	0.999907
4.535793	-0.999666
4.631555	-0.999405
4.643468	0.999912
4.661396	-0.999777
4.694162	0.999840
4.749396	-0.999971
4.879520	-0.999654
5.009198	-0.999131
5.068027	0.999942
5.149348	0.999970
5.184741	0.999661
5.223733	-0.999739
5.243871	0.999961
5.322877	-0.999701
5.399000	-0.999878
5.419589	0.999771
5.431330	-0.999766
5.596173	0.999704
5.611404	-0.999461
5.662004	-0.999456
5.697993	0.999891
5.824173	-0.999814
5.826067	0.999711
5.889988	-0.998413
5.944056	0.999882
6.083599	0.999872
6.083807	0.999794
6.180254	0.999686
6.212910	-0.999245
6.236173	0.998285
6.265744	-0.997801
6.334374	0.999656
6.349688	-0.999200
6.368257	-0.999529
6.446639	-0.999740
6.563482	-0.999949
6.574439	-0.999747
6.620371	-0.998967
6.649803	0.999957
6.792107	0.999570
6.880008	0.999557
6.913056	0.999780
6.941370	-0.999933
7.042428	-0.999605
7.077188	-0.999477
7.121259	-0.999064
7.153598	0.996165
7.160365	-0.995925
7.240836	0.999675
7.348590	0.999812
7.470206	0.999668
7.552261	-0.998085
7.556954	0.997941
7.575975	-0.999371
7.629910	0.999060
7.660952	-0.999514
7.699998	-0.997912
7.709069	0.999484
7.855532	0.999671
7.887362	0.999492
7.903307	0.999166
7.976893	0.999385
8.070966	-0.998919
8.151694	-0.998159
8.161962	0.999210
8.203039	-0.997706
8.254015	0.999339
8.299655	0.999441
8.347613	-0.999732
8.426194	-0.998654
8.596992	-0.997601
8.630170	0.999586
8.674424	0.996837
8.685820	-0.996642
8.722043	0.998770
8.743938	0.999612
8.748695	0.411545
8.751358	-0.411610
8.910013	-0.998318
8.939131	-0.986658
8.941939	0.986058
8.992770	-0.999242
9.006887	-0.999032
9.081097	0.999119
9.181824	0.997496
9.193556	-0.996528
9.286889	-0.998199
9.323953	0.999313
9.351611	-0.999370
9.405983	0.587391
9.408659	-0.583575
9.589620	0.999349
9.673510	0.976216
9.677154	-0.894438
9.677486	0.918687
9.777421	0.999081
9.800174	-0.997056
9.827349	0.998185
9.876670	-0.997519
9.910012	0.998206
9.915308	-0.996996
9.943445	-0.997559
10.125282	-0.998200
10.149145	0.999154
10.183424	-0.996965
10.190372	-0.998069
10.212937	0.996258
10.278715	0.999552
10.454303	-0.998810
10.455525	-0.997142
10.472470	0.997223
10.491272	0.997313
10.517140	0.998704
10.584595	-0.998240
10.617376	-0.997372
10.686551	0.997011
10.724970	-0.997465
10.747206	-0.996447
10.761482	0.998564
10.799088	0.996547
10.846370	-0.998647
10.972299	0.998695
11.037351	-0.996439
11.075370	0.997735
11.105825	0.995830
11.161222	-0.992243
11.189300	-0.997146
11.207662	0.996304
11.229972	0.992214
11.253560	-0.992893
11.432637	-0.985290
11.443245	0.988436
11.465958	0.996409
11.510030	0.998494
11.552884	0.996424
11.623016	0.998634
11.771914	-0.993639
11.774840	-0.995994
11.824059	0.999134
11.870558	-0.955882
11.874161	0.955515
11.875782	0.997874
11.936960	0.997034
11.955918	-0.993756
12.058157	-0.997891
12.156522	0.996712
12.164882	-0.996433
12.187099	0.927785
12.187263	-0.925409
12.244701	0.985086
12.248302	-0.988124
12.262546	0.995609
12.296064	-0.995115
12.308721	0.996153
12.373953	0.991532
12.390669	0.992202
12.506521	-0.993248
12.525057	0.998102
12.565249	-0.719385
12.567482	0.718926
12.585975	-0.994415
12.669743	-0.996984
12.689037	0.994334
12.787214	-0.992863
12.889848	0.994828
12.910975	-0.993391
12.934155	-0.987738
12.940322	-0.989583
12.984712	0.925873
12.989978	-0.925861
13.091790	0.997190
13.188961	0.995867
13.274244	-0.993778
13.286666	0.995474
13.298384	0.995277
13.368733	-0.978881
13.384335	0.975175
13.404085	-0.984162
13.409472	0.997536
13.421749	0.990832
13.475473	-0.989199
13.502332	-0.991550
13.591748	0.982776
13.637567	0.986786
13.668038	-0.986894
13.682916	-0.989596
13.705472	0.994952
13.748113	0.962829
13.757071	-0.980578
13.784377	-0.966769
13.813718	0.972238
13.840599	0.989755
13.880270	-0.993365
13.880632	-0.991165
13.952792	0.990879
13.959955	-0.993133
14.032721	0.993161
14.115067	0.992880
14.125696	-0.990909
14.196339	-0.989157
14.246635	0.971192
14.305824	0.991076
14.341426	-0.991793
14.343748	-0.984803
14.359267	0.980192
14.456530	0.990472
14.535046	0.972880
14.581106	0.929404
14.591358	-0.922680
14.651247	-0.983151
14.653036	-0.986554
14.711686	0.983280
14.729915	-0.592408
14.735931	0.619763
14.830654	0.992331
14.837074	-0.988095
14.917393	-0.992943
14.987692	0.979983
14.997645	0.956341
15.030416	0.987798
15.037918	0.979584
15.089407	0.981531
15.092012	0.991776
15.126028	0.947769
15.143603	-0.959351
15.220950	0.978597
15.317142	-0.930666
15.353858	-0.908871
15.372101	0.008190
15.377911	0.882647
15.396728	-0.019643
15.408072	-0.925721
15.422776	-0.987341
15.475701	-0.970167
15.594427	0.980394
15.615047	0.071273
15.629924	-0.962505
15.632620	-0.067606
15.648750	-0.953225
15.658119	0.934403
15.677219	0.973177
15.694777	0.952659
15.781061	-0.967878
15.817401	0.967862
15.880786	0.971065
15.906329	0.948655
15.924883	0.925779
15.976282	0.964996
16.032909	-0.929917
16.118761	-0.975946
16.155560	0.806476
16.165607	-0.798046
16.190641	0.473202
16.203743	-0.616157
16.218956	-0.948907
16.248104	-0.606107
16.249733	0.724341
16.338835	-0.340985
16.350683	0.778385
16.382833	-0.922694
16.434080	0.776723
16.442301	0.532068
16.469370	-0.972116
16.552454	-0.969086
16.580551	0.971615
16.628122	-0.261868
16.668270	-0.950329
16.679499	0.901351
16.709335	0.917086
16.748648	0.443637
16.774529	-0.740701
16.805634	0.712652
16.864815	0.460094
16.866657	-0.501554
16.876186	-0.542810
16.893478	0.859793
16.930237	-0.924791
16.964575	0.584944
17.001156	-0.839087
17.030270	0.910548
17.059263	-0.350403
17.062836	0.799056
17.069788	0.400971
17.086170	0.941797
17.110992	-0.817778
17.124472	-0.964355
17.152666	-0.852313
17.232920	-0.868314
17.244417	0.199549
17.251549	-0.239046
17.300577	0.791303
17.336943	-0.950832
17.353928	0.825152
17.357006	0.809681
17.409082	0.900724
17.467033	0.744706
17.474232	-0.123709
17.596306	0.775067
17.680660	0.295086
17.712889	-0.174914
17.738512	-0.550837
17.751631	0.697188
17.761900	0.925587
17.776260	-0.025841
17.845190	-0.182622
17.855034	0.850927
17.872021	0.441555
17.876518	0.743010
17.902239	0.852620
17.934757	-0.808253
17.936115	-0.971761
17.970375	0.860123
17.979704	-0.527358
17.991941	0.392430
18.028893	-0.220092
18.078917	-0.842413
18.108746	-0.109325
18.138483	-0.370393
18.158119	-0.598874
18.223082	0.330460
18.245895	0.185609
18.273039	0.769535
18.280064	-0.921009
18.410044	-0.025932
18.412939	-0.065498
18.457285	-0.221248
18.462166	0.978895
18.569693	-0.096779
18.609100	0.930310
18.617451	-0.945476
18.618319	-0.425750
18.628504	0.362340
18.668980	0.919473
18.674564	0.404922
18.717943	0.423936
18.758478	0.287817
18.819660	0.185666
18.822577	-0.340768
18.832853	0.391954
18.841076	0.442564
18.896582	0.579532
18.915388	-0.829024
18.950819	0.132476
18.959049	0.024266
19.005098	0.606386
19.043633	-0.576371
19.055445	0.441121
19.062065	-0.747577
19.090597	-0.200743
19.102863	-0.334027
19.106647	-0.003764
19.174986	0.524643
19.224110	-0.327245
19.255314	-0.309299
19.278479	0.404425
19.290691	-0.640950
19.305586	0.882551
19.327211	0.347499
19.361818	0.469503
19.380209	-0.909640
19.402222	0.774839
19.414408	0.574496
19.451509	-0.289093
19.466660	0.300686
19.518980	0.706078
19.531622	0.339444
19.540174	0.277648
19.592018	0.733206
19.598278	0.380359
19.641026	0.078640
19.681950	-0.193060
19.723753	-0.752838
19.733944	-0.310304
19.745678	-0.773671
19.804384	-0.504979
19.836433	-0.142342
19.844803	0.371483
19.891315	-0.135903
19.992195	0.296363
20.028534	-0.869164
20.030836	0.410129
20.038172	-0.929165
20.053452	0.571972
20.094889	-0.051293
20.179508	0.870948
20.194769	-0.444714
20.203260	-0.870939
20.207317	0.575378
20.240263	0.311867
20.263477	0.057091
20.308723	0.757611
20.338699	0.464573
20.368811	0.375036
20.378395	-0.552189
20.399202	0.030878
20.429678	0.537381
20.440737	-0.033894
20.485586	-0.575438
20.505899	0.333614
20.521692	0.864058
20.546762	-0.105907
20.555893	-0.493886
20.558140	-0.049999
20.612110	-0.321198
20.643122	0.242544
20.649220	0.842921
20.657854	0.434744
20.679991	0.310423
20.728395	-0.739357
20.742764	-0.253703
20.750639	-0.674084
20.763552	0.348007
20.787334	0.302453
20.865259	-0.710789
20.883553	-0.177120
20.905260	0.904877
20.921515	-0.887101
20.934345	-0.206421
20.958792	0.522630
20.961256	-0.113093
21.014288	-0.593457
21.093319	0.213127
21.110682	0.502659
21.128546	0.276475
21.179386	0.452601
21.220015	-0.295455
21.224489	0.773910
21.241816	0.292745
21.259769	-0.604900
21.262640	-0.685417
21.373169	-0.317714
21.383307	-0.430803
21.395687	0.663051
21.423029	0.428901
21.447821	-0.067131
21.475498	0.785820
21.496916	0.619072
21.502268	-0.305643
21.554714	0.679770
21.569613	-0.844378
21.586193	-0.943195
21.691452	0.699386
21.727972	-0.860976
21.748779	0.378636
21.752668	0.320231
21.786476	0.366699
21.802761	0.404593
21.820404	-0.104179
21.843216	-0.005313
21.893599	0.661244
21.899906	0.475799
21.979053	0.210130
21.999023	0.049702
22.023445	0.221977
22.074121	0.251081
22.076429	-0.527777
22.087934	-0.416666
22.114254	0.411590
22.129396	0.343500
22.145258	0.262460
22.177784	0.338323
22.212179	0.542036
22.216681	0.465808
22.257265	0.401465
22.293282	0.142652
22.301701	0.299874
22.346487	0.146004
22.351097	0.125368
22.378544	-0.079746
22.422764	-0.191798
22.425228	-0.207597
22.506454	-0.580606
22.511486	0.273172
22.522738	-0.216029
22.537592	-0.620128
22.559435	-0.149959
22.581421	-0.494244
22.644981	0.268553
22.663782	0.284620
22.697063	-0.333511
22.747868	-0.622465
22.764280	-0.714361
22.779161	0.366731
22.796827	0.322624
22.844093	-0.113237
22.846802	0.438798
22.848417	-0.391526
22.856907	-0.179441
22.872303	0.482767
22.947527	0.390491
22.958138	0.449251
22.962959	-0.270408
22.975613	0.247947
23.010511	-0.683284
23.031553	0.570987
23.047213	0.184283
23.056219	0.357190
23.079140	0.301028
23.113800	0.124961
23.144197	0.458511
23.183462	-0.126826
23.189938	0.326393
23.221376	0.693685
23.280718	0.060843
23.287430	0.145864
23.316286	0.164168
23.379118	-0.825555
23.388836	-0.617870
23.422813	0.482277
23.448734	0.206961
23.450331	-0.226063
23.452736	-0.029888
23.478916	-0.420543
23.525654	-0.151284
23.545115	-0.519129
23.551233	0.169206
23.572821	0.215062
23.601194	-0.054442
23.611090	-0.254468
23.667095	-0.296422
23.670822	0.219172
23.687130	0.374701
23.695059	0.062328
23.728252	-0.162675
23.758650	0.008882
23.815315	0.742931
23.856216	-0.856104
23.879745	0.079857
23.893852	-0.026199
23.911285	0.697676
23.927700	0.125448
23.943056	0.122424
23.945778	0.140843
23.998026	-0.088669
24.031448	-0.178691
24.033390	0.478567
24.069805	-0.664042
24.105442	0.895460
24.140739	-0.291726
24.142996	0.112863
24.179047	-0.063435
24.234392	0.169057
24.238487	-0.208409
24.262295	0.091243
24.271036	0.755914
24.313791	-0.748264
24.329046	0.196959
24.357738	-0.366697
24.396362	-0.766114
24.434992	0.422093
24.454103	0.494667
24.476851	-0.073946
24.500328	-0.511649
24.509483	-0.846915
24.544975	-0.014538
24.558332	-0.212028
24.559694	0.320558
24.562132	-0.047638
24.563267	-0.062987
24.596848	0.040559
24.614744	-0.143959
24.655994	0.096940
24.682692	0.023405
24.743240	0.119469
24.748652	0.102947
24.837681	0.503227
24.883316	0.147604
24.898794	-0.026837
24.919174	-0.394239
24.923700	-0.077821
24.949566	0.587179
25.021139	0.253082
25.022810	0.316935
25.045204	0.523401
25.084631	0.388407
25.096180	-0.516918
25.125650	-0.555504
25.141211	0.475559
25.157854	0.406335
25.168116	0.086341
25.189014	0.135455
25.190235	-0.801325
25.211676	0.283102
25.232542	0.147741
25.265446	0.084552
25.350426	0.170212
25.356747	-0.316510
25.396544	0.285079
25.413076	-0.496638
25.438469	0.263281
25.442629	0.269866
25.484253	0.334889
25.497387	-0.016439
25.515108	0.497363
25.532516	-0.445190
25.559187	-0.017498
25.582716	-0.368223
25.650606	0.320175
25.724665	0.675269
25.768440	0.415658
25.811293	0.812186
25.832478	0.001122
25.862648	-0.006378
25.876213	-0.139832
25.900560	0.160439
25.903334	0.187239
25.923336	0.275240
25.941502	0.200780
25.956909	0.209213
25.971300	0.586182
25.993767	-0.423682
26.019150	0.293169
26.055101	-0.243779
26.068392	-0.438865
26.075066	-0.121141
26.124285	-0.373444
26.156933	0.097588
26.205654	-0.299272
26.213882	-0.021012
26.214781	-0.152843
26.231977	-0.321017
26.243803	0.193703
26.272289	0.011904
26.277031	-0.368549
26.326738	-0.051541
26.330921	0.237181
26.347467	-0.133299
26.371166	0.419253
26.384981	-0.182054
26.438000	0.679423
26.466927	0.196263
26.467918	-0.117124
26.508701	-0.245339
26.509762	-0.363778
26.597231	-0.452838
26.627848	0.400164
26.638288	0.292749
26.642431	0.465945
26.680462	0.095501
26.717640	0.194753
26.725817	-0.223532
26.728172	-0.181222
26.754063	0.230550
26.771811	0.362650
26.801439	0.334575
26.830589	0.014874
26.857195	-0.141302
26.895510	0.269179
26.899279	0.157293
26.939394	-0.185806
26.953844	0.097226
27.022774	0.308445
27.031593	-0.232850
27.042791	-0.674993
27.044458	-0.525347
27.103958	0.347088
27.125027	0.127442
27.136398	0.058497
27.138227	0.236132
27.159729	0.328362
27.178169	-0.197091
27.244139	0.286092
27.245203	0.191681
27.264717	-0.317228
27.298325	-0.219191
27.305449	-0.036234
27.326788	-0.276659
27.336742	-0.633692
27.340242	-0.452151
27.411758	0.164466
27.432659	0.300056
27.453888	-0.206798
27.489258	0.282971
27.508974	0.399919
27.530787	0.185356
27.555449	0.178079
27.565882	0.145070
27.573654	0.390696
27.621311	-0.099797
27.635981	-0.277046
27.639202	0.183632
27.657406	0.196438
27.663639	0.372933
27.674416	-0.686773
27.692110	-0.203453
27.736303	0.243412
27.754299	0.115949
27.787518	0.126195
27.811956	0.294387
27.821817	-0.166087
27.851559	0.439936
27.872789	-0.186013
27.895113	0.803022
27.961071	-0.478344
27.977180	0.020145
27.982500	-0.314622
27.989759	-0.173697
28.051708	-0.062202
28.059107	-0.742056
28.080799	0.115418
28.088505	0.184475
28.120951	-0.122483
28.145729	-0.602367
28.170074	0.335801
28.170696	-0.519515
28.203970	-0.496987
28.256660	-0.110190
28.288103	-0.083023
28.322842	-0.123575
28.334782	0.105012
28.350525	0.155406
28.407368	0.076119
28.423307	0.346264
28.448214	0.172049
28.490797	-0.154525
28.508263	0.137442
28.522156	0.400265
28.534479	-0.057668
28.566311	-0.066790
28.570484	0.006316
28.602167	-0.128605
28.611397	0.456659
28.679874	0.148516
28.696142	-0.090355
28.742233	0.154097
28.746061	-0.607794
28.781479	0.431871
28.785656	-0.215504
28.789759	0.391772
28.817585	0.122187
28.831110	-0.767308
28.850475	0.097042
28.874619	0.071697
28.935841	0.430689
28.958492	0.304636
28.986900	-0.109396
29.014221	0.218254
29.061274	0.146454
29.068703	0.214232
29.102076	0.290669
29.117737	0.283824
29.126944	0.159616
29.163570	0.551779
29.178217	-0.437914
29.187639	0.338697
29.210333	-0.059579
29.228401	-0.123903
29.247011	-0.081392
29.259899	-0.090044
29.295235	-0.005707
29.298752	0.187087
29.372030	0.041661
29.386765	0.790868
29.412485	0.661627
29.453650	0.553541
29.459578	-0.395310
29.529377	-0.541653
29.554838	0.090700
29.564110	-0.059286
29.572145	0.009632
29.606169	-0.052763
29.618114	-0.061341
29.637432	0.326980
29.666510	0.294475
29.684853	-0.258421
29.718283	0.005213
29.763561	0.122335
29.778032	0.028463
29.779133	0.041492
29.846176	-0.511290
29.860098	-0.088276
29.893690	-0.091431
29.913485	0.305819
29.945009	-0.021849
29.976986	0.036496
29.988066	-0.356135
29.988367	-0.322241
30.012474	0.136145
30.024664	0.544949
30.030994	0.116516
30.044775	0.273301
30.144516	-0.563031
30.195009	-0.606490
30.201109	0.029922
30.215736	-0.229821
30.231455	0.214565
30.245226	0.133809
30.254488	0.177632
30.311340	-0.406741
30.363926	-0.173595
30.377415	0.009306
30.396809	0.391489
30.397366	0.372133
30.450130	0.266066
30.452522	0.085462
30.463202	0.150117
30.484602	0.212551
30.488976	0.359807
30.542585	-0.141708
30.571934	0.297359
30.593987	0.036776
30.605188	-0.641903
30.623554	0.378457
30.635813	-0.024620
30.663912	-0.214315
30.673574	-0.078402
30.681913	-0.266624
30.689606	0.055448
30.724897	0.066274
30.752394	0.015275
30.770847	-0.059248
30.799923	0.299256
30.806561	-0.060243
30.825500	0.453155
30.873365	-0.086573
30.883499	0.243985
30.891706	-0.260117
30.956284	-0.278928
30.971951	0.078318
31.004061	-0.337451
31.017851	0.208439
31.030224	0.174450
31.032879	0.155678
31.094215	-0.521621
31.114304	-0.241414
31.124369	0.227867
31.167313	-0.091099
31.174360	-0.225669
31.201357	-0.347599
31.214293	0.230203
31.242615	-0.290534
31.279457	-0.061947
31.294264	0.501470
31.297544	-0.020957
31.300632	0.661546
31.313816	-0.472072
31.315229	0.397980
31.364902	0.337140
31.387066	0.196979
31.451942	0.093706
31.487715	0.222561
31.498331	0.343429
31.520565	-0.118476
31.535879	0.600471
31.539200	-0.044885
31.544029	0.122525
31.551159	-0.585891
31.607759	-0.337880
31.644312	0.297070
31.666977	0.141910
31.689629	0.101772
31.705875	-0.426523
31.745607	-0.368116
31.751287	-0.452846
31.754696	-0.088773
31.775494	0.324560
31.788397	-0.602080
31.796740	-0.326923
31.847860	-0.160253
31.877924	-0.351559
31.900831	0.175634
31.952766	-0.322409
32.003006	0.175539
32.005772	-0.145902
32.034676	-0.190480
32.076492	0.149900
32.100986	0.203868
32.118145	-0.055821
32.128876	-0.082123
32.158195	0.138511
32.177513	-0.091346
32.182106	0.340557
32.195408	-0.050149
32.249538	0.207645
32.307178	0.233421
32.310192	0.020304
32.328243	-0.198267
32.342316	0.208670
32.378815	0.390901
32.402836	-0.035987
32.420349	0.430119
32.434383	-0.188072
32.470547	-0.380465
32.484615	0.341389
32.534302	-0.038813
32.548496	0.077853
32.567795	-0.048553
32.584854	0.108312
32.627476	0.123994
32.657837	-0.079723
32.689846	0.122380
32.690807	0.150724
32.716312	0.264402
32.734100	-0.267264
32.749596	-0.224905
32.794830	0.258856
32.809792	0.104317
32.817417	0.468472
32.909435	0.105333
32.952633	0.101207
32.987232	0.319901
32.996143	0.169323
33.039722	0.063940
33.048805	0.028520
33.090405	0.149895
33.094971	0.330859
33.110355	0.431421
33.113831	0.108817
33.121029	0.014806
33.129333	-0.530736
33.192036	0.144876
33.203281	0.104192
33.223011	0.017540
33.234337	-0.033132
33.269787	0.146501
33.282417	0.025558
33.283665	0.102276
33.290878	0.245335
33.317051	0.059952
33.323288	-0.148055
33.360203	-0.147194
33.363235	-0.189152
33.382469	-0.220935
33.446922	-0.063762
33.453442	0.139537
33.474762	0.019526
33.519409	-0.021285
33.543537	0.188928
33.552040	0.032087
33.563442	-0.203791
33.580654	0.093733
33.602699	-0.413267
33.652069	0.325075
33.656185	0.200480
33.684772	0.044602
33.758053	0.101226
33.770565	0.086091
33.791271	-0.578996
33.847954	-0.008152
33.866062	0.069624
33.902824	0.261547
33.929695	-0.002908
33.933357	0.122402
33.962391	0.054927
34.006084	0.013981
34.010387	-0.235395
34.016056	0.197867
34.017864	0.342095
34.034714	0.019321
34.069794	-0.300629
34.091816	0.179374
34.096493	0.055623
34.153198	-0.182728
34.166931	-0.101832
34.174416	-0.684352
34.176338	-0.109500
34.188778	0.161964
34.220474	0.356682
34.263878	0.310969
34.299885	-0.133679
34.312233	-0.189990
34.357029	-0.031226
34.359051	-0.030891
34.376938	0.129698
34.403027	-0.512133
34.416058	0.377052
34.443909	-0.342563
34.518494	0.175178
34.524288	-0.225096
34.533016	0.011162
34.569691	0.003767
34.582680	0.109727
34.584656	0.304890
34.604675	0.353644
34.616108	0.084328
34.645927	0.078750
34.695824	-0.324185
34.707386	-0.046513
34.721294	0.102097
34.809986	-0.228196
34.829346	-0.284416
34.862724	0.132769
34.877380	0.109392
34.888962	-0.297010
34.903561	0.216548
34.922813	0.069852
34.937019	-0.201614
34.968945	0.253907
34.969929	0.370492
34.974091	0.344928
34.994270	0.191464
35.002037	0.239130
35.005260	0.026606
35.010365	-0.023549
35.049633	-0.058567
35.088818	0.036114
35.095657	-0.184473
35.133015	0.083695
35.133411	0.124265
35.160599	0.384249
35.205795	-0.111402
35.207611	-0.346979
35.217350	0.231845
35.238930	0.051334
35.294159	-0.076793
35.301975	-0.448871
35.380283	0.248047
35.386215	-0.178105
35.391609	-0.436755
35.436680	-0.006509
35.471016	-0.422313
35.497562	0.068779
35.506973	-0.590265
35.513672	-0.132992
35.555286	0.243400
35.586243	-0.118327
35.591831	-0.145921
35.646217	-0.003464
35.654945	-0.414120
35.673126	-0.218611
35.685799	0.501868
35.746025	0.055099
35.773254	0.191847
35.798943	0.320771
35.861374	0.265135
35.861710	0.068480
35.906395	-0.185758
35.930862	0.308563
35.967464	0.147630
35.980190	-0.284203
35.991974	-0.149402
36.011299	0.121740
36.025047	-0.335137
36.039024	0.378558
36.059788	-0.208215
36.063713	-0.053360
36.081799	0.183952
36.086700	0.080036
36.180256	0.277121
36.200344	0.091078
36.239002	-0.030523
36.245834	-0.130499
36.260075	-0.567912
36.286247	0.411595
36.317707	0.060556
36.320656	-0.396363
36.359806	0.296461
36.386730	-0.002002
36.434353	0.213128
36.436890	-0.063285
36.457542	0.127045
36.471512	0.163580
36.476192	0.176886
36.545147	0.069812
36.604942	0.462985
36.632183	0.116067
36.647736	0.006730
36.684376	0.222070
36.696278	0.329923
36.736942	0.222683
36.747215	0.050428
36.778378	-0.220876
36.787472	0.085215
36.815453	0.127561
36.818298	0.024129
36.819984	0.005860
36.837040	0.024307
36.841583	0.021840
36.867149	0.150827
36.887970	-0.416143
36.901802	-0.012885
36.936348	0.489551
36.938267	0.291900
36.950790	-0.002819
36.977989	0.343047
36.985973	-0.498261
37.019627	-0.093980
37.038048	0.172812
37.069183	-0.276840
37.083282	-0.028908
37.125141	0.047557
37.146145	-0.149868
37.170055	-0.016262
37.197117	-0.248184
37.217430	0.077151
37.224865	0.110405
37.236317	0.332011
37.273479	0.512768
37.281719	0.321181
37.331089	0.081594
37.351772	-0.004199
37.383396	-0.639352
37.392525	-0.254747
37.495663	0.233172
37.518520	0.046774
37.557270	0.240797
37.577862	0.224806
37.581039	0.106469
37.632191	-0.100209
37.636734	-0.274494
37.641907	0.268294
37.674660	0.121701
37.692253	-0.271345
37.723717	-0.599753
37.740772	0.289293
37.752941	0.267451
37.768478	-0.622335
37.780754	-0.080666
37.802216	0.343707
37.840313	0.054748
37.855339	-0.127548
37.909908	0.257060
37.925884	0.247270
37.942299	-0.347092
37.969982	-0.158600
37.986664	0.012918
38.036705	-0.014585
38.058449	-0.237348
38.075951	-0.507695
38.079151	0.037246
38.084312	0.140591
38.095287	-0.302335
38.116379	0.003135
38.124229	0.373889
38.161644	-0.063664
38.172955	0.241993
38.228798	0.409858
38.288891	-0.217725
38.296051	0.090556
38.339619	-0.077673
38.372723	-0.010661
38.401325	-0.115343
38.420364	-0.055218
38.444992	-0.093502
38.447235	0.070539
38.457306	0.161652
38.487083	-0.074513
38.515995	0.072467
38.526417	-0.368707
38.535889	0.058842
38.553265	0.112989
38.564098	0.195919
38.580807	0.453605
38.598209	0.093424
38.625603	0.391846
38.640194	-0.161818
38.657852	-0.151070
38.665688	0.206913
38.671444	0.202174
38.697346	-0.066739
38.700958	0.052260
38.724930	-0.219642
38.747040	-0.137975
38.775593	0.379078
38.799923	-0.398186
38.822136	-0.264553
38.877960	0.598981
38.889893	-0.209721
38.899048	-0.275816
38.960789	0.231977
38.984276	0.283816
38.996555	0.229775
39.014397	0.158647
39.039047	0.002566
39.053421	-0.477620
39.138157	-0.517817
39.155128	-0.117175
39.164059	-0.131460
39.166119	0.105603
39.207695	-0.117949
39.251060	-0.056223
39.260479	-0.439816
39.279194	-0.056865
39.317081	-0.356321
39.344398	0.256089
39.368675	0.205434
39.377274	0.478876
39.424923	-0.272213
39.473526	-0.143299
39.492020	0.247463
39.509304	0.312151
39.531948	-0.238741
39.538921	-0.307256
39.610580	0.312014
39.650299	0.282221
39.653904	-0.318661
39.675518	-0.237557
39.694416	0.142424
39.719379	0.012460
39.722523	0.178052
39.745380	0.000813
39.756096	-0.507609
39.767307	-0.116995
39.817974	0.258196
39.819477	0.484221
39.879002	-0.127094
39.887466	0.428646
39.897865	-0.183777
39.961407	0.049546
39.972824	-0.381615
39.990707	-0.189600
39.997917	0.164940
40.063286	0.188746
40.064373	0.204949
40.090881	-0.100216
40.110096	0.194058
40.138462	0.182693
40.187408	-0.029148
40.200535	0.244423
40.232948	0.133098
40.235516	0.118339
40.278793	-0.196153
40.291431	-0.001259
40.322372	0.449149
40.328655	-0.174214
40.365726	-0.433385
40.368031	0.133455
40.387863	-0.058526
40.428276	0.208051
40.442509	0.456054
40.444210	0.166344
40.464893	0.272366
40.485760	0.213197
40.506214	-0.042876
40.539574	-0.228976
40.544697	0.111639
40.559505	0.112449
40.574986	0.441348
40.625248	-0.522522
40.635437	0.170734
40.644066	-0.085458
40.654686	-0.059503
40.696190	0.172196
40.742611	0.197125
40.754971	0.268977
40.804516	-0.134672
40.807301	0.103559
40.827923	0.042222
40.844482	0.085514
40.868515	-0.255534
40.891499	-0.225051
40.909370	0.445996
40.932037	0.234830
41.000671	-0.625553
41.005695	0.157557
41.026543	-0.075468
41.045250	-0.084946
41.134533	-0.091533
41.175579	0.046130
41.183369	0.033344
41.197285	0.105296
41.216797	0.294142
41.248867	0.307687
41.259106	0.206902
41.318222	-0.426390
41.319229	0.157258
41.333241	-0.413525
41.344002	-0.199421
41.383312	0.312509
41.402054	-0.460849
41.413376	-0.029770
41.424404	0.110010
41.437668	0.315323
41.479057	-0.349486
41.504078	-0.247887
41.505989	0.181748
41.559231	-0.090588
41.570797	0.011023
41.572754	-0.029572
41.588535	0.223417
41.625053	0.267858
41.684692	0.428501
41.694286	-0.455237
41.721596	-0.374847
41.742607	0.094815
41.761673	0.389575
41.775894	-0.086001
41.776672	-0.168312
41.804867	0.020717
41.839714	-0.225325
41.851715	0.401272
41.882675	0.016864
41.907272	-0.053688
41.969662	-0.113400
41.990051	0.033617
42.033508	0.023856
42.041740	-0.185327
42.052074	0.190305
42.057461	-0.343145
42.096981	0.036483
42.116089	-0.093537
42.139606	0.260344
42.162605	-0.132441
42.164150	0.136090
42.173344	0.192129
42.185005	0.275968
42.196117	0.401637
42.207020	-0.265247
42.255692	-0.161339
42.275482	-0.276668
42.280945	0.359747
42.292255	0.106866
42.299061	0.133940
42.355717	-0.382036
42.373672	0.313225
42.381725	-0.107118
42.385483	0.026981
42.435116	-0.141275
42.448776	-0.335962
42.501297	-0.301010
42.507561	0.149698
42.515873	-0.270777
42.534130	0.378578
42.589104	0.246827
42.620102	0.118177
42.632790	-0.176881
42.646717	0.148667
42.681129	0.016547
42.720100	-0.209989
42.727654	-0.241384
42.747517	0.003860
42.751045	0.032044
42.787510	0.274391
42.856140	-0.339411
42.873596	-0.357539
42.884796	0.192121
42.925137	0.056095
42.942375	-0.342357
42.951916	0.189590
43.010677	-0.459849
43.012203	0.110311
43.060848	0.395161
43.090050	0.305997
43.104256	0.157686
43.125919	-0.345847
43.158947	-0.176044
43.192593	0.309063
43.223568	-0.241617
43.253361	0.341293
43.303593	-0.186251
43.327049	-0.039247
43.354401	0.088601
43.403156	0.036316
43.411377	0.084003
43.419319	-0.156670
43.427830	-0.084658
43.443394	0.190168
43.463631	0.102513
43.496891	0.373057
43.497887	-0.438286
43.502571	-0.137117
43.550205	0.137234
43.554928	-0.083782
43.600769	0.098252
43.643520	-0.210559
43.655148	0.092763
43.661091	-0.142248
43.688427	0.227682
43.714176	0.138133
43.730675	-0.282324
43.742241	-0.256546
43.749886	0.309670
43.758060	0.187939
43.807690	0.252700
43.833454	0.331342
43.852474	-0.143945
43.879436	0.079915
43.900356	-0.019897
43.909416	0.478529
43.954502	-0.422821
43.964382	-0.040484
43.999622	0.210207
44.003510	-0.094388
44.033928	0.224339
44.049442	0.455153
44.064583	0.199324
44.106205	0.413676
44.110428	-0.231039
44.133820	0.072495
44.162361	-0.022965
44.204620	0.409438
44.253849	-0.417576
44.272507	-0.527398
44.283615	0.241479
44.295067	-0.046046
44.327023	-0.029571
44.350868	0.422698
44.351414	0.111762
44.429409	0.135561
44.451855	0.443559
44.481968	-0.299009
44.498276	0.059093
44.531261	0.483893
44.543438	-0.257402
44.567181	0.063514
44.577156	-0.262523
44.595188	-0.221570
44.614300	0.056534
44.637711	-0.517799
44.695793	0.152977
44.708176	-0.020435
44.759632	0.219013
44.767929	0.197750
44.792667	0.162040
44.823040	0.021531
44.833786	-0.320661
44.856159	0.265747
44.874222	0.150006
44.889271	0.023275
44.931614	-0.115355
44.961445	0.330631
44.988796	-0.121485
44.989067	-0.327858
45.009132	-0.313408
45.018169	0.038035
45.040932	-0.272203
45.056114	-0.517548
45.078804	0.336175
45.096584	0.191775
45.122913	0.225458
45.137680	-0.085624
45.202026	0.055234
45.212120	0.037364
45.249371	0.173602
45.263058	-0.086160
45.272343	0.291941
45.291405	0.226973
45.294338	-0.124207
45.328064	-0.458082
45.368633	0.362946
45.375393	-0.438791
45.388542	0.401772
45.449860	0.153387
45.476025	0.375813
45.498604	-0.012324
45.510551	0.061074
45.513947	-0.087724
45.528149	-0.467480
45.600742	-0.210504
45.612244	0.054693
45.637150	-0.117497
45.638538	-0.164353
45.669937	-0.393233
45.712421	0.439046
45.750595	-0.086605
45.772442	0.179483
45.776096	0.346363
45.815910	-0.242209
45.821167	0.173405
45.842056	0.189344
45.856205	0.438874
45.863949	0.009315
45.876118	-0.469819
45.887478	-0.380695
45.932716	-0.233210
45.935261	0.354152
45.962158	0.113109
46.020382	0.237390
46.022785	-0.292598
46.058372	-0.390854
46.071430	0.117736
46.085316	-0.090231
46.120823	-0.190450
46.150139	-0.090401
46.156769	-0.343262
46.185883	0.473883
46.193703	0.212661
46.201618	0.152361
46.220291	0.202057
46.239079	0.075090
46.285477	0.076923
46.328541	-0.242126
46.354450	-0.005665
46.360287	-0.087162
46.443268	0.214389
46.450626	-0.151438
46.466419	-0.113965
46.482895	-0.338288
46.507088	-0.375338
46.535812	0.265947
46.562840	0.243447
46.578495	-0.196210
46.635101	-0.332462
46.646267	0.291508
46.664993	0.226230
46.699669	-0.242492
46.709549	-0.136654
46.745743	0.284502
46.756336	0.025084
46.792957	0.334010
46.797119	-0.081058
46.850471	0.317146
46.896202	0.046444
46.906319	-0.094807
46.921597	-0.009702
46.941048	-0.141865
46.953709	-0.257250
47.031658	0.340836
47.055756	0.275971
47.092037	-0.089543
47.099201	-0.087355
47.105679	0.285337
47.122837	-0.252988
47.124420	-0.284235
47.152519	0.217859
47.166954	-0.151608
47.201195	-0.052673
47.207657	-0.179026
47.216206	-0.068448
47.235905	0.242256
47.263794	-0.115163
47.298080	-0.298282
47.310127	0.282777
47.358353	0.383693
47.374458	-0.228839
47.383698	0.147498
47.413139	0.375603
47.418671	-0.151004
47.447697	0.400358
47.472679	0.227211
47.502399	0.013491
47.542854	-0.029757
47.547474	-0.327410
47.586304	-0.261064
47.604664	-0.265603
47.647362	0.214981
47.669945	0.295904
47.675007	0.305793
47.681656	-0.014192
47.724480	0.061952
47.738407	0.065478
47.766712	0.353034
47.833118	-0.129117
47.851406	0.381938
47.873367	0.114549
47.900639	-0.160004
47.913670	-0.480039
47.947845	0.321191
47.976276	0.010420
47.976933	0.104207
48.021019	0.031243
48.051151	-0.033043
48.099304	0.463970
48.107849	-0.133733
48.120075	-0.356181
48.135426	-0.274571
48.154819	0.240878
48.174747	0.457649
48.181274	0.112379
48.202892	-0.066097
48.226196	0.272799
48.234535	-0.243848
48.241673	-0.537942
48.268330	0.235002
48.328018	0.148650
48.382515	0.179982
48.408653	0.228642
48.437263	0.085088
48.437489	-0.195190
48.441029	0.031393
48.452930	-0.298802
48.463696	0.211944
48.537437	0.323579
48.547096	-0.190657
48.556999	0.078570
48.565792	0.092373
48.595078	0.252699
48.596062	-0.184488
48.602932	-0.541169
48.612457	-0.049368
48.642975	-0.039807
48.649097	-0.375283
48.698936	-0.147383
48.702911	0.211840
48.746284	0.162113
48.775307	0.061233
48.802475	-0.088560
48.863045	0.301194
48.877312	-0.159304
48.917603	0.032246
48.928867	-0.374142
48.968555	0.339637
48.989368	0.154887
48.995201	-0.238886
49.040710	-0.117437
49.052444	0.423146
49.054749	0.311076
49.080673	-0.137684
49.121452	-0.061070
49.123795	-0.055775
49.130371	-0.294173
49.152733	0.013293
49.173248	0.188356
49.195835	-0.182514
49.231041	-0.193742
49.256905	-0.403467
49.295956	-0.421391
49.368019	0.392598
49.381927	0.063646
49.382294	-0.198055
49.408474	0.346189
49.429970	0.071826
49.469139	0.489307
49.514084	0.090970
49.521271	0.354900
49.529800	-0.500747
49.540676	-0.183384
49.561638	-0.482378
49.588142	0.357552
49.598530	-0.269968
49.617016	0.256885
49.641132	0.034553
49.681488	-0.240597
49.694202	0.059177
49.718552	0.314480
49.730862	0.380414
49.769974	0.031926
49.772121	0.018368
49.781193	-0.419794
49.798637	0.244181
49.829472	0.509377
49.839344	0.138423
49.857353	-0.130680
49.865463	-0.152598
49.929951	-0.206348
49.955658	-0.332966
49.969116	-0.152490
50.023155	0.285356
50.066689	-0.109483
50.100307	0.195219
50.103279	0.135927
50.118164	0.189320
50.122730	-0.538811
50.153633	-0.302421
50.180069	0.205912
50.183571	0.249544
50.214417	-0.097871
50.239849	0.116641
50.256706	-0.175574
50.302902	-0.312149
50.325062	0.080273
50.353493	-0.199910
50.405724	0.108237
50.415466	0.183612
50.438717	-0.015079
50.444366	0.240048
50.448452	-0.046484
50.485012	-0.290231
50.588169	-0.188591
50.605614	-0.094356
50.624695	0.072441
50.669586	0.172407
50.687279	0.187290
50.699905	-0.039555
50.704716	0.410208
50.720695	0.343579
50.740143	-0.260176
50.776058	-0.498585
50.784443	0.178765
50.815304	-0.192480
50.831295	0.180007
50.851517	0.197519
50.860565	0.046391
50.876472	-0.072679
50.889160	-0.295878
50.893478	-0.239374
50.919544	-0.078750
50.977451	0.406699
50.995232	0.338020
51.020409	-0.070107
51.054085	0.226397
51.064491	0.139824
51.085556	0.104726
51.106869	0.197636
51.139744	-0.056539
51.157448	-0.305586
51.182308	-0.374065
51.213066	-0.384815
51.290241	0.167792
51.309105	0.032412
51.333138	0.302526
51.337219	0.153055
51.340790	0.195845
51.358891	0.112879
51.378605	0.149085
51.401093	0.348583
51.497452	0.374870
51.531517	-0.504722
51.553505	-0.208868
51.574276	0.564758
51.594852	0.152083
51.597733	0.007410
51.629292	0.081575
51.630611	-0.349615
51.677208	0.214937
51.708389	0.194210
51.715408	0.034136
51.735744	-0.090924
51.739899	0.177880
51.764565	0.061730
51.769810	-0.066809
51.771992	-0.399293
51.796394	0.103698
51.803730	-0.140247
51.838554	0.296436
51.878014	-0.254338
51.898262	0.316819
51.949322	-0.253117
51.959412	0.214705
51.991325	0.211112
52.029049	-0.318835
52.045845	0.089473
52.047058	0.068935
52.065094	0.248661
52.091442	-0.195015
52.099457	-0.244895
52.115761	0.281681
52.135235	0.096180
52.157307	-0.009128
52.157776	0.152457
52.169384	0.347358
52.189911	0.024438
52.197884	-0.263008
52.240986	-0.528275
52.277386	-0.078308
52.311043	-0.217195
52.319244	0.164458
52.355438	-0.103258
52.407345	0.234018
52.423302	-0.078906
52.481701	-0.259541
52.484482	0.048586
52.508003	-0.297437
52.524200	0.173543
52.549442	-0.052493
52.570141	0.350829
52.597687	0.334024
52.636539	-0.434177
52.686928	-0.005316
52.693108	0.059107
52.704102	-0.157627
52.722668	0.014861
52.744499	-0.259661
52.763290	0.000299
52.781139	0.278854
52.787453	0.048108
52.801292	-0.410253
52.819363	0.107785
52.840897	-0.182759
52.905571	-0.384608
52.978752	0.240474
52.986691	0.118298
52.990971	0.151220
53.045712	0.067918
53.047184	-0.366467
53.066391	0.208917
53.092327	0.203589
53.129189	0.287934
53.139225	0.242896
53.162830	-0.452955
53.185055	0.354286
53.229275	0.095944
53.236553	-0.088370
53.238979	0.295345
53.249062	-0.241333
53.283726	-0.240700
53.285892	-0.015801
53.311485	0.273485
53.347797	0.165576
53.353405	0.047173
53.369419	0.013536
53.381763	0.261760
53.395073	0.185208
53.403023	0.192495
53.428249	-0.384997
53.472618	0.152066
53.481346	-0.092358
53.521420	0.080774
53.541866	-0.353087
53.581535	-0.314562
53.590714	0.266942
53.634617	0.062084
53.641911	0.017428
53.680096	0.251699
53.683472	-0.236384
53.688519	0.257605
53.712811	-0.227898
53.719917	-0.120261
53.763000	0.174647
53.771278	0.199759
53.785439	-0.332394
53.853172	-0.396731
53.875809	-0.284433
53.916538	0.023675
53.919830	-0.181340
54.003765	-0.114075
54.035866	0.143540
54.039566	0.297975
54.049801	0.025055
54.062847	-0.399408
54.147633	-0.022596
54.199730	0.027629
54.246449	0.363752
54.258762	0.245084
54.272812	-0.189290
54.308899	-0.034714
54.322544	-0.113487
54.338398	0.339206
54.357010	0.252262
54.359264	0.283351
54.370544	-0.191535
54.395267	-0.117484
54.430069	-0.096721
54.434677	0.138737
54.446804	0.042682
54.488136	-0.509323
54.509415	-0.325197
54.528599	0.259359
54.535614	0.136829
54.563408	-0.387047
54.591599	-0.039457
54.608318	0.345716
54.637478	0.067626
54.654285	0.148875
54.659832	0.111057
54.698086	0.074356
54.727337	0.209675
54.739735	-0.217815
54.755878	-0.093503
54.823116	-0.260828
54.844398	-0.407056
54.857002	0.160569
54.867714	0.088925
54.904934	0.081520
54.979271	0.380396
54.983677	0.208994
55.000443	-0.047672
55.012924	0.140685
55.019981	0.309702
55.056068	-0.020483
55.118214	0.024392
55.129375	0.355095
55.159767	0.246580
55.168274	-0.388141
55.179585	-0.357465
55.205231	0.561566
55.213055	0.146839
55.239292	-0.263768
55.244068	0.255136
55.303684	0.151115
55.328751	-0.090515
55.333473	-0.304911
55.362961	0.034042
55.398193	0.313515
55.465984	0.180581
55.473778	0.193643
55.487469	-0.238099
55.505817	-0.133992
55.517807	0.257866
55.526691	-0.223688
55.540325	-0.228663
55.565395	0.142404
55.592892	0.127813
55.601440	-0.385439
55.620510	-0.114047
55.646194	0.010252
55.656761	0.267154
55.663486	0.229625
55.698460	0.275784
55.703503	-0.077809
55.727058	0.021182
55.790512	-0.101312
55.812630	-0.282566
55.818520	0.049148
55.825508	-0.081338
55.828362	0.302909
55.900337	-0.420079
55.938198	-0.076983
55.941177	0.178119
55.986286	-0.013191
55.987617	0.186291
56.017628	-0.045897
56.038025	0.007469
56.044434	0.051611
56.089836	-0.065857
56.104317	-0.307303
56.116112	-0.119604
56.139866	0.309052
56.158440	0.345293
56.223156	-0.344067
56.255104	-0.460254
56.286507	-0.107488
56.323551	-0.183691
56.343208	0.208412
56.346138	0.022960
56.349400	-0.142076
56.353512	0.027355
56.383240	-0.028835
56.418213	-0.370849
56.449093	-0.135278
56.454468	0.150010
56.481953	-0.294087
56.511116	0.085626
56.512234	0.168039
56.548592	0.355699
56.605598	0.129838
56.640209	0.029882
56.670898	0.397259
56.700554	0.118793
56.704479	0.323997
56.736927	-0.047943
56.745373	-0.413814
56.769081	-0.113585
56.793480	0.019031
56.816986	-0.243493
56.821934	0.272648
56.858055	0.467385
56.874916	-0.185974
56.878853	0.264170
56.894398	0.045852
56.918446	0.176021
56.922352	-0.138507
56.937763	0.061051
56.973747	-0.263466
56.999256	0.268288
57.001972	0.211304
57.002529	0.261728
57.055557	0.268759
57.114391	-0.232182
57.115902	-0.356438
57.123440	0.461162
57.132362	-0.263569
57.145477	-0.196226
57.146294	0.279586
57.183891	-0.231745
57.200283	0.049431
57.204151	0.164187
57.222523	0.235180
57.252544	-0.014945
57.255581	-0.362941
57.309135	0.266426
57.362499	-0.426528
57.402584	-0.335482
57.432045	0.144940
57.494034	0.028404
57.499451	-0.242041
57.510128	-0.437758
57.600349	-0.419629
57.619968	0.019224
57.632713	0.270121
57.652664	-0.062587
57.668198	-0.323601
57.733486	0.091663
57.763054	0.347656
57.794044	0.116846
57.815521	0.205996
57.848373	0.145926
57.861420	0.312481
57.886154	0.163335
57.910019	-0.325770
57.948692	0.329067
57.959320	-0.191531
58.000156	0.078130
58.008732	-0.202467
58.028725	0.144255
58.040863	0.075057
58.075577	-0.123691
58.095573	0.107901
58.118950	-0.290512
58.123207	-0.283161
58.185791	-0.183088
58.188946	0.094872
58.193291	-0.172492
58.197208	0.081348
58.220013	0.127051
58.226707	0.023947
58.237206	0.120642
58.257561	-0.270068
58.324039	0.147938
58.330402	0.340521
58.365063	0.256219
58.376476	-0.134834
58.383263	-0.059197
58.451115	-0.170210
58.455059	0.244585
58.489895	0.054788
58.501728	0.075780
58.526131	-0.532358
58.598522	0.288820
58.600262	-0.186675
58.619404	0.444736
58.626049	0.280957
58.645191	-0.155103
58.683189	0.150336
58.695114	-0.144839
58.699242	-0.358403
58.709820	0.316006
58.729538	0.225680
58.779755	0.051293
58.813622	-0.113716
58.815708	0.197333
58.836262	0.530666
58.878307	-0.039582
58.955021	-0.340707
58.997292	-0.038705
59.012405	0.094169
59.021450	0.125018
59.073418	-0.264537
59.081448	0.249890
59.094818	0.268950
59.135479	0.248918
59.144119	-0.295046
59.176937	0.111765
59.203667	-0.102190
59.210850	0.102595
59.214520	-0.241465
59.219650	0.310622
59.238415	0.007882
59.239777	-0.335706
59.259678	-0.005310
59.261978	0.225444
59.282581	0.271794
59.323460	-0.058322
59.336346	-0.017002
59.399654	-0.110536
59.421146	-0.004115
59.442429	-0.335809
59.478508	-0.014699
59.497101	0.338658
59.511452	-0.057493
59.542854	-0.289014
59.557316	-0.056195
59.565582	0.162931
59.602180	0.017116
59.635265	-0.110098
59.647076	0.113145
59.671059	0.096213
59.684406	-0.027739
59.697422	-0.154700
59.701916	0.066414
59.739063	0.259889
59.781528	-0.314661
59.803299	0.048074
59.822769	-0.269978
59.860085	-0.184758
59.871281	-0.117519
59.885803	0.061423
59.909122	-0.001516
59.917496	-0.114876
59.976387	-0.077672
60.004902	-0.139900
60.031372	-0.012779
60.064457	-0.134014
60.072124	-0.418474
60.105282	-0.023908
60.119373	0.312496
60.169308	0.194904
60.209915	0.073998
60.218750	0.125630
60.227352	0.097832
60.263168	0.315324
60.302559	0.171651
60.308834	0.267784
60.339340	-0.157607
60.379410	0.046501
60.391621	-0.176454
60.412277	0.165396
60.432186	-0.380532
60.441719	-0.022012
60.453568	0.192111
60.457027	0.212757
60.473324	0.013043
60.516521	0.419591
60.532478	-0.326495
60.534985	0.297038
60.564823	0.255256
60.605301	0.200036
60.615150	-0.186616
60.625275	0.229045
60.643337	0.224766
60.662529	-0.060665
60.667561	-0.050230
60.703331	-0.321034
60.704765	0.282832
60.745419	-0.148097
60.752274	0.045750
60.760021	0.240845
60.763210	0.476944
60.782387	0.041818
60.795692	-0.467682
60.799255	-0.000086
60.894627	0.036940
60.956642	-0.341008
60.972424	-0.491241
61.010071	-0.323912
61.071503	0.068446
61.078335	-0.109345
61.089252	0.039983
61.176735	-0.330907
61.207214	0.108218
61.216972	-0.184284
61.227776	0.244506
61.257954	-0.021179
61.261391	-0.306751
61.271561	0.144910
61.273232	0.053002
61.300102	-0.112074
61.369957	0.098237
61.385357	0.066795
61.424770	0.306466
61.471653	-0.346910
61.503914	0.184362
61.549782	0.360249
61.555897	-0.044860
61.589645	0.177498
61.621571	0.029611
61.634621	0.072127
61.640812	-0.261587
61.656097	-0.113383
61.685207	-0.123423
61.709721	-0.256736
61.743183	0.203582
61.750320	0.092260
61.754070	0.042092
61.767624	-0.183372
61.782585	-0.116985
61.819244	0.183325
61.832977	0.121518
61.860687	-0.310756
61.878326	-0.151548
61.880543	0.071164
61.907001	0.073098
61.917057	0.031083
61.943111	0.230982
62.004616	0.231151
62.010941	-0.072644
62.056969	0.310990
62.059361	-0.112583
62.093781	0.053466
62.097458	0.117847
62.142826	0.089206
62.183136	0.214509
62.187370	-0.357659
62.210999	0.248143
62.217049	-0.523943
62.228119	-0.348933
62.241077	0.484587
62.267376	0.323312
62.282455	-0.362427
62.306255	0.091300
62.348675	0.141688
62.395996	0.347451
62.416126	0.016432
62.433167	0.112624
62.461697	0.475720
62.464661	-0.276579
