
14.000000	-8.929526	-78.813553	65.118286

-78.813553	-1.000001
-75.211288	-1.000010
-71.610031	-1.000014
-68.008263	-1.000005
-64.406128	-0.999999
-62.739491	-0.999998
-60.802429	-0.999982
-59.134510	-1.000006
-57.202301	-1.000003
-55.529526	-0.999994
-54.286674	-0.999988
-53.598724	-0.999998
-51.928703	-0.999991
-50.685963	-1.000005
-49.996613	-1.000001
-48.325695	-0.999994
-48.130009	-0.999991
-47.084503	-0.999999
-46.394989	-0.999996
-44.722984	-0.999981
-44.528378	-0.999991
-43.480568	-0.999993
-42.793983	-1.000001
-41.572205	0.999987
-41.125252	-1.000002
-40.929409	-1.000002
-40.436100	-0.999993
-39.881489	-1.000005
-39.193958	-0.999992
-37.974186	1.000005
-37.525394	-0.999997
-37.328827	-1.000007
-36.833870	-0.999998
-36.278461	-0.999990
-35.595650	-0.999994
-35.255550	0.999998
-35.003872	-1.000009
-34.374489	1.000008
-33.925724	-1.000000
-33.727840	-0.999994
-33.231258	-0.999993
-33.122414	-1.000003
-32.681587	-0.999999
-31.996527	-1.000003
-31.657570	1.000004
-31.405231	-1.000006
-30.777517	1.000013
-30.328949	-1.000003
-30.128052	-0.999992
-29.630486	-0.999999
-29.521799	-0.999991
-29.315903	0.999991
-29.083765	-0.999994
-28.395037	-0.999984
-28.059267	-0.999713
-28.056730	0.999716
-27.803841	-0.999990
-27.176685	0.999992
-26.733267	-0.999993
-26.528681	-0.999996
-26.028278	-0.999990
-25.922157	-0.999988
-25.719482	0.999997
-25.489639	-1.000011
-24.795773	-0.999988
-24.461729	0.998469
-24.459953	-0.998469
-24.206631	-1.000001
-23.762804	0.999989
-23.580713	1.000003
-23.353582	-0.999999
-23.142403	-0.999998
-22.932171	-1.000001
-22.427408	-0.999995
-22.379196	0.999992
-22.326912	-0.999991
-22.123554	0.999995
-21.892368	-0.999998
-21.497833	-0.999999
-21.194250	-0.999995
-20.864725	0.999972
-20.859974	-0.999975
-20.609148	-1.000007
-20.167589	1.000005
-19.987543	1.000006
-19.755735	-0.999992
-19.552275	-0.999998
-19.334667	-0.999986
-18.828129	-0.999982
-18.780479	0.999978
-18.736229	-0.999950
-18.591211	0.999974
-18.525536	0.999978
-18.290184	-0.999991
-17.893511	-0.999987
-17.589634	-0.999991
-17.274416	0.999982
-17.262091	-0.999976
-17.188660	0.999977
-17.162613	-0.999987
-17.010166	-1.000000
-16.570698	1.000003
-16.395350	0.999991
-16.159109	-0.999995
-15.964119	-0.999997
-15.738823	-0.999989
-15.323306	-0.999977
-15.232199	-0.999963
-15.181848	0.999838
-15.151536	-0.999904
-14.996704	1.000000
-14.932621	0.999974
-14.688190	-0.999963
-14.288939	-0.999985
-13.988442	-0.999998
-13.800852	0.999968
-13.696868	0.999995
-13.668392	-0.999968
-13.578334	0.999980
-13.571111	-0.999970
-13.404854	-0.999991
-13.181569	-0.999983
-12.977171	0.999993
-12.806639	0.999996
-12.562662	-0.999995
-12.391304	0.994469
-12.380779	-0.994466
-12.145146	-0.999999
-11.748407	-0.999987
-11.636951	-0.999963
-11.585910	0.999627
-11.555465	-0.999655
-11.402850	0.999962
-11.347266	-0.998724
-11.339306	0.998759
-11.084187	-1.000004
-10.683618	-0.999995
-10.382374	-0.999987
-10.210104	0.999971
-10.134018	0.999997
-10.080058	-0.999948
-9.991760	-0.999977
-9.957478	0.999987
-9.794202	-1.000004
-9.587180	-0.999979
-9.392421	0.999981
-9.387087	0.999985
-9.221862	1.000001
-8.971182	-0.999977
-8.803271	-0.798520
-8.798747	0.798522
-8.552453	-0.999992
-8.206060	-0.999984
-8.047663	-0.999957
-7.996099	0.998749
-7.968161	0.999856
-7.946357	-0.998617
-7.812303	0.999961
-7.751721	0.993901
-7.749750	-0.993949
-7.737926	-0.999922
-7.470215	-0.999983
-7.081114	-0.999990
-6.771399	-0.999961
-6.619199	0.999985
-6.580278	0.999987
-6.544195	0.999987
-6.500927	-0.999985
-6.422806	-0.999965
-6.331192	0.999952
-6.171842	-0.999961
-5.996212	-0.999989
-5.909406	-0.999987
-5.806365	0.999982
-5.803202	0.999996
-5.639566	0.999991
-5.383234	-0.999640
-5.362253	0.999649
-5.223968	-0.999525
-5.210650	0.999579
-4.958330	-0.999968
-4.693430	-0.999969
-4.487425	-0.999993
-4.463286	-0.999935
-4.410972	0.999948
-4.377905	0.999983
-4.328217	-0.999959
-4.233949	0.999989
-4.160947	0.995546
-4.159465	-0.995551
-4.139309	-0.999993
-3.917445	0.999999
-3.850051	-0.999945
-3.488666	-0.999987
-3.159296	-0.999886
-3.041639	0.999980
-3.033285	0.999980
-2.945225	1.000002
-2.939703	-0.999956
-2.868745	-0.999959
-2.719650	0.999970
-2.668554	-0.999993
-2.530390	-0.999956
-2.466869	0.999979
-2.410191	-0.999970
-2.295153	-0.999979
-2.222957	0.999979
-2.222404	0.999981
-2.058983	0.999961
-1.820293	0.999523
-1.800324	-0.999472
-1.670168	0.999976
-1.650804	-0.999697
-1.635835	0.999912
-1.363046	-0.999854
-1.222784	-0.999912
-0.898755	-0.999979
-0.892031	-0.999827
-0.867465	-0.999879
-0.830257	0.999838
-0.793432	0.999976
-0.676214	-0.999911
-0.673262	0.999927
-0.587987	-0.999926
-0.567378	0.999938
-0.545302	-0.999978
-0.348541	0.999983
-0.226137	0.999977
-0.218325	-0.999808
0.093318	-0.999944
0.204455	-0.999992
0.455301	-0.999690
0.476741	0.999895
0.552428	0.999902
0.580151	-0.999790
0.649971	0.999981
0.700604	-0.999833
0.863791	0.999945
0.930360	-0.999894
1.134257	-0.958653
1.137375	0.958751
1.173272	-0.999873
1.215687	0.999941
1.313393	-0.999933
1.351664	0.999930
1.356074	0.999858
1.511611	0.999980
1.514525	0.999836
1.755661	0.999937
1.776417	-0.999739
1.918066	-0.999050
1.936885	0.999838
1.956154	0.999784
2.005593	-0.999981
2.214566	-0.999579
2.231492	-0.999496
2.662353	-0.999898
2.667483	-0.999603
2.703831	-0.999596
2.736687	0.999840
2.745803	-0.999825
2.764720	0.999796
2.875205	0.999764
2.975894	-0.998820
2.981015	0.998995
3.004279	-0.999499
3.027251	-0.998920
3.033240	0.998629
3.247815	0.999942
3.397989	0.999936
3.425691	-0.999489
3.665910	-0.999676
3.780488	-0.999892
3.975079	0.999542
4.066498	-0.999187
4.075932	-0.999133
4.146254	0.999673
4.211206	0.999907
4.285433	-0.999211
4.403166	0.999889
4.426937	0.999749
4.459775	0.999908
4.502470	-0.999593
4.546055	-0.999807
4.721830	0.999842
4.762566	-0.999276
4.813376	-0.999675
4.862004	0.999907
4.884734	-0.999476
4.917961	0.999483
4.927995	0.999113
5.087050	0.999668
5.090861	0.999327
5.315347	0.999474
5.350706	-0.998750
5.484818	-0.997608
5.524373	0.999286
5.554203	0.999255
5.559205	-0.999352
5.621710	-0.998139
5.829332	-0.998321
5.909779	0.999890
5.947604	0.999940
6.183009	-0.999105
6.196563	-0.998598
6.267199	-0.998087
6.292304	0.998983
6.305011	0.999279
6.331750	-0.999450
6.351393	-0.999917
6.409512	0.999099
6.549602	-0.995711
6.553275	0.996517
6.581754	-0.998873
6.634064	0.998463
6.672192	-0.998376
6.712725	-0.999820
6.811819	0.999422
6.908957	0.999377
6.960749	0.999427
7.088617	-0.998685
7.228528	-0.998319
7.319572	-0.998744
7.433526	0.999859
7.445730	0.997889
7.514384	-0.996327
7.705320	-0.997502
7.749691	0.998964
7.751118	0.998409
7.874645	-0.997268
7.954531	0.998744
7.979864	0.997799
8.017786	-0.990847
8.026687	0.992789
8.131722	-0.999086
8.233908	0.998924
8.346213	0.998558
8.363834	-0.996845
8.395545	-0.998464
8.421528	-0.998067
8.438716	0.999316
8.452280	-0.998697
8.483265	0.996637
8.501672	0.997243
8.653237	-0.999254
8.664005	0.997636
8.664272	0.996759
8.868980	0.995828
8.923689	-0.992933
8.972194	0.813635
8.979419	-0.808437
9.017271	-0.995688
9.036522	0.996018
9.054693	-0.993116
9.133596	0.997874
9.145616	0.997170
9.429148	-0.995012
9.519270	0.999144
9.526832	0.998110
9.636992	-0.995164
9.666567	-0.993363
9.731216	0.995514
9.828238	0.926264
9.830161	-0.922177
9.871317	0.995313
9.884957	-0.994989
9.951359	-0.811363
9.953586	0.808588
10.106523	-0.993283
10.112097	0.995441
10.146760	-0.993953
10.158274	-0.996911
10.172183	-0.996301
10.243353	0.996649
10.345177	-0.997333
10.398425	0.996642
10.478336	0.990932
10.510550	0.995769
10.518080	-0.997752
10.522826	0.995684
10.783224	-0.991008
10.792420	0.954728
10.798340	-0.965591
10.879319	0.990373
10.916974	-0.986105
10.927272	-0.990361
11.086903	0.997396
11.163831	0.994676
11.275683	0.994282
11.333986	-0.994412
11.371018	0.993515
11.442194	-0.989174
11.471276	0.994403
11.496080	0.981671
11.516546	-0.987021
11.533509	0.992146
11.614917	-0.990578
11.642941	-0.991925
11.802464	0.972746
11.818423	-0.981300
11.849874	0.993857
11.940123	-0.982713
11.974381	-0.982968
11.977680	-0.977975
11.983171	0.977622
11.991959	-0.986284
11.997526	0.982285
12.063125	0.989574
12.083432	0.990891
12.188325	0.962894
12.237772	0.983631
12.240106	0.992607
12.286385	-0.968847
12.342501	0.985599
12.403627	0.691002
12.409097	-0.706371
12.502117	-0.982848
12.596354	0.963428
12.621639	-0.981069
12.628586	-0.978113
12.665549	0.986348
12.694640	-0.979559
12.735485	0.984012
12.772124	0.992482
12.909540	0.968928
13.020595	0.947350
13.022231	-0.962607
13.032993	-0.985234
13.053064	0.903537
13.092492	-0.871361
13.286879	0.959353
13.323886	-0.975545
13.369864	-0.935669
13.399632	-0.975100
13.429852	-0.960517
13.439198	0.981240
13.463216	0.959117
13.501492	-0.953875
13.524245	0.938337
13.531819	0.974748
13.649166	0.966286
13.671844	-0.984594
13.696939	-0.972506
13.766538	-0.980148
13.790332	-0.939420
13.862695	0.989209
13.885041	0.969944
13.903170	0.935165
13.959993	0.938318
14.120697	0.978647
14.181553	0.949464
14.207853	-0.313500
14.212702	-0.101957
14.246684	-0.540430
14.333843	0.881400
14.355613	-0.551916
14.361708	0.491065
14.528913	0.801342
14.544855	-0.987808
14.546882	-0.812111
14.617986	-0.041333
14.652403	0.857646
14.659452	-0.828322
14.759826	0.898603
14.794290	-0.815882
14.848581	-0.044269
14.873564	0.722515
14.924597	-0.596255
14.970767	0.766100
14.971916	-0.984016
14.994060	0.923235
15.004707	0.832895
15.016687	0.866337
15.059829	-0.719555
15.076436	-0.816234
15.116014	-0.927884
15.151335	-0.756418
15.207640	0.627073
15.235417	-0.303798
15.401020	0.644596
15.417120	-0.401575
15.420677	0.773984
15.450303	-0.834503
15.471304	0.492102
15.500255	0.850252
15.524435	-0.835774
15.535801	0.829274
15.611870	-0.962850
15.645823	0.808651
15.669640	0.972216
15.711609	0.414969
15.726477	0.412709
15.735051	-0.516762
15.772623	0.162625
15.789893	0.775338
15.826679	0.976260
15.876269	-0.725660
15.883635	0.656757
15.935263	0.677013
16.033941	0.816744
16.084518	-0.950885
16.150436	-0.337972
16.185791	0.445732
16.190027	-0.612747
16.190830	-0.012476
16.220366	0.070695
16.230337	0.005168
16.251440	0.508512
16.257662	-0.936759
16.295801	0.069750
16.382299	0.255152
16.396223	0.191264
16.436783	0.712365
16.455032	0.419540
16.498598	-0.201580
16.608715	-0.330140
16.646473	-0.963967
16.691957	-0.182805
16.712833	0.099500
16.743275	0.179823
16.759512	0.220691
16.853104	0.521066
16.863487	-0.205226
16.944166	-0.790171
16.978931	0.299739
16.988062	-0.895540
17.019468	0.685113
17.031559	0.953523
17.051731	-0.499699
17.081020	-0.171755
17.084534	0.899829
17.130434	0.607859
17.151756	0.280361
17.224730	-0.606580
17.266809	0.381829
17.299419	0.422436
17.320644	-0.311002
17.386181	-0.340721
17.419901	-0.706488
17.440384	-0.485249
17.491318	0.017360
17.496115	-0.310126
17.500818	0.466394
17.544575	0.068860
17.584969	0.460346
17.661840	0.780556
17.673429	-0.168606
17.752987	0.550924
17.763603	0.528835
17.804369	-0.272562
17.876186	0.894553
17.913441	0.096901
17.934734	-0.729221
17.937363	0.551711
18.023590	-0.376484
18.110777	0.592577
18.123011	-0.327482
18.151018	-0.848061
18.234314	0.066306
18.275484	-0.266417
18.341354	0.077499
18.361979	0.240527
18.391922	0.117525
18.393816	0.643071
18.423355	0.342104
18.431669	0.563369
18.449757	0.681627
18.521793	-0.342954
18.577885	0.672370
18.579943	0.319589
18.604445	-0.923706
18.673054	0.885510
18.678280	-0.486992
18.685774	0.056762
18.732746	-0.351333
18.736200	-0.857148
18.754025	-0.796021
18.780521	-0.349959
18.881533	-0.008580
18.904713	0.337575
18.929256	-0.563371
18.983925	-0.000415
19.006145	0.327066
19.008957	0.479710
19.086914	-0.839970
19.107784	-0.515413
19.188587	-0.001262
19.206881	0.514772
19.223206	0.188625
19.247650	0.918026
19.257362	-0.864855
19.302967	-0.087913
19.317955	0.292316
19.344589	0.788237
19.385372	-0.212616
19.397827	0.784598
19.401058	0.449560
19.427870	0.647967
19.447569	0.648574
19.494101	0.229590
19.515287	0.321694
19.553509	-0.574825
19.571312	0.393216
19.654133	0.000561
19.673445	0.038186
19.679037	-0.897773
19.756805	-0.915743
19.775419	-0.122716
19.864376	0.592789
19.895479	0.355370
19.896900	0.305199
19.962847	-0.470656
20.017849	0.212207
20.024067	0.186355
20.045288	0.152432
20.117630	-0.380175
20.122673	-0.134624
20.132870	0.078240
20.140127	-0.008508
20.173670	0.723638
20.175394	0.727396
20.235172	-0.259717
20.260269	-0.927893
20.300009	0.243411
20.338089	0.183514
20.369362	0.156339
20.407574	-0.387016
20.445997	0.240993
20.483780	0.096838
20.574104	-0.872376
20.576389	-0.404014
20.587561	-0.036920
20.627289	0.898473
20.683718	-0.312061
20.700563	-0.441669
20.707142	0.116411
20.717218	0.721895
20.752302	0.251782
20.771883	0.084918
20.821102	0.299026
20.845091	0.054294
20.868286	0.136215
20.880575	0.063217
20.899817	0.282954
20.934456	-0.107508
20.994741	-0.483839
21.056417	0.234479
21.124670	0.717633
21.133430	0.043699
21.144327	-0.780275
21.159311	0.611986
21.201393	-0.443941
21.221889	0.336691
21.244400	0.287252
21.302776	-0.349871
21.304964	-0.019297
21.423010	0.436560
21.462299	-0.078811
21.472692	-0.185659
21.537054	0.296636
21.543457	-0.784042
21.556059	0.168556
21.565903	0.409449
21.626188	0.093010
21.664850	-0.081254
21.671507	-0.033896
21.696190	-0.271399
21.737812	0.445775
21.748121	0.059540
21.749235	0.090904
21.786219	-0.339187
21.855295	0.584037
21.948847	0.262940
22.042112	0.261947
22.061689	0.382135
22.072083	0.033140
22.135651	-0.113168
22.146343	-0.371382
22.162893	-0.460930
22.182581	-0.001184
22.206526	0.582666
22.255842	-0.425065
22.265425	-0.026994
22.291361	-0.158795
22.322065	-0.133349
22.344343	-0.447200
22.361452	0.167763
22.393909	0.456037
22.404512	-0.660135
22.428226	0.393845
22.531132	0.174670
22.544998	0.156322
22.579834	0.217571
22.617754	-0.385490
22.636307	0.168639
22.642542	-0.190956
22.677908	0.368640
22.779131	-0.735410
22.807901	0.365446
22.829424	-0.189480
22.859280	0.057916
22.862434	0.641093
22.881788	0.143152
22.935146	-0.694645
22.969330	0.088556
22.984495	-0.417306
22.997307	0.835474
23.002497	-0.136085
23.004000	0.239459
23.052673	0.177218
23.092560	0.527562
23.101986	-0.052314
23.109449	0.433601
23.164539	0.334216
23.172529	0.399063
23.229387	0.074249
23.233965	0.376542
23.265606	-0.300671
23.283060	-0.823789
23.336779	-0.861639
23.409887	0.219241
23.435621	-0.053456
23.451763	0.288411
23.478685	-0.228327
23.517069	0.425609
23.521646	0.195926
23.540209	0.136328
23.657648	-0.310947
23.683777	-0.259916
23.703978	0.204717
23.716753	0.481886
23.746033	0.238282
23.800920	0.349501
23.876207	-0.708320
23.883377	0.339738
23.883801	-0.040083
23.912018	0.281554
23.957697	-0.220515
24.012877	0.477241
24.021275	-0.044463
24.025328	0.081612
24.032661	0.188169
24.069542	0.151545
24.137293	0.129401
24.172892	-0.786207
24.250856	-0.233914
24.266247	0.214947
24.267950	0.840106
24.283367	-0.122272
24.305954	-0.563799
24.347000	-0.035111
24.391790	-0.090083
24.449894	0.037780
24.463646	-0.188254
24.469833	0.202695
24.487843	-0.160607
24.503967	-0.145385
24.527002	-0.436862
24.570049	-0.196841
24.585857	0.145304
24.622866	-0.355918
24.667652	0.205325
24.692022	0.352267
24.743568	0.308336
24.754980	0.009451
24.777157	0.117986
24.795980	0.738857
24.813944	0.079088
24.839430	0.115633
24.901564	-0.391351
24.936436	0.093902
24.977133	-0.034257
25.007576	0.071417
25.042744	0.117048
25.062035	0.119769
25.084986	-0.625255
25.152199	-0.002230
25.172657	-0.030284
25.182348	-0.342078
25.188597	0.259138
25.199976	0.354804
25.292349	-0.084288
25.328096	0.063280
25.338284	0.297212
25.385174	0.154704
25.420664	0.127051
25.442297	-0.010724
25.472187	0.233412
25.474140	0.145447
25.475086	0.184385
25.527979	-0.196986
25.544012	-0.422130
25.587566	0.017029
25.604872	0.294460
25.771002	0.269680
25.788612	0.252427
25.841360	-0.103222
25.863480	0.468341
25.906286	-0.030802
25.909151	-0.084062
25.930666	-0.789584
26.005894	-0.069054
26.040066	-0.618798
26.046387	0.201981
26.055386	0.128193
26.090790	0.005841
26.138575	0.050347
26.151070	0.257781
26.155153	0.100294
26.227913	-0.409234
26.278095	-0.255947
26.295767	-0.015452
26.309906	-0.002992
26.315365	-0.130687
26.352440	-0.044868
26.397284	0.014974
26.427885	-0.322083
26.472763	0.603462
26.480587	0.534066
26.505732	0.191663
26.526560	-0.079641
26.532045	0.127860
26.578651	-0.197697
26.597460	0.640052
26.603998	0.381523
26.609999	0.492074
26.632275	-0.134329
26.655903	-0.496957
26.715658	0.092877
26.729078	-0.116992
26.748264	0.354389
26.750837	0.400892
26.821579	-0.335406
26.887930	0.340212
26.901773	-0.366711
26.903950	-0.525955
26.915491	-0.447049
26.924133	-0.267907
26.979168	0.145990
27.020222	-0.264217
27.068069	0.268070
27.100939	0.162377
27.158112	0.388545
27.177433	-0.084384
27.198048	0.107676
27.235210	0.035910
27.255680	-0.195680
27.270960	0.037828
27.295490	0.197333
27.304300	0.176298
27.350185	0.082459
27.382437	0.108652
27.400713	-0.145198
27.449312	-0.095127
27.451653	0.197078
27.492395	0.280357
27.503450	-0.735414
27.512512	0.023311
27.626698	0.440619
27.672894	0.379681
27.678509	0.466020
27.683359	0.072543
27.697596	0.392758
27.754406	-0.641048
27.791416	-0.552171
27.860855	-0.283012
27.877661	-0.026869
27.894384	0.120828
27.910540	0.436275
27.925678	-0.106876
27.973869	0.248338
27.997276	-0.482553
28.035049	0.365676
28.089510	-0.467673
28.101145	-0.069050
28.105204	0.247946
28.186996	0.137629
28.191599	0.288853
28.229141	-0.219731
28.267841	-0.099689
28.269911	0.196991
28.294964	0.408830
28.317265	-0.413925
28.406824	0.072903
28.429153	-0.163197
28.445198	0.328434
28.468075	0.414609
28.493450	0.138094
28.499866	0.312952
28.510002	0.152476
28.525946	-0.551634
28.613142	0.333596
28.633774	0.049325
28.727047	-0.141616
28.737272	0.110946
28.801624	-0.257910
28.827391	0.382686
28.849520	-0.724887
28.874199	0.273180
28.885590	-0.069251
28.899803	-0.158219
28.903194	0.111974
28.921867	0.363442
28.938349	-0.231051
29.000164	0.169781
29.046820	-0.528084
29.113054	-0.112815
29.156387	0.143658
29.161976	0.236431
29.174362	0.318839
29.215698	0.091707
29.232609	-0.050926
29.300901	0.165522
29.327337	-0.079439
29.349077	0.361031
29.411785	-0.166141
29.420923	-0.037318
29.482780	-0.209303
29.495071	-0.236592
29.522099	0.451706
29.558804	-0.269382
29.590126	0.247884
29.602846	0.030798
29.639502	-0.606899
29.691507	0.081134
29.700605	-0.030733
29.718378	0.040778
29.724621	-0.671669
29.729639	0.144393
29.813305	0.111595
29.824959	0.209706
29.849773	0.381762
29.878052	0.360545
29.884678	-0.234947
29.929649	-0.073951
29.983166	-0.067006
30.053890	-0.158323
30.067959	-0.133758
30.088989	0.321366
30.096596	-0.320561
30.130455	0.257856
30.141399	0.525845
30.191540	-0.097511
30.214191	-0.188149
30.215298	0.765704
30.221100	0.289665
30.245544	-0.101693
30.313190	0.073866
30.336012	-0.423089
30.378077	0.194209
30.411852	0.391152
30.438927	0.313321
30.455553	-0.331494
30.464582	-0.107258
30.499323	-0.129397
30.514507	0.312551
30.516188	-0.680217
30.538372	-0.620705
30.580456	-0.231852
30.613148	0.357805
30.683474	0.100745
30.749071	-0.010779
30.756001	-0.208658
30.782812	0.403636
30.794397	0.229111
30.803213	0.094650
30.820230	0.164350
30.834974	-0.071536
30.846224	-0.050547
30.968014	-0.217881
30.970728	-0.243928
30.997250	-0.178204
31.033443	0.222994
31.035343	0.074285
31.101353	0.165466
31.129717	-0.747772
31.138464	0.429815
31.180580	0.222053
31.265001	-0.174358
31.273439	0.272189
31.294569	0.068793
31.300545	0.065358
31.349581	0.443603
31.382925	-0.508586
31.412712	-0.079733
31.427336	0.123978
31.445522	-0.194338
31.478682	0.401961
31.499599	0.078600
31.532692	-0.263984
31.625338	0.348106
31.646990	0.016127
31.651854	-0.384094
31.716709	0.521892
31.756124	-0.090991
31.777615	0.121071
31.804169	-0.204643
31.811092	-0.161189
31.833187	-0.094996
31.845078	0.179042
31.873846	-0.085066
31.889145	0.193020
31.936607	0.363558
31.971649	-0.154935
32.013176	-0.038384
32.017185	-0.252864
32.028439	-0.079746
32.066002	0.393513
32.116825	-0.115859
32.126484	-0.001552
32.144772	0.695744
32.202854	0.203353
32.274807	0.154441
32.288120	0.138190
32.361282	-0.274249
32.378464	0.099428
32.437885	-0.101202
32.444878	0.307498
32.455238	-0.276521
32.456219	0.213961
32.484806	-0.302773
32.490936	0.381373
32.530846	-0.578754
32.567589	-0.000569
32.569080	-0.196457
32.595886	-0.425610
32.622860	0.104920
32.679180	0.019704
32.723812	0.203800
32.792706	-0.095354
32.822906	0.194407
32.875648	-0.090949
32.913147	0.141804
32.914021	0.371487
32.945503	-0.287880
32.990734	0.376879
33.012486	0.251528
33.070473	0.070984
33.075195	-0.620625
33.121311	-0.182597
33.149570	-0.188351
33.179859	0.446822
33.211857	0.038319
33.217800	0.470708
33.315006	0.191135
33.323734	-0.329145
33.336029	-0.571287
33.340832	-0.082368
33.375706	-0.024177
33.408646	-0.313564
33.419804	0.139246
33.439903	0.354186
33.487946	0.223431
33.495831	0.145692
33.549355	0.164098
33.615486	0.073475
33.628872	-0.397932
33.687546	0.177477
33.727833	-0.198395
33.732391	0.052510
33.748981	0.127287
33.756165	-0.447412
33.776070	-0.146696
33.787346	0.085088
33.820919	0.238333
33.828812	0.671821
33.892792	0.319137
33.896866	-0.192872
33.926003	0.323003
33.938797	-0.107960
33.976677	-0.008489
33.989544	-0.143898
34.003765	-0.183493
34.059971	0.420629
34.076912	0.255169
34.106651	-0.677504
34.175591	0.103326
34.182178	-0.540219
34.188705	0.358333
34.301151	-0.224767
34.303677	0.047370
34.304901	-0.323489
34.364693	0.298135
34.397667	0.351438
34.447586	0.175111
34.452583	0.307641
34.473717	-0.076466
34.497730	-0.261850
34.515697	-0.044404
34.610943	-0.268720
34.641376	0.136933
34.674458	-0.346964
34.683132	0.094740
34.718094	0.076249
34.752628	-0.064073
34.752949	0.222854
34.759747	-0.431938
34.768696	-0.129949
34.782852	0.308484
34.890202	0.107042
34.893211	0.130791
34.951744	0.013149
34.986866	0.384739
34.992397	0.115994
35.012974	-0.574828
35.033527	-0.045228
35.053375	0.318514
35.114052	-0.005100
35.135078	-0.208889
35.144238	0.184801
35.171841	-0.028722
35.200260	-0.067417
35.200752	0.202516
35.260605	0.096380
35.328396	0.256953
35.332146	-0.131206
35.371487	-0.287332
35.386841	0.060004
35.388187	-0.219659
35.429932	0.098979
35.452587	0.090600
35.479523	-0.270882
35.501644	0.341244
35.503029	0.147254
35.534679	0.217536
35.545895	-0.305545
35.643322	0.300032
35.690632	-0.094776
35.721252	0.068278
35.770477	-0.273887
35.820927	0.628480
35.836857	0.278877
35.881294	-0.350745
35.942303	0.237521
35.991795	-0.285112
36.019417	-0.285673
36.025093	0.206089
36.049580	0.304092
36.068386	0.117695
36.069618	0.211469
36.076546	-0.205572
36.092098	0.059164
36.106232	-0.250550
36.159248	0.200718
36.202827	-0.538226
36.244957	0.141882
36.303455	0.238185
36.338860	-0.373345
36.362591	0.138054
36.420475	0.095166
36.439568	0.112501
36.479904	0.439461
36.510952	-0.062165
36.529293	-0.195046
36.569042	0.130632
36.588367	-0.325845
36.622002	0.041501
36.682026	0.331501
36.724464	0.018192
36.734913	-0.161578
36.751461	-0.633721
36.763130	-0.088733
36.797081	0.267320
36.821861	0.226853
36.842140	0.419498
36.887943	0.122226
36.899815	-0.423822
36.915173	0.139274
36.938114	0.220213
36.960323	0.469317
37.023781	-0.529158
37.050308	-0.146471
37.082733	-0.599607
37.125492	0.466036
37.189480	-0.374574
37.230511	-0.112671
37.280609	0.171195
37.315186	0.111277
37.328388	0.425416
37.336586	-0.200935
37.362583	-0.098015
37.379551	-0.181426
37.397984	0.096779
37.421482	-0.181018
37.428215	0.267735
37.447819	-0.161662
37.467529	0.487946
37.528538	0.367329
37.586517	-0.019724
37.590710	0.066453
37.601219	0.220272
37.626972	0.267281
37.640858	-0.492929
37.694080	0.345987
37.713501	-0.629080
37.723488	0.227536
37.777222	0.354841
37.821293	-0.427815
37.836208	-0.272282
37.857170	0.045787
37.895859	0.015143
37.911831	-0.200700
37.933048	0.349277
37.990772	0.182665
37.998676	0.307294
38.021923	0.012014
38.031143	0.159639
38.092529	-0.122227
38.131844	0.084853
38.157288	0.021142
38.178837	-0.303071
38.229374	-0.052584
38.234192	-0.308970
38.250443	-0.131212
38.303932	-0.212108
38.358521	0.436339
38.376228	-0.136495
38.388611	0.273756
38.401951	-0.644656
38.412476	0.042258
38.437126	0.065672
38.459312	0.130699
38.551579	0.007668
38.572598	0.051486
38.617340	0.203325
38.631706	0.050443
38.666355	-0.274434
38.722881	-0.193114
38.726765	0.039756
38.785061	0.531133
38.794193	-0.071393
38.799080	0.266944
38.837135	-0.076872
38.891453	0.305115
38.927441	0.118679
38.973598	0.124289
38.985886	0.143866
39.004089	-0.411332
39.035469	-0.014143
39.063782	-0.132532
39.064163	-0.118385
39.099716	-0.060359
39.140060	-0.080222
39.168770	0.211991
39.233448	-0.054891
39.245468	-0.066543
39.277969	0.343652
39.347267	-0.292460
39.369370	-0.118809
39.409325	0.163843
39.426830	-0.196281
39.449852	0.199299
39.461151	-0.185485
39.488575	0.437393
39.553459	0.269128
39.597744	0.025223
39.606541	0.162414
39.617039	0.268267
39.657143	-0.100912
39.676861	0.301373
39.686176	0.278297
39.697083	-0.417071
39.709824	-0.105836
39.781940	-0.018785
39.859257	0.063240
39.887348	-0.180345
39.893860	-0.019856
39.898392	0.186706
39.954937	-0.086978
40.004856	-0.048438
40.019161	0.449455
40.066353	0.263503
40.073338	-0.405473
40.087749	-0.242668
40.202614	-0.198087
40.268974	0.139618
40.272694	-0.171023
40.282509	0.371598
40.287830	-0.085008
40.345955	0.134425
40.394264	0.111631
40.411285	-0.504389
40.435452	0.012619
40.440060	-0.380837
40.457420	-0.307850
40.471939	0.183389
40.496670	0.357195
40.509708	0.064175
40.521023	0.138884
40.537807	0.182914
40.697647	-0.391114
40.708721	-0.260416
40.749630	0.481504
40.766144	-0.443645
40.833645	-0.263135
40.897442	0.080686
40.917488	-0.110458
40.934254	0.317466
40.955170	0.056829
40.961670	-0.247974
40.975712	0.368073
41.000031	0.049097
41.028053	0.210890
41.046692	0.194129
41.056686	0.150329
41.106400	-0.295335
41.119064	0.505534
41.126476	0.059212
41.201126	0.204818
41.217686	0.258114
41.234753	0.345256
41.269363	-0.500914
41.283794	-0.293784
41.320137	0.347697
41.337673	0.178981
41.342735	-0.466330
41.373573	-0.264269
41.389015	0.008586
41.392704	0.284694
41.409904	0.119752
41.467487	-0.252256
41.477772	0.104355
41.488605	0.219427
41.502804	-0.467875
41.503571	0.332547
41.506901	0.337720
41.556969	-0.163834
41.595425	0.337553
41.632248	-0.001417
41.659454	-0.196344
41.710392	-0.215198
41.799568	-0.411455
41.828217	-0.003326
41.843304	-0.203924
41.883732	0.023056
41.920311	-0.291650
41.990814	0.229418
42.011009	0.304184
42.013195	0.049622
42.015175	0.005388
42.035915	-0.626641
42.122356	-0.334591
42.187805	0.001635
42.197983	0.020086
42.245155	0.014600
42.248840	0.323947
42.313648	0.242125
42.324001	-0.444479
42.341896	0.227768
42.407566	-0.104620
42.450493	0.351192
42.452957	0.418296
42.473114	0.288666
42.497074	-0.197658
42.517475	0.243592
42.569626	0.199527
42.601578	0.107086
42.670918	-0.186743
42.676041	0.020063
42.686081	-0.141898
42.698231	-0.305703
42.702099	-0.350625
42.777218	-0.007957
42.804451	-0.180393
42.865993	-0.323463
42.903633	0.380103
42.912548	-0.165395
42.923885	0.384905
42.958244	0.217239
43.010746	-0.028658
43.014996	0.179743
43.030441	0.060589
43.065716	-0.035561
43.106644	-0.306086
43.119938	0.283633
43.146675	0.128521
43.172058	0.553231
43.181042	0.337358
43.219990	0.230017
43.251678	-0.285645
43.279850	0.251049
43.313969	0.312376
43.325912	-0.455833
43.365108	-0.051845
43.402115	0.079096
43.429752	0.021580
43.457592	-0.458045
43.508591	0.185253
43.556267	0.180978
43.557632	0.293070
43.587875	0.047643
43.705585	-0.499810
43.729031	0.070782
43.752090	0.268059
43.787766	-0.096744
43.810783	-0.469687
43.849266	-0.267104
43.891163	0.357564
43.929493	-0.266864
43.955097	-0.216459
43.980347	0.320329
43.987148	-0.306205
44.047447	0.184548
44.057831	-0.273840
44.084042	0.003796
44.131908	0.145734
44.138470	0.134437
44.145851	0.354861
44.188652	0.021850
44.260555	-0.255626
44.303490	-0.496377
44.363510	0.261808
44.363888	-0.063992
44.411385	-0.586067
44.471432	-0.282349
44.520962	-0.161401
44.525810	-0.009113
44.537804	0.329991
44.596111	0.263839
44.608326	0.383607
44.612030	0.317829
44.626041	0.163050
44.635429	0.217582
44.650311	0.022618
44.708923	-0.074422
44.733166	0.054844
44.763798	0.154737
44.775642	-0.100816
44.804859	0.376354
44.806358	0.249293
44.834103	0.233217
44.845829	0.238115
44.858368	-0.064608
44.880947	0.263867
44.906063	-0.112217
44.912994	-0.283207
44.918133	-0.009641
44.929218	-0.103907
44.933575	-0.602276
44.997620	0.354103
45.039383	0.271542
45.045284	-0.094808
45.046684	0.398836
45.086010	0.330116
45.138081	-0.551082
45.140083	-0.176136
45.187027	0.296156
45.241047	-0.260890
45.267689	-0.064765
45.270916	-0.377314
45.336857	0.038467
45.399395	-0.076950
45.408600	-0.315487
45.411579	-0.224824
45.462727	0.065624
45.591190	0.384446
45.621849	0.086060
45.631756	-0.379076
45.671921	0.462478
45.689030	-0.596151
45.690372	-0.372200
45.729160	-0.123239
45.798332	0.051245
45.869846	0.230984
45.884811	-0.192886
45.913826	0.281609
45.963402	0.223572
45.976452	0.068146
45.988697	-0.442863
45.993885	-0.266680
46.037567	-0.093909
46.045753	0.234392
46.064171	0.251921
46.083561	0.199624
46.093784	0.326144
46.117561	0.253201
46.133129	-0.267082
46.189133	0.210812
46.202442	0.035746
46.301296	0.041116
46.312214	0.271517
46.327480	-0.360410
46.362572	-0.430301
46.396187	-0.294387
46.490883	0.277442
46.495274	0.245439
46.497375	-0.080851
46.540283	0.084499
46.565041	0.004603
46.567787	0.483193
46.662167	-0.275420
46.672520	0.288430
46.679409	-0.290648
46.706852	0.203223
46.710499	0.272615
46.732857	0.321793
46.751633	0.322385
46.752270	-0.297788
46.815491	0.087088
46.820782	0.131573
46.825928	0.170465
46.880138	0.240603
46.883881	-0.100168
46.987926	-0.186129
47.003597	-0.460440
47.023750	0.101315
47.031639	-0.003549
47.093552	0.388626
47.127346	0.181359
47.147179	-0.043095
47.236870	-0.004418
47.245922	-0.175319
47.347214	-0.518597
47.396339	0.190430
47.420761	-0.517645
47.452522	0.235064
47.483288	0.240709
47.524212	-0.366540
47.533882	-0.335181
47.545658	-0.137438
47.575840	0.254228
47.619110	0.213314
47.634602	-0.175396
47.675907	0.019904
47.700184	0.184074
47.729797	-0.064254
47.748055	0.109230
47.768124	-0.297510
47.783367	0.380376
47.862556	-0.034999
47.878700	-0.567009
47.885769	-0.243509
47.962105	0.380981
47.999577	-0.293474
48.073158	-0.539254
48.081924	0.208085
48.109993	0.234515
48.139240	-0.151283
48.144951	0.262497
48.157604	0.404668
48.221058	0.326945
48.238895	0.220186
48.274052	0.040064
48.279243	0.130510
48.332840	-0.091618
48.359005	-0.112194
48.400105	-0.206829
48.401741	0.195795
48.410114	0.565901
48.428989	0.264569
48.430531	0.147431
48.463093	0.000130
48.464432	-0.271517
48.476288	-0.103467
48.481293	-0.026432
48.512856	0.213210
48.529442	0.254346
48.536591	-0.380654
48.550537	0.302690
48.566853	-0.594061
48.686001	0.313763
48.700287	0.426580
48.736881	0.178628
48.741592	0.223839
48.759106	0.015283
48.776211	-0.502668
48.778618	0.266793
48.838459	-0.164774
48.920952	0.008913
48.947506	-0.465473
48.975647	-0.220512
48.984283	-0.258080
49.018559	-0.254598
49.101322	0.044710
49.110577	-0.008623
49.175999	-0.283758
49.177032	0.336233
49.259827	0.091621
49.327179	-0.641322
49.332184	0.399089
49.369503	-0.337579
49.398754	0.008477
49.449986	-0.203707
49.458107	-0.003227
49.506073	0.211459
49.510212	0.177017
49.558502	0.016134
49.560284	-0.089530
49.576859	-0.093507
49.600101	0.122127
49.612438	0.102026
49.620068	0.218526
49.635391	-0.229230
49.646053	-0.115355
49.683331	0.126427
49.706764	-0.090345
49.759281	0.334071
49.778664	0.092688
49.873505	0.144138
49.909000	-0.233634
49.942883	0.101211
49.949078	-0.150654
49.981113	0.328979
49.981667	0.008769
50.014565	-0.158252
50.094040	0.283098
50.117718	-0.044024
50.132732	0.342753
50.176228	-0.290778
50.194813	-0.052441
50.229225	0.255736
50.269119	0.392994
50.294949	0.271808
50.318069	0.277648
50.328026	0.121643
50.330482	-0.256755
50.371811	-0.251334
50.383419	-0.121582
50.390438	0.217646
50.427006	0.023431
50.431458	-0.273919
50.462124	0.532365
50.479252	0.258349
50.549171	-0.426404
50.574249	-0.347161
50.598412	0.012865
50.635078	0.393895
50.687584	-0.108839
50.740219	0.019012
50.752052	0.092445
50.752674	0.119579
50.927181	-0.154735
50.929539	-0.399265
50.981926	-0.304687
51.004124	0.223262
51.045006	0.055395
51.069458	-0.391100
51.081505	-0.268683
51.115032	0.111798
51.139896	0.123959
51.191635	-0.157514
51.216434	0.006191
51.246422	-0.082143
51.331055	0.436835
51.333633	-0.066495
51.359360	0.135786
51.363129	0.142026
51.403622	-0.040888
51.408436	0.317428
51.419456	-0.196698
51.421841	-0.411929
51.468594	-0.594537
51.543655	-0.154352
51.548836	0.191420
51.619350	0.244470
51.663628	0.256954
51.683765	0.258474
51.703259	-0.531308
51.754734	0.428637
51.764610	-0.121691
51.831459	0.144436
51.842255	0.175373
51.878891	0.187248
51.892750	0.016459
51.902950	-0.218821
51.949158	0.230228
51.953907	0.035267
51.985233	-0.479520
52.025524	0.335277
52.026043	-0.202244
52.057289	0.436281
52.058720	0.534187
52.068195	0.280936
52.080307	-0.207345
52.113766	-0.288613
52.139595	-0.448063
52.157658	0.243018
52.180523	0.063651
52.181244	0.301929
52.215157	-0.511113
52.314159	0.204853
52.329288	-0.093876
52.346355	0.378583
52.372532	0.295306
52.402802	0.148851
52.413025	-0.496895
52.435143	0.066386
52.478832	0.199182
52.517906	0.239867
52.543861	-0.214500
52.621243	-0.413903
52.679234	-0.142855
52.688267	-0.259851
52.729088	-0.299650
52.731274	0.006828
52.733376	-0.143466
52.759735	0.391748
52.917515	-0.110080
52.920219	0.127113
52.959000	-0.511375
52.977615	-0.033132
52.996140	0.012552
52.997295	-0.094419
52.998734	-0.130094
53.026146	0.047827
53.079655	-0.234083
53.094612	0.310761
53.142746	0.104100
53.163334	0.271901
53.185276	0.240917
53.197632	0.214589
53.260002	0.065642
53.261627	0.001993
53.284355	-0.439266
53.334743	0.030818
53.389168	-0.104777
53.404152	0.318329
53.448074	-0.128563
53.461311	0.131069
53.478889	-0.041602
53.575558	-0.172670
53.593323	0.105982
53.597355	0.095440
53.598778	0.093574
53.618404	-0.320768
53.743164	0.275478
53.759651	0.410852
53.782070	0.064888
53.799957	0.281239
53.804657	0.369871
53.831821	-0.405819
53.881355	0.138907
53.895527	-0.134259
53.897411	0.275234
53.938435	0.168010
53.961163	0.139835
53.968395	-0.285515
54.012764	-0.233614
54.034023	0.266387
54.038757	0.008003
54.077404	0.206496
54.089626	0.490212
54.100540	-0.404179
54.149868	-0.022211
54.165508	-0.288609
54.168785	0.110733
54.178371	-0.228035
54.191399	0.103763
54.217312	0.123485
54.379192	0.174269
54.415340	-0.250561
54.461060	0.117716
54.474422	-0.291253
54.577759	0.167340
54.608250	-0.364336
54.641220	-0.064298
54.652676	-0.162366
54.667587	-0.000814
54.684231	-0.319393
54.701447	0.019657
54.739014	0.041490
54.879684	0.135091
54.949265	-0.164195
54.958130	-0.159763
54.965408	-0.063653
54.973469	0.096440
54.998192	0.427009
55.019466	0.314537
55.021503	0.159313
55.034042	-0.529504
55.067936	0.085773
55.100464	-0.145332
55.118942	-0.150252
55.120476	-0.303808
55.179527	0.359596
55.246758	0.223959
55.258667	0.193012
55.322819	-0.498895
55.377193	0.420010
55.393826	-0.130327
55.411022	0.141607
55.448139	0.196873
55.454342	-0.096786
55.458530	0.033883
55.503216	-0.003151
55.510387	0.043615
55.511414	-0.503025
55.518139	0.027809
55.569538	0.321259
55.596333	-0.172043
55.661484	0.146413
55.679638	0.444995
55.684086	0.446558
55.704659	-0.364669
55.714458	0.499825
55.740711	-0.460908
55.791637	0.326333
55.804543	-0.481180
55.860912	-0.078630
55.893795	-0.309305
55.898117	0.005927
55.936897	0.342407
55.966740	0.016368
55.969978	0.250724
55.977634	0.145376
56.002155	0.401867
56.050625	-0.486459
56.125362	-0.141324
56.171215	0.080656
56.208267	-0.089708
56.237423	-0.347740
56.303738	-0.023008
56.333782	0.030136
56.342724	-0.016775
56.345119	0.246439
56.359676	0.044903
56.414276	0.089934
56.447998	-0.292251
56.462227	-0.146704
56.475056	-0.318964
56.484215	0.071589
56.574459	0.047733
56.608250	0.073398
56.610443	-0.571869
56.650654	0.416966
56.680397	-0.120613
56.736835	0.282466
56.744766	0.095195
56.782150	0.269759
56.799252	0.028986
56.836666	0.028216
56.840237	0.105137
56.856514	0.088291
56.859287	0.142168
56.943672	-0.530441
57.005028	0.333866
57.031906	-0.126770
57.072544	-0.071382
57.085079	-0.220991
57.139805	0.008422
57.215630	-0.138409
57.236908	-0.213963
57.237186	-0.053496
57.250793	0.170773
57.299465	-0.100461
57.341370	0.307699
57.371876	0.086705
57.378422	0.423918
57.385769	0.244378
57.428761	-0.064650
57.460117	-0.310072
57.484077	0.296840
57.490425	-0.005182
57.511715	0.178696
57.560696	-0.209378
57.569294	0.101981
57.592026	-0.336976
57.611874	-0.077545
57.627678	0.340794
57.655640	0.017165
57.677883	0.230010
57.691746	0.011323
57.704044	0.294919
57.705482	0.169175
57.718155	-0.126394
57.746243	0.159043
57.749130	0.077459
57.772568	0.097258
57.868950	-0.043665
57.994770	-0.403368
58.002872	0.128450
58.020550	-0.133699
58.111561	0.022280
58.150455	-0.358164
58.195232	0.083392
58.200035	-0.125586
58.240921	-0.015573
58.255253	0.020215
58.261257	0.039661
58.308060	-0.425201
58.445335	0.343899
58.462154	-0.092722
58.538532	-0.197522
58.581638	-0.308726
58.583084	0.103457
58.618973	0.342591
58.621719	-0.494470
58.634815	0.169210
58.647747	0.122081
58.661659	0.319397
58.715893	0.042639
58.751606	-0.130790
58.767578	0.392384
58.791508	0.213166
58.809269	-0.400900
58.873775	0.098247
58.893902	0.055498
58.928196	-0.483336
58.967728	0.120856
58.997707	0.351865
59.010033	0.116013
59.018211	-0.054546
59.032257	-0.146644
59.050331	0.163019
59.060619	-0.508171
59.097439	0.136082
59.106590	0.163702
59.123558	0.004032
59.129299	-0.226072
59.140678	0.107562
59.175789	-0.037249
59.297337	0.303559
59.302475	-0.111707
59.305176	0.294737
59.334648	-0.438742
59.349689	0.533137
59.375660	0.128275
59.386547	0.237728
59.446720	-0.506858
59.475964	0.011065
59.504448	0.303087
59.569603	0.248487
59.574947	-0.257290
59.619457	0.222212
59.638191	0.172914
59.664680	-0.001329
59.671963	-0.381552
59.720676	-0.117323
59.729576	-0.076828
59.755371	-0.054467
59.767250	-0.341823
59.908112	0.038151
59.908676	-0.157125
59.930973	0.325324
59.950130	0.074696
59.968956	-0.287712
59.985859	0.045137
60.027225	0.129159
60.050159	-0.390517
60.062225	0.096039
60.130039	0.133123
60.181419	0.055181
60.184990	0.411685
60.246117	-0.558664
60.258614	0.324863
60.260838	0.129747
60.306770	0.396927
60.360996	-0.335771
60.407669	0.014193
60.417904	-0.033473
60.428146	0.410464
60.460732	0.150960
60.498703	-0.194180
60.565868	0.161765
60.590820	-0.326149
60.598820	-0.115771
60.658405	-0.081292
60.692505	-0.268236
60.746830	-0.101841
60.775955	0.007473
60.816898	-0.283646
60.832569	0.260854
60.861374	0.119526
60.869011	-0.405113
60.893719	-0.081090
60.926193	0.440507
60.961849	-0.019358
60.987679	0.382083
60.989426	0.244859
61.004265	-0.053900
61.077694	-0.163150
61.085758	0.265969
61.092468	-0.206858
61.127720	-0.253760
61.159214	-0.266670
61.168076	-0.055947
61.171150	-0.079349
61.228699	0.189964
61.244080	-0.029014
61.266075	0.319354
61.277557	0.032484
61.280319	0.200552
61.286400	0.379939
61.319412	0.133574
61.327740	0.282295
61.351463	0.324512
61.364662	-0.222125
61.445320	0.063451
61.446545	0.137327
61.536655	-0.454882
61.563572	-0.000779
61.620293	0.152726
61.695435	-0.354324
61.743629	-0.094290
61.759193	-0.002462
61.766804	0.046238
61.791882	0.180186
61.901871	-0.297397
61.920563	0.066309
61.957119	-0.355923
61.995323	0.286242
62.140503	-0.194331
62.190132	-0.294957
62.193050	-0.123080
62.204624	0.292081
62.208981	-0.205597
62.252953	0.093170
62.275940	0.237807
62.295769	0.170642
62.328102	0.088404
62.344288	-0.129087
62.355026	0.343249
62.401222	0.035025
62.460651	0.282773
62.490063	-0.233610
62.523777	-0.451190
62.527691	-0.010042
62.535324	0.011205
62.560730	0.039681
62.574406	-0.016708
62.585182	0.214338
62.628952	-0.005777
62.642109	-0.061179
62.643684	-0.312145
62.654362	0.177004
62.692013	-0.079028
62.716671	0.114564
62.726421	-0.206708
62.739452	-0.007841
62.743851	-0.042516
62.788986	-0.031800
62.871941	-0.023126
62.881420	-0.342697
62.917416	0.363558
62.920563	-0.373676
62.938042	0.481350
62.971535	0.349490
62.986813	0.503336
63.048100	0.180296
63.089069	-0.323208
63.113613	-0.076866
63.171879	0.062203
63.172771	0.214109
63.204945	-0.253455
63.238995	0.231298
63.248554	-0.007752
63.258629	0.068492
63.300751	-0.301015
63.316936	-0.440204
63.356174	0.058561
63.378704	0.019989
63.424309	-0.137784
63.427429	-0.103199
63.473583	-0.383871
63.519676	0.365111
63.584286	0.227570
63.611603	0.078413
63.611958	0.167573
63.692459	0.027830
63.714397	-0.076220
63.739876	0.189867
63.764904	0.258608
63.779541	0.031666
63.812553	0.196307
63.816826	0.356720
63.879215	-0.567492
63.909267	0.107197
63.974678	-0.177221
63.987747	-0.035750
64.017838	-0.346925
64.097931	0.290453
64.101555	0.301500
64.119263	0.016656
64.188744	-0.280436
64.243401	-0.393313
64.270607	-0.070192
64.284431	-0.304515
64.335953	0.043955
64.376572	0.014556
64.397530	0.257675
64.408012	-0.068676
64.439682	-0.184026
64.461998	0.140705
64.480118	-0.004727
64.485733	-0.281098
64.521965	-0.131475
64.544243	0.406823
64.572906	-0.133653
64.588150	0.347725
64.605484	0.251727
64.658012	-0.273725
64.668808	-0.071556
64.704147	0.287814
64.733482	-0.368293
64.790154	0.050673
64.797043	-0.174841
64.803436	0.003827
64.823303	-0.149085
64.839920	0.126583
64.847229	0.068101
64.883759	0.190567
64.900536	0.454522
64.907265	0.030366
64.918922	0.182533
64.953903	0.337620
64.968605	0.254898
64.988319	0.099433
65.073105	-0.260332
65.092667	-0.432263
65.118286	0.291254
