
15.000000	2.333041	-84.536850	64.736084

-84.536850	-0.999997
-80.933037	-1.000005
-77.332573	-1.000003
-73.727898	-0.999997
-70.129669	-0.999999
-68.413551	-1.000005
-66.531647	-1.000010
-64.809578	-1.000007
-62.923862	-1.000003
-61.205593	-1.000004
-59.896702	-1.000000
-59.321064	-0.999999
-57.604935	-1.000002
-56.297977	-1.000000
-55.716927	-0.999994
-54.001709	-0.999996
-53.658096	-1.000004
-52.692181	-1.000011
-52.119240	-1.000006
-50.398338	-0.999990
-50.056702	-0.999999
-49.091175	-0.999991
-48.516277	-0.999999
-46.799065	-0.999999
-46.452530	-0.999985
-45.846146	-0.999991
-45.486992	-0.999985
-44.914261	-0.999995
-44.635509	0.999994
-43.197147	-1.000006
-42.855534	-1.000012
-42.246964	-0.999999
-41.890064	-1.000011
-41.315136	-1.000000
-41.034828	0.999998
-40.281601	-0.999992
-39.595955	-0.999997
-39.251038	-0.999991
-38.645462	-0.999998
-38.397366	-0.999986
-38.304825	0.999961
-38.290783	-0.999976
-37.713631	-0.999993
-37.436054	0.999998
-36.683350	-1.000001
-35.998043	-0.999993
-35.652519	-0.999998
-35.043419	-0.999997
-34.797424	-0.999986
-34.704586	0.999508
-34.688370	-0.999527
-34.116310	-1.000000
-33.838139	0.999999
-33.175724	-0.999992
-33.083931	-0.999997
-32.401443	-0.999989
-32.329231	0.999996
-32.052876	-1.000003
-31.441807	-0.999987
-31.202873	-0.999983
-31.105520	0.999843
-31.087284	-0.999851
-30.514891	-0.999995
-30.242031	1.000002
-29.577122	-1.000005
-29.483150	-0.999987
-28.805450	-0.999955
-28.729675	0.999963
-28.453144	-0.999991
-28.287798	-0.999990
-27.840767	-0.999994
-27.616060	-0.999989
-27.508512	0.999517
-27.478712	-0.999503
-26.913933	-1.000000
-26.710209	0.999986
-26.645164	1.000003
-26.426044	-1.000007
-25.977753	-1.000007
-25.885025	-1.000001
-25.331110	0.999997
-25.212126	-0.999939
-25.134287	0.999955
-24.856482	-0.999995
-24.690691	-1.000001
-24.240921	-0.999991
-24.038057	-0.999992
-23.913668	0.999404
-23.866907	-0.999392
-23.312889	-0.999992
-23.112936	0.999982
-23.049644	1.000002
-22.824848	-0.999995
-22.377529	-0.999996
-22.289789	-1.000002
-21.881987	-0.999992
-21.732645	0.999974
-21.620811	-0.999974
-21.537443	0.999990
-21.450323	0.999998
-21.260735	-0.999999
-21.091888	-0.999994
-20.643673	-0.999994
-20.472054	-0.999990
-20.319462	0.999833
-20.251421	-0.999831
-20.056381	0.999977
-20.030449	-0.999974
-19.706335	-0.999984
-19.517090	0.999997
-19.455360	0.999992
-19.222713	-1.000000
-18.782553	-0.999995
-18.694122	-0.999997
-18.280067	-0.999994
-18.133686	1.000001
-18.029552	-0.999948
-17.942356	0.999952
-17.855343	0.999993
-17.674435	-0.999994
-17.664156	-0.999997
-17.494896	-1.000003
-17.048672	-0.999998
-16.915899	-0.999994
-16.728323	0.999987
-16.636257	-0.999983
-16.545811	1.000001
-16.453993	0.999995
-16.417292	-0.999991
-16.099537	-0.999985
-15.922876	0.999999
-15.866269	0.999998
-15.832837	-0.999985
-15.619418	-0.999991
-15.189636	-0.999991
-15.140633	0.999989
-15.105175	-0.999983
-14.675978	-0.999973
-14.534769	0.999965
-14.441825	-0.999935
-14.349874	0.999937
-14.259676	0.999981
-14.077281	-0.999973
-14.067774	-0.999989
-13.899307	-1.000000
-13.457213	-0.999996
-13.369764	-0.999997
-13.146973	0.999998
-13.031573	-0.999993
-12.951835	0.999996
-12.849131	0.999971
-12.791600	-0.999957
-12.491226	-1.000001
-12.329798	0.999970
-12.277732	1.000000
-12.237837	-0.999976
-12.020761	-0.999992
-11.996557	0.999211
-11.967128	-0.999214
-11.599063	-0.999981
-11.547046	0.999989
-11.520823	-0.999988
-11.070000	-0.999974
-10.944088	0.999972
-10.855624	-0.999964
-10.756927	1.000001
-10.668582	1.000001
-10.578012	0.999983
-10.485193	-0.999987
-10.472050	-0.999980
-10.304724	-0.999997
-10.134285	-0.999993
-9.873512	-0.999987
-9.829636	-0.999992
-9.575301	0.999997
-9.435491	-0.999974
-9.358975	0.999991
-9.238400	0.999968
-9.161261	0.993600
-9.155823	-0.993580
-8.877965	-0.999985
-8.741591	0.999934
-8.690692	0.999971
-8.649651	-0.999928
-8.436475	-0.999839
-8.427022	-0.999929
-8.407035	0.999354
-8.370385	-0.999549
-8.007507	-0.999983
-7.957820	0.999863
-7.940729	-0.999874
-7.803805	1.000001
-7.465882	-0.999997
-7.354175	0.999981
-7.272392	-0.999960
-7.164728	0.999995
-7.080997	0.999988
-6.984555	0.999968
-6.897153	-0.999972
-6.872868	-0.999972
-6.711234	-0.999987
-6.611301	-0.999996
-6.532184	-0.999996
-6.370674	0.999938
-6.332701	-0.999909
-6.261508	-0.999986
-6.013909	0.999997
-5.855472	-0.999982
-5.771223	0.999991
-5.629944	0.999996
-5.564228	0.999899
-5.520421	-0.999893
-5.261177	-0.999949
-5.157289	0.999980
-5.108565	0.999904
-5.080431	-0.999973
-4.936809	0.999982
-4.844776	-0.999756
-4.833432	-0.999792
-4.819478	0.999250
-4.782690	-0.999938
-4.777887	-0.999626
-4.420134	-0.999962
-4.380012	0.999632
-4.362346	-0.999620
-4.225525	0.999994
-3.955058	0.999941
-3.866332	-0.999917
-3.768448	0.999979
-3.692048	-0.999927
-3.570514	0.999994
-3.504725	0.999953
-3.450444	-0.999923
-3.394775	0.999947
-3.293360	-0.999982
-3.271671	-0.999934
-3.120264	-0.999976
-3.001458	-0.999992
-2.934775	-0.999990
-2.818926	-0.999914
-2.780339	0.999977
-2.676939	-0.999951
-2.523796	0.999995
-2.463927	0.999972
-2.288535	-0.999931
-2.177591	0.999999
-2.030547	0.999983
-1.968916	0.999992
-1.895514	-0.999960
-1.673494	-0.999977
-1.635166	-0.999607
-1.575849	0.999952
-1.525359	0.999585
-1.471133	-0.999958
-1.329219	0.999872
-1.258335	-0.999627
-1.247961	-0.999866
-1.237457	0.999702
-1.195763	-0.999960
-1.149762	-0.999960
-1.100869	0.999987
-0.844508	-0.999909
-0.789197	0.999630
-0.772882	-0.999579
-0.654475	0.999944
-0.579770	-0.999920
-0.523627	0.999961
-0.316167	0.999995
-0.275423	-0.999961
-0.188095	0.999980
-0.111325	-0.999760
0.028816	0.999959
0.061015	0.999955
0.096450	-0.999965
0.187187	0.999978
0.329328	-0.999829
0.330549	-0.999945
0.473086	-0.999903
0.609253	-0.999983
0.639846	-0.999953
0.678029	-0.999717
0.804037	0.999987
0.910437	-0.999826
0.927629	0.999979
1.071905	0.999911
1.089301	0.999983
1.222428	-0.999984
1.265934	-0.999777
1.431810	0.999956
1.555849	0.999966
1.606216	0.999962
1.714292	-0.999879
1.808694	-0.999912
1.993899	-0.999402
2.005681	0.999902
2.050707	0.999560
2.172463	-0.999894
2.276845	0.999845
2.315023	-0.999329
2.341117	0.927889
2.343675	-0.928219
2.375966	0.986123
2.380244	-0.986145
2.475984	0.999540
2.492953	-0.999475
2.607290	0.999981
2.715239	-0.999585
2.832933	0.972013
2.836486	-0.971813
2.907601	0.999920
3.005027	-0.999907
3.028604	-0.999976
3.063030	0.999887
3.302375	0.996872
3.307686	-0.996725
3.391073	0.999871
3.469579	-0.999202
3.611298	0.998452
3.612338	-0.998464
3.636423	0.999797
3.736167	-0.999968
3.763229	0.999891
3.877646	0.999465
3.933986	-0.999073
3.959976	-0.999543
4.074432	-0.999100
4.083788	0.999469
4.158705	-0.998951
4.194191	-0.999902
4.207863	-0.999730
4.364359	0.999904
4.498237	0.998712
4.499109	-0.998153
4.598174	0.999591
4.669377	0.999883
4.797553	-0.999908
4.806304	-0.999235
5.058186	0.999763
5.124508	0.999821
5.175121	0.999856
5.247834	-0.999433
5.306243	-0.999517
5.381856	0.999894
5.547274	-0.999543
5.570619	0.999538
5.588923	0.999529
5.625947	-0.951146
5.632913	0.951367
5.806146	-0.995087
5.823057	0.995374
5.876089	-0.999445
5.889560	-0.999803
5.914791	0.999674
5.920389	0.999458
5.927698	-0.999095
5.959125	-0.999330
6.035667	0.999431
6.100959	-0.999518
6.185830	0.999671
6.265396	-0.998352
6.449474	0.999331
6.464060	-0.968609
6.471706	0.969145
6.580466	-0.999418
6.590647	-0.999801
6.630428	0.999380
6.805300	0.999679
6.881968	-0.999003
6.969963	0.999412
6.986651	0.999694
7.047647	-0.995993
7.068707	0.998292
7.075673	-0.998732
7.152472	0.998926
7.248056	0.999307
7.320949	-0.999584
7.346189	0.998999
7.369839	-0.999338
7.443485	0.999617
7.534504	-0.998898
7.543698	-0.998170
7.638830	-0.996135
7.658984	-0.998416
7.666432	0.999528
7.758869	-0.999220
7.772269	-0.998734
7.799618	0.971275
7.803445	-0.971632
7.862838	0.999035
8.030136	0.999291
8.091516	-0.997917
8.110876	0.998279
8.182629	0.999355
8.318113	-0.999001
8.330303	-0.997408
8.417496	0.999497
8.613839	-0.997042
8.680634	0.999013
8.720147	0.999125
8.743214	0.999134
8.879140	-0.998173
8.959000	0.998204
9.144498	0.981735
9.145187	-0.981722
9.174784	0.997809
9.210352	0.998076
9.227095	0.997440
9.251655	-0.997922
9.261282	0.998972
9.284805	-0.997214
9.402884	-0.997643
9.445975	-0.997159
9.455868	0.998923
9.497008	-0.997951
9.505638	0.981987
9.511836	-0.982324
9.544764	0.996880
9.548376	-0.994659
9.676166	-0.998836
9.681758	-0.999070
9.750126	0.996787
9.812204	-0.985545
9.842391	0.990829
9.864170	0.996686
9.974036	0.995850
10.048819	-0.998036
10.116609	-0.997334
10.188622	-0.851754
10.192334	0.998369
10.195186	0.852071
10.350799	0.997125
10.451810	-0.995631
10.498546	-0.993021
10.544400	0.996501
10.623984	-0.992455
10.649596	0.997735
10.673664	0.999085
10.685162	0.995134
10.718070	0.997990
10.848077	-0.996072
10.863241	0.997452
10.901068	0.998337
10.945697	0.996084
10.975417	-0.997455
10.993271	-0.997552
11.082802	-0.995537
11.113911	-0.988069
11.155449	-0.995026
11.164282	-0.995865
11.213683	0.996071
11.254630	-0.994567
11.304358	0.992296
11.318604	-0.994096
11.354821	0.991223
11.356469	-0.989808
11.372018	0.992373
11.513012	-0.998264
11.564880	0.995509
11.584435	0.989987
11.615544	0.993175
11.690094	-0.993595
11.732426	0.995581
11.851810	-0.991284
11.923331	-0.987971
11.934048	-0.991295
12.017169	0.995978
12.153743	0.995505
12.228278	0.994958
12.323460	0.994954
12.404436	0.996729
12.440270	-0.992283
12.456535	0.983678
12.544725	0.988015
12.608613	-0.990930
12.681716	0.994186
12.728414	-0.984361
12.735873	0.979948
12.748388	-0.984563
12.763849	0.990651
12.792401	0.990289
12.833241	-0.956971
12.853219	-0.988738
12.859945	0.963601
12.877390	-0.993209
12.970078	0.968777
12.985523	-0.977970
12.987339	0.985117
13.024698	-0.985785
13.100063	0.989589
13.111589	0.873806
13.115300	-0.871454
13.133641	0.981047
13.151690	-0.979948
13.239476	-0.992084
13.330124	0.976798
13.335576	-0.980645
13.367216	0.989253
13.414068	-0.453785
13.422812	0.434408
13.463563	0.976959
13.587832	0.991155
13.673055	-0.988349
13.717131	0.979813
13.805553	-0.993728
13.813626	-0.982510
13.860995	-0.953075
13.883388	0.969311
13.911448	0.992910
13.953345	-0.974164
14.017128	-0.981093
14.048866	0.960914
14.120736	0.988369
14.147964	0.990552
14.205775	0.691979
14.206073	-0.698303
14.211475	0.975414
14.326808	0.928664
14.337010	0.149771
14.385180	-0.142162
14.388694	-0.924190
14.398593	-0.963049
14.407580	-0.947965
14.490675	0.990848
14.501589	0.966953
14.514536	-0.966168
14.565963	0.985455
14.586670	-0.966514
14.589373	-0.921706
14.654823	0.898169
14.694949	0.336269
14.700978	-0.259011
14.766860	-0.987521
14.798381	0.903503
14.825175	0.933238
14.836645	-0.967127
14.892252	-0.975585
14.959104	-0.973325
15.043057	0.954999
15.066381	-0.933351
15.099416	0.941117
15.109781	0.973187
15.129713	0.878638
15.152171	-0.861763
15.272363	0.955061
15.296255	-0.982907
15.322167	0.891125
15.371648	-0.972996
15.453279	0.893751
15.468734	0.956523
15.568623	0.844514
15.585943	-0.975010
15.650025	0.768266
15.682961	-0.630998
15.793062	0.352920
15.828709	0.457657
15.849566	-0.841131
15.902988	0.856458
15.921865	0.920939
15.927059	0.294704
15.973076	0.808410
15.974847	-0.862165
16.028818	-0.843475
16.060925	-0.750742
16.120014	-0.527257
16.135937	0.478613
16.150581	0.695760
16.241005	-0.806577
16.245396	0.814624
16.319649	-0.626957
16.349068	0.976329
16.367373	0.379694
16.385326	0.985139
16.406649	0.874345
16.502926	-0.984050
16.511166	0.697636
16.529213	0.912688
16.560862	-0.845909
16.570604	0.800776
16.585476	0.719448
16.590908	0.728802
16.602549	-0.430434
16.707973	0.945579
16.717598	-0.918646
16.746929	0.606863
16.756445	-0.498505
16.758636	0.382097
16.759798	0.627496
16.811827	-0.657078
16.828234	-0.340453
16.850111	-0.922917
16.864376	-0.297815
16.872107	-0.031926
16.881636	-0.093266
16.928427	-0.912784
16.964931	0.899411
17.039921	0.828697
17.117556	0.255255
17.185673	-0.619398
17.220310	0.288034
17.280815	0.382675
17.293106	0.102613
17.336620	-0.949103
17.403242	0.219115
17.435934	-0.797439
17.470757	0.520620
17.472589	0.669656
17.512156	0.267025
17.528431	-0.615297
17.603333	-0.904891
17.674509	0.382799
17.682697	0.086978
17.721010	-0.377729
17.739107	0.669415
17.746864	0.423993
17.754679	0.140967
17.772890	-0.584221
17.782398	0.663519
17.796616	-0.925543
17.803854	0.157615
17.918293	0.399135
17.933640	0.299205
17.981256	-0.389790
17.989628	0.321962
18.043306	0.450274
18.065042	0.126840
18.076714	-0.908674
18.085367	-0.014463
18.125900	0.675134
18.126858	0.418584
18.145895	0.823513
18.156153	-0.702762
18.175262	-0.105674
18.179508	0.549786
18.239523	0.694057
18.272938	0.309515
18.315123	-0.311825
18.377846	-0.471860
18.393583	-0.834791
18.404343	-0.908693
18.454664	0.773818
18.490000	-0.622903
18.519711	0.754128
18.562578	-0.737535
18.613441	-0.254808
18.627115	0.043897
18.631317	0.150011
18.670296	0.481539
18.693810	0.628939
18.714188	0.030253
18.731451	0.664505
18.745867	0.201165
18.756296	0.036201
18.778835	-0.437114
18.878891	-0.936429
18.942162	-0.949636
19.006872	0.088823
19.019503	0.260714
19.028036	0.410174
19.075777	0.246649
19.096817	0.436732
19.182262	0.156403
19.223082	0.101255
19.239979	0.613730
19.362764	0.648091
19.401161	0.329283
19.414415	0.364760
19.431986	-0.258696
19.434862	0.030818
19.480137	0.215587
19.516848	-0.102362
19.558628	0.121055
19.571791	0.329948
19.575745	0.150720
19.596664	0.308196
19.655844	-0.178255
19.669046	0.220550
19.753819	-0.150198
19.777788	0.050854
19.809933	0.247078
19.836542	0.380678
19.874825	-0.540078
19.879580	-0.634030
19.948153	0.484366
19.957626	0.672249
19.973118	0.957387
19.975527	0.638236
20.026037	-0.554846
20.065632	0.131064
20.096544	-0.469168
20.106880	-0.855279
20.145065	0.644262
20.176966	0.485732
20.185148	-0.301782
20.199106	-0.102770
20.229042	-0.143799
20.235207	0.534766
20.337276	0.891849
20.366390	-0.882555
20.389427	-0.805074
20.432774	0.615112
20.456839	-0.807954
20.461912	-0.313114
20.513744	-0.605062
20.527138	0.610283
20.549234	0.599098
20.559786	0.047921
20.563740	0.253331
20.678995	-0.019982
20.682446	0.604366
20.685919	-0.301733
20.722157	0.246512
20.740858	0.130601
20.751226	0.621393
20.780210	0.338491
20.804428	0.254129
20.854164	0.087466
20.865334	-0.091564
20.957357	0.009183
20.988037	-0.262686
20.991783	-0.199977
21.056032	0.119348
21.082075	-0.072432
21.090677	0.535361
21.143902	-0.342397
21.188623	-0.315125
21.214077	0.418479
21.255625	0.530640
21.290499	-0.179611
21.305305	-0.693808
21.306740	-0.754266
21.321020	0.439385
21.360653	0.472194
21.368973	0.810500
21.373617	0.268552
21.385328	-0.914661
21.428402	0.107793
21.434649	0.004439
21.505966	-0.085129
21.524405	-0.774827
21.598446	-0.040283
21.616035	-0.023701
21.626247	-0.316697
21.630054	-0.326933
21.653124	-0.778170
21.658573	0.150295
21.701454	-0.061198
21.710018	0.232796
21.736341	-0.153580
21.780689	0.237619
21.790810	0.725017
21.823660	0.064056
21.825476	0.218293
21.904726	0.781970
21.919024	-0.342439
21.965065	0.310607
22.024803	-0.931023
22.039820	-0.699005
22.057560	-0.053213
22.061241	0.310804
22.080933	0.648263
22.095129	0.140564
22.164789	0.468033
22.169579	0.271204
22.177818	0.095337
22.191910	0.244859
22.195736	-0.342235
22.261715	-0.072418
22.287937	0.484102
22.308487	-0.757271
22.338751	0.115905
22.348215	0.445877
22.355501	0.434653
22.368896	0.535106
22.444998	-0.751408
22.463875	-0.101852
22.469671	0.058830
22.526407	0.005302
22.550804	-0.336121
22.577137	-0.446386
22.586590	0.442626
22.593325	-0.426772
22.648594	0.468606
22.718283	-0.058758
22.751986	0.052466
22.778618	0.006198
22.847952	-0.176571
22.858086	0.285194
22.864649	-0.326618
22.874868	-0.097340
22.913105	0.628588
23.001818	0.563668
23.055353	-0.075230
23.074503	-0.052720
23.102320	0.215587
23.113483	0.311083
23.125380	0.526513
23.216963	-0.288802
23.244488	-0.003246
23.257416	-0.333678
23.275452	-0.034118
23.281145	0.392904
23.302952	0.105041
23.338799	0.068373
23.404741	-0.297007
23.412142	0.217732
23.488443	0.499555
23.554821	0.703606
23.561256	-0.292645
23.586050	0.891979
23.616777	-0.261864
23.633472	0.277356
23.640251	0.335079
23.650112	0.406986
23.747473	-0.755045
23.755304	-0.194363
23.786850	0.316294
23.793846	-0.028904
23.837549	-0.095034
23.838861	0.787228
23.890333	-0.456969
23.902899	0.256544
23.917439	-0.155149
23.957506	0.473621
23.965002	-0.813707
23.994400	0.644282
24.010965	-0.691334
24.043428	-0.240600
24.061647	-0.070339
24.128389	-0.380545
24.144938	0.244565
24.175201	0.507040
24.176916	-0.093454
24.200974	-0.277408
24.239597	-0.748887
24.242929	-0.263101
24.251991	0.252303
24.282143	-0.319125
24.333647	0.366058
24.334349	0.313803
24.348465	-0.287254
24.434658	0.226937
24.462326	0.430842
24.467728	0.546755
24.492369	0.233282
24.497604	0.187152
24.530306	0.075184
24.601065	0.135795
24.617922	-0.269645
24.632402	-0.407757
24.644882	0.024147
24.734282	0.087434
24.745892	0.210227
24.776770	-0.015821
24.807087	-0.770390
24.843403	0.338108
24.846697	0.299388
24.856262	0.385900
24.884624	-0.262010
24.904026	0.509404
24.964052	-0.575043
24.981789	-0.218947
24.989592	0.035989
25.010056	0.214107
25.014673	0.181373
25.025806	0.445310
25.048193	-0.339116
25.107986	-0.430529
25.113939	-0.061582
25.127420	0.378467
25.193110	0.081626
25.216337	0.272304
25.281633	0.035731
25.292517	-0.175557
25.321989	-0.393360
25.339014	0.150175
25.381487	-0.409873
25.396061	-0.532562
25.452913	0.629339
25.466000	-0.050908
25.495398	-0.177040
25.508926	0.151090
25.566288	0.679368
25.577513	0.236561
25.645283	-0.283731
25.652809	0.253276
25.659172	-0.881135
25.671610	0.246509
25.675449	-0.419131
25.721064	-0.218674
25.726446	0.698402
25.753984	-0.124892
25.797110	-0.022319
25.804613	0.068278
25.844646	0.058431
25.900496	0.211025
25.925030	0.217368
25.959845	-0.602570
25.961250	0.116858
25.982277	0.354212
25.989904	-0.196959
26.017235	0.291784
26.060034	-0.733575
26.069151	0.328045
26.074093	-0.140652
26.083544	0.224139
26.144579	-0.360063
26.167282	0.060857
26.183878	0.385721
26.189350	-0.374246
26.199852	-0.036783
26.227947	-0.292480
26.304228	0.199408
26.316210	0.125983
26.335112	0.092507
26.344019	0.051434
26.368980	-0.438009
26.425737	0.291652
26.460209	0.124369
26.471737	0.185067
26.499146	0.018488
26.573503	0.701361
26.624308	0.101092
26.635406	-0.063814
26.639776	-0.044673
26.677711	-0.076812
26.751204	0.055101
26.773174	0.449352
26.786167	-0.168685
26.787956	-0.106375
26.793953	-0.155843
26.832258	0.181347
26.866884	-0.361754
26.876245	0.271660
26.983013	0.280348
27.036348	0.627038
27.062876	0.083332
27.076218	-0.334715
27.136627	0.314246
27.138859	0.316729
27.156399	0.264630
27.164587	0.315797
27.189997	0.602822
27.202524	0.028169
27.225105	0.865755
27.243452	-0.344959
27.284349	-0.042306
27.346680	0.158435
27.360731	-0.736187
27.376436	-0.520829
27.386395	0.364515
27.415968	-0.057959
27.435146	0.125380
27.535173	0.352685
27.575525	-0.636017
27.624620	0.055169
27.644327	0.199642
27.646368	-0.777871
27.650482	-0.018288
27.651073	0.111159
27.675066	0.001045
27.701338	0.289573
27.714685	0.099731
27.734657	0.129823
27.742592	0.045874
27.761829	0.001983
27.767509	0.163583
27.813101	0.488892
27.822571	-0.365380
27.909891	-0.395030
27.957560	0.216532
27.972734	0.388413
27.990791	-0.210733
27.995684	-0.297026
28.032967	0.291602
28.055719	-0.005579
28.069733	0.273548
28.112131	0.569268
28.128305	0.100338
28.181812	-0.183460
28.185003	-0.143705
28.238163	-0.012217
28.249758	-0.630450
28.284071	0.081906
28.303329	0.235646
28.319084	0.265600
28.382681	0.217415
28.403803	-0.348514
28.444544	-0.173199
28.456398	-0.198110
28.480600	-0.103775
28.504103	0.092050
28.531889	-0.474774
28.537292	-0.310569
28.546848	0.413603
28.572443	0.045739
28.593800	-0.388114
28.619797	0.437889
28.635839	0.085687
28.643770	0.183721
28.675594	-0.324007
28.707767	-0.103478
28.804087	0.243942
28.808329	-0.182494
28.816547	0.295194
28.851059	0.252362
28.934151	-0.140234
28.962788	0.051098
28.967443	0.105743
28.982292	-0.248953
29.011637	-0.008084
29.023373	0.033636
29.061527	0.004284
29.070166	-0.386325
29.092136	0.128684
29.100931	0.247631
29.155657	-0.052954
29.167707	0.153586
29.170883	-0.306440
29.199329	0.070323
29.233770	0.023733
29.286469	-0.095175
29.293650	0.292814
29.313263	-0.127258
29.334938	-0.455152
29.344418	0.358285
29.360647	0.379805
29.400610	-0.124199
29.402845	-0.263309
29.452194	-0.162605
29.488123	0.104593
29.504171	-0.223911
29.517548	0.234051
29.552362	0.192860
29.577402	0.035022
29.614948	0.391345
29.625902	-0.131441
29.636221	0.024677
29.642624	-0.055180
29.696373	0.285919
29.707024	-0.577075
29.740410	0.263224
29.775585	0.199487
29.777353	-0.454522
29.781639	0.143327
29.806940	0.279576
29.841797	0.240400
29.893627	-0.226973
29.980799	0.282813
29.987921	-0.208354
29.992117	-0.159189
29.997730	-0.002764
30.042797	-0.207420
30.072865	0.089612
30.077335	0.129419
30.106321	0.054393
30.124012	-0.033056
30.158024	0.094390
30.230089	0.576221
30.245766	-0.103204
30.307215	-0.198304
30.337248	-0.091288
30.412136	-0.151489
30.430182	0.444655
30.449745	-0.255549
30.457573	0.377490
30.477961	-0.460650
30.502142	-0.213632
30.557837	0.278236
30.561806	0.168263
30.660648	0.215944
30.672993	0.648797
30.711130	0.165897
30.780998	0.164850
30.794769	0.040516
30.802608	0.444925
30.815033	0.116327
30.855572	0.116311
30.864130	0.584991
30.905491	0.152919
30.947628	-0.031512
30.957848	-0.306601
30.960642	0.071963
30.968378	-0.205104
30.990034	-0.312280
30.994944	0.312844
31.014368	-0.365114
31.046600	-0.262785
31.107868	0.011402
31.117290	-0.225621
31.124640	-0.254391
31.162207	0.293388
31.178513	-0.134224
31.235083	-0.156154
31.238930	0.413300
31.272823	-0.118906
31.309593	0.380392
31.335022	0.064150
31.341307	-0.616741
31.356226	-0.132347
31.369619	-0.035527
31.381351	-0.280590
31.431190	0.410659
31.453997	0.286565
31.538385	0.094252
31.553133	0.176631
31.562164	0.336199
31.580593	-0.398303
31.605164	0.427890
31.639887	-0.043125
31.657778	0.022629
31.724394	0.064964
31.728659	-0.042977
31.738440	-0.202439
31.746275	-0.131347
31.766129	-0.142042
31.780857	0.239664
31.784185	0.014176
31.793911	0.327753
31.873320	0.019863
31.909365	0.010915
31.968048	0.219127
31.978615	-0.108903
32.003788	0.052050
32.061295	-0.032459
32.080822	-0.252705
32.124195	-0.308787
32.146362	0.251083
32.165012	-0.696607
32.199982	0.439218
32.204792	-0.389878
32.219543	-0.025033
32.234947	0.135562
32.236191	-0.076688
32.241501	-0.139420
32.261509	0.126310
32.283901	0.015184
32.304356	0.528577
32.329182	0.184379
32.335526	0.080384
32.384136	0.196502
32.395859	-0.069061
32.455441	0.116543
32.491867	0.255445
32.507030	-0.300255
32.546734	0.076317
32.576920	0.090908
32.631359	-0.188996
32.638165	-0.225176
32.663521	0.235490
32.672417	-0.247271
32.699432	-0.080367
32.714916	-0.100786
32.774868	0.164893
32.801483	0.056416
32.815125	-0.211981
32.822006	-0.212726
32.879520	-0.463320
32.926685	0.390330
32.950584	-0.536076
32.964542	0.335159
32.976509	0.386790
33.008224	0.185307
33.022408	-0.417850
33.041870	-0.294258
33.048832	0.462142
33.109028	0.265452
33.113163	-0.064531
33.146751	-0.411762
33.200764	0.275797
33.214897	-0.076968
33.233898	0.329809
33.241207	0.066870
33.261608	0.028484
33.329300	-0.167353
33.341812	0.264262
33.350292	-0.493640
33.371304	0.283697
33.404121	0.096315
33.420757	-0.036824
33.453766	-0.081021
33.478954	-0.171778
33.490849	0.195621
33.494049	-0.203001
33.538418	0.151212
33.540527	0.215168
33.563313	-0.070628
33.603882	0.222561
33.624001	-0.182617
33.646790	-0.093189
33.662189	-0.182563
33.685822	0.036203
33.737339	0.079324
33.758347	-0.137701
33.809437	0.175570
33.829399	0.033244
33.915272	0.412235
33.924549	0.176838
33.938854	0.047965
34.052387	-0.271001
34.088966	0.447656
34.091190	0.417384
34.127731	-0.421729
34.140629	0.107231
34.146702	0.180138
34.156361	-0.312402
34.203312	-0.114022
34.235798	-0.091092
34.243397	0.270324
34.313026	0.209786
34.316582	0.121950
34.360714	0.211957
34.409878	0.173484
34.428013	0.497958
34.465565	0.440606
34.487522	-0.134958
34.501545	0.075937
34.539196	0.022492
34.579979	-0.081824
34.600204	0.240819
34.602066	-0.105550
34.620090	-0.115768
34.632896	-0.373557
34.675480	-0.002093
34.695049	-0.287188
34.709961	-0.143535
34.734535	-0.400230
34.746834	-0.095111
34.834873	-0.100528
34.846661	-0.309915
34.855309	-0.131790
34.888153	0.267290
34.910732	0.320720
34.927357	0.319881
34.978039	0.262188
34.988544	-0.047443
35.009235	-0.083363
35.025917	0.327738
35.045891	0.145544
35.061035	0.347129
35.079868	0.062665
35.128242	0.356080
35.170937	-0.384927
35.221775	0.354314
35.237110	-0.108518
35.257477	0.015523
35.269173	-0.436456
35.290264	-0.376211
35.295635	-0.349253
35.319023	-0.119022
35.330269	0.350039
35.340755	-0.341084
35.398094	0.254171
35.408081	-0.417194
35.449257	0.400868
35.474499	0.079112
35.499260	0.025700
35.517540	-0.249500
35.595467	0.165266
35.634914	-0.154493
35.662048	-0.007060
35.714020	0.204702
35.741554	0.448905
35.772758	-0.559565
35.778023	-0.354598
35.800911	0.017544
35.813053	0.140743
35.816883	-0.520724
35.834641	0.156829
35.843086	0.166611
35.854328	0.338324
35.889080	0.271917
35.898945	0.206497
35.927208	0.082269
35.943626	-0.037996
36.006027	0.204683
36.024261	0.562675
36.051815	-0.106130
36.087578	0.156174
36.103409	0.273931
36.131672	0.200832
36.139606	0.210406
36.189301	-0.412183
36.205521	-0.373035
36.260159	-0.014746
36.295326	0.118889
36.352776	-0.192713
36.356277	-0.119770
36.358070	-0.241340
36.388367	-0.348561
36.420101	0.097477
36.463470	0.045955
36.474510	0.114665
36.491718	-0.225300
36.544952	-0.475107
36.557198	0.288197
36.601910	0.187500
36.609146	0.332196
36.614079	-0.605206
36.638348	-0.204723
36.647659	-0.292828
36.667480	-0.146003
36.675591	-0.069217
36.683395	-0.046684
36.715107	0.318545
36.762276	0.349296
36.771435	0.055369
36.850010	0.272475
36.852207	-0.054666
36.868877	-0.311215
36.903099	-0.194932
36.923992	0.115349
36.932594	0.309837
36.938915	0.275615
36.958149	-0.324889
36.971142	0.178034
37.006100	0.304542
37.048023	-0.488813
37.107834	0.159282
37.114250	0.097540
37.115726	-0.264621
37.139526	0.254506
37.141228	-0.215360
37.195969	-0.261368
37.208202	0.153531
37.283615	0.150299
37.316803	-0.069035
37.327141	0.103719
37.365395	-0.021726
37.434269	0.263549
37.449177	-0.063813
37.517155	0.385976
37.544159	0.090870
37.553928	0.259447
37.579113	-0.180395
37.596970	0.241211
37.627029	0.037234
37.644966	-0.150713
37.690022	0.431337
37.701187	0.062203
37.744091	0.171282
37.748150	0.409458
37.757114	-0.235652
37.807533	0.192478
37.815613	0.200437
37.871792	-0.570667
37.965645	0.146574
38.008209	0.509802
38.011032	0.347874
38.033520	-0.316820
38.042320	-0.000453
38.051834	-0.218565
38.097813	0.017625
38.111046	0.044628
38.154346	0.230244
38.194649	0.262310
38.206608	0.281588
38.222397	-0.312063
38.257210	-0.319096
38.302765	-0.191819
38.363277	-0.107305
38.375805	-0.337196
38.383324	0.226737
38.393360	-0.500657
38.418549	-0.365002
38.470341	0.077368
38.479103	0.296261
38.509876	0.026792
38.515675	0.056951
38.556160	-0.141940
38.579556	0.307289
38.596069	-0.043401
38.624439	0.162284
38.641541	0.232741
38.647991	0.251032
38.664898	0.439011
38.715012	0.113740
38.773918	0.278481
38.791592	-0.163739
38.801617	0.066679
38.826321	-0.488999
38.829174	0.302363
38.862808	-0.320230
38.868698	-0.131124
38.892567	-0.359026
38.912659	0.395395
38.942284	-0.396804
38.959877	-0.187636
38.989811	-0.005951
39.004204	-0.312438
39.053745	-0.476801
39.083782	0.140179
39.098122	0.385608
39.117035	-0.065417
39.167316	0.114834
39.253426	0.035119
39.258034	0.030697
39.285213	0.085581
39.336296	0.360258
39.352852	0.263668
39.376648	0.135555
39.389542	-0.299746
39.394547	0.106765
39.409542	-0.097747
39.420277	0.461711
39.439381	-0.584085
39.459309	-0.466378
39.484520	0.469706
39.543419	0.167214
39.558449	0.107405
39.587658	-0.010970
39.633034	0.209192
39.646503	0.289289
39.670040	0.402807
39.679642	0.265772
39.686249	-0.169693
39.750221	0.111841
39.763042	-0.131047
39.779846	-0.197791
39.833805	0.173713
39.854401	0.008668
39.882969	-0.365449
39.962425	0.003119
39.970112	-0.028711
39.978119	-0.107185
39.985695	-0.307770
40.019005	-0.165938
40.029449	-0.198928
40.048946	-0.044528
40.086018	-0.003868
40.112934	-0.015024
40.173431	0.292722
40.189945	-0.054156
40.197475	0.384577
40.199253	0.018218
40.222031	-0.134554
40.236771	-0.456877
40.260658	-0.640721
40.321770	-0.198456
40.334358	0.194917
40.371414	-0.377727
40.389835	0.043496
40.402206	0.122557
40.456825	0.251141
40.460831	0.268950
40.468559	-0.127320
40.473732	-0.183206
40.486176	0.337210
40.506428	0.285774
40.515400	0.311002
40.575977	-0.113622
40.627216	0.208343
40.630779	-0.206714
40.667713	-0.509655
40.699345	0.209230
40.725567	0.310079
40.740864	-0.088153
40.770649	0.047982
40.820568	0.006798
40.827942	-0.234862
40.861271	0.216506
40.874226	0.124973
40.894329	0.093493
40.957558	-0.171708
40.976288	-0.128887
40.992714	0.150360
40.995956	-0.040855
41.055355	0.026883
41.129986	-0.282964
41.144054	0.281275
41.174686	-0.162541
41.231586	0.229691
41.251686	0.308120
41.259666	0.392363
41.266312	0.012340
41.330147	0.158503
41.345928	0.137022
41.360985	0.016733
41.386784	0.109342
41.407997	0.315736
41.488216	0.148115
41.489830	0.030842
41.553413	-0.517571
41.609337	0.016987
41.626564	0.313809
41.632362	0.524591
41.650459	-0.159056
41.708786	-0.335264
41.745796	0.353716
41.789795	0.481115
41.808201	0.223751
41.814705	-0.243277
41.833672	-0.224337
41.849800	-0.287606
41.893353	-0.078793
41.940300	-0.168625
41.970631	0.213101
41.984150	-0.054545
41.992817	-0.207189
42.002312	-0.488606
42.020859	-0.141107
42.059490	0.176494
42.066399	0.026098
42.110054	-0.009207
42.149033	-0.170517
42.181854	0.151500
42.218521	0.316947
42.227501	-0.220950
42.234791	0.221805
42.254623	-0.142952
42.296555	0.337389
42.305050	0.373434
42.352272	0.016803
42.360466	0.145717
42.396454	0.270064
42.428856	0.334373
42.442471	-0.069664
42.448040	-0.234733
42.450291	-0.392808
42.458549	-0.277748
42.510063	0.207676
42.512512	0.104723
42.554276	-0.314094
42.567646	0.046298
42.577507	0.098390
42.593899	-0.160035
42.606472	0.052244
42.635544	-0.179269
42.653393	0.048268
42.720322	-0.430957
42.743004	0.101861
42.755840	0.466099
42.771732	-0.292739
42.790054	-0.060621
42.835640	0.308511
42.904503	0.074061
42.939381	-0.027383
42.993790	0.079176
43.012211	-0.562253
43.040749	-0.383628
43.055599	0.521822
43.074665	0.065763
43.108089	0.424992
43.114662	-0.559117
43.178711	0.031786
43.182343	0.160803
43.190712	0.171773
43.231014	0.251071
43.247978	0.300649
43.254551	-0.229089
43.279953	-0.400803
43.298119	-0.064969
43.335030	0.175373
43.339474	-0.146244
43.376366	0.397361
43.386509	0.245163
43.418728	-0.342420
43.456512	0.230643
43.500061	-0.162717
43.539265	0.191854
43.588318	-0.316538
43.654190	-0.006851
43.673744	-0.166127
43.673901	-0.154179
43.683353	0.014923
43.693592	0.235421
43.735939	-0.053349
43.742935	0.000703
43.759010	-0.172396
43.809738	0.501296
43.819206	0.021250
43.828686	0.081743
43.885525	-0.274904
43.892948	-0.527017
43.898335	-0.555855
43.997845	0.215256
44.015114	0.306639
44.027920	-0.451152
44.046139	-0.173617
44.048000	0.336426
44.060440	0.167045
44.062191	0.280278
44.083916	0.321320
44.092400	-0.128710
44.099628	0.148657
44.149010	-0.024886
44.177071	-0.401767
44.203293	0.050685
44.222862	0.180973
44.230267	-0.078469
44.282131	-0.374462
44.284065	0.347383
44.299671	0.187641
44.327030	-0.386375
44.406441	0.253480
44.413204	0.403990
44.434544	0.068040
44.487850	0.012878
44.522709	-0.026050
44.538174	-0.303986
44.557785	0.260148
44.567188	0.289418
44.573059	-0.432971
44.638062	0.347681
44.692844	-0.156170
44.708565	-0.078154
44.818836	-0.304522
44.833336	0.274053
44.848122	-0.172339
44.936535	0.544436
44.953091	0.171953
44.969982	0.034441
44.989532	0.216673
45.054745	0.343080
45.069294	0.099538
45.099525	0.027267
45.099892	0.019731
45.123501	-0.024316
45.154987	-0.299563
45.176426	0.247126
45.212158	-0.197391
45.214993	-0.347171
45.268032	0.256064
45.334026	0.329227
45.398033	-0.248076
45.405972	0.413247
45.413731	0.276695
45.426392	0.216605
45.452030	-0.250796
45.484413	-0.274620
45.530312	0.223402
45.534859	0.105594
45.594112	0.209532
45.599148	-0.474247
45.625633	-0.273451
45.651436	-0.090745
45.654373	0.165622
45.675900	-0.129978
45.719246	-0.056022
45.733398	0.008241
45.762356	-0.038445
45.766499	0.248332
45.772270	-0.098146
45.817303	0.077690
45.817638	-0.146838
45.843246	0.339609
45.916515	0.188332
45.926899	0.364001
45.941124	-0.059360
45.960411	-0.178142
45.976482	0.059908
45.983368	-0.156197
45.999546	-0.252157
46.023087	0.302699
46.031265	0.326296
46.038551	-0.097772
46.080742	-0.271079
46.083996	0.009989
46.103764	-0.026466
46.112999	0.344271
46.216511	0.138378
46.222218	-0.364192
46.223396	-0.141334
46.251770	-0.354755
46.309429	0.082488
46.322559	0.123151
46.348072	-0.323413
46.355377	-0.149266
46.360909	0.112404
46.365257	0.210438
46.419460	0.371331
46.537254	-0.489309
46.581425	0.065999
46.598442	0.023815
46.635708	-0.648338
46.657276	0.014126
46.703835	0.539636
46.719444	0.334811
46.735435	0.256711
46.756313	-0.447164
46.759750	-0.192643
46.780067	0.066586
46.816025	0.020333
46.855976	-0.313260
46.865742	-0.008013
46.873100	-0.243983
46.878628	0.186135
46.902695	-0.232612
46.961906	0.067240
46.989098	0.319510
46.994392	-0.275605
47.006081	0.544063
47.033314	0.050226
47.039028	-0.064959
47.135681	0.136585
47.159092	0.191376
47.206718	-0.073698
47.234699	0.303230
47.259960	-0.198006
47.274174	-0.053937
47.311081	-0.179797
47.338299	-0.213476
47.342323	0.424061
47.343273	0.066343
47.359234	-0.014501
47.361488	-0.099264
47.401897	0.474762
47.450024	-0.316243
47.476109	-0.199667
47.514866	-0.399306
47.537697	-0.170624
47.539917	0.248309
47.554089	-0.297776
47.579205	0.263857
47.614647	-0.301320
47.624702	-0.149596
47.647984	0.322564
47.654251	0.259165
47.675190	0.251421
47.687435	-0.302891
47.692272	-0.117056
47.705357	0.263728
47.740181	-0.422492
47.797714	0.073281
47.798717	0.117232
47.866528	-0.536635
47.875572	0.314116
47.914124	0.200305
47.950123	-0.137721
47.963005	-0.022808
47.967274	0.312876
47.996731	0.085497
48.010582	0.357293
48.048195	-0.364742
48.111897	0.002947
48.178631	0.063461
48.188820	0.332758
48.198650	-0.391792
48.245529	0.248670
48.282776	0.282094
48.309185	-0.025477
48.376335	0.175708
48.404449	-0.209533
48.445141	0.195614
48.504967	-0.350996
48.546684	-0.244173
48.562984	0.032650
48.563381	-0.031429
48.591267	0.519202
48.670910	-0.009389
48.679466	0.087065
48.686459	0.157051
48.698803	0.301154
48.718967	-0.219772
48.738037	0.112066
48.813068	0.200098
48.833664	-0.004318
48.848465	-0.426845
48.876297	-0.057120
48.888798	0.186910
48.929279	-0.281941
48.958462	-0.219232
48.986534	0.123413
48.991600	0.291433
49.017735	0.233865
49.052769	0.593541
49.090210	0.295338
49.127159	0.261756
49.215904	-0.284051
49.240173	-0.440779
49.247749	-0.133215
49.250927	0.184463
49.261600	-0.107814
49.292675	-0.219623
49.301033	0.129224
49.341370	0.218726
49.345417	-0.149424
49.375099	0.029735
49.378223	0.039255
49.414398	0.310691
49.456699	-0.175550
49.472790	-0.071524
49.499481	0.095735
49.528439	0.030192
49.545166	0.050494
49.561417	0.028737
49.570068	-0.220088
49.579590	0.221114
49.615646	0.267663
49.632824	-0.360500
49.641136	0.303346
49.652111	-0.062705
49.670536	-0.187751
49.701065	0.324684
49.708099	-0.238955
49.713795	-0.301757
49.718994	0.372640
49.833363	-0.394874
49.846661	-0.056247
49.913784	0.308262
49.951637	0.043357
49.959919	-0.352634
49.966084	0.306913
49.994030	-0.393655
50.007030	0.094955
50.065262	0.389437
50.089874	-0.003525
50.130814	0.032033
50.155468	-0.288933
50.170593	0.090867
50.250065	-0.469615
50.276558	-0.120019
50.285336	-0.056780
50.329155	-0.276132
50.333023	0.349995
50.348755	0.484848
50.377350	0.043147
50.387367	-0.330059
50.431931	-0.280811
50.455017	-0.389840
50.492996	-0.170759
50.525715	-0.121673
50.534794	0.296787
50.538692	0.203113
50.578442	0.207074
50.588020	-0.328337
50.645924	0.440619
50.669556	0.115459
50.685150	0.189712
50.690575	0.101973
50.729816	-0.051258
50.743290	0.007897
50.758430	-0.080656
50.822121	-0.125433
50.852890	0.360246
50.918438	-0.190030
50.919407	0.304447
50.959991	0.028422
50.961601	0.167291
50.970329	-0.068138
50.985405	0.062578
50.993752	-0.251637
50.997993	0.361048
51.031071	-0.327385
51.082409	0.045891
51.096809	0.066136
51.127277	0.154480
51.133278	-0.294734
51.158169	0.019179
51.193035	-0.318487
51.195892	-0.327743
51.213226	-0.464511
51.225323	0.288188
51.233227	0.424666
51.273617	0.172405
51.274303	0.266336
51.295761	-0.540129
51.303326	-0.041546
51.340958	-0.309657
51.423721	0.251197
51.463039	0.049720
51.471924	0.161777
51.495113	0.098091
51.528152	-0.169242
51.534924	0.152301
51.565758	-0.122362
51.570076	-0.201143
51.610985	0.113913
51.659042	0.394659
51.664162	-0.391785
51.700432	0.009361
51.717201	0.098938
51.763542	-0.314592
51.784187	0.154985
51.839516	0.408307
51.942368	0.305030
51.966530	0.222481
52.000645	0.197981
52.056812	-0.371078
52.059868	-0.023849
52.091682	0.025599
52.136215	0.080125
52.148117	-0.199450
52.166634	-0.134559
52.181145	0.150696
52.186245	0.270765
52.242989	-0.238317
52.275066	-0.126018
52.292606	0.036966
52.313606	-0.157501
52.355743	0.306705
52.378639	0.276586
52.388443	-0.039215
52.425678	0.165555
52.482071	0.092081
52.491890	-0.125782
52.512096	-0.408646
52.518990	0.025841
52.520924	0.241352
52.596260	0.095759
52.622665	0.181805
52.635910	0.200448
52.657951	0.182497
52.696930	0.560264
52.710545	-0.243292
52.803993	0.245329
52.850582	-0.164132
52.855904	0.030351
52.868454	0.101464
52.882790	-0.505426
52.904766	0.005924
52.932732	0.262868
52.960388	-0.168052
53.018959	0.091315
53.025291	-0.185138
53.039696	-0.018990
53.085701	-0.006631
53.100403	-0.326185
53.118820	-0.212452
53.137871	0.119480
53.165485	0.268302
53.173721	-0.100687
53.181557	0.170300
53.208458	0.297320
53.212257	0.352531
53.260098	-0.011626
53.276630	-0.069110
53.297848	-0.339615
53.301331	-0.420509
53.317604	0.313232
53.332767	0.263403
53.359177	0.319371
53.395393	-0.328399
53.433666	-0.299159
53.455486	-0.017104
53.479122	0.291556
53.492172	-0.009394
53.623135	-0.181612
53.629292	0.030978
53.661697	0.094302
53.678436	-0.333940
53.693523	0.106451
53.705807	0.200377
53.707191	0.074768
53.729107	0.053834
53.772678	0.107158
53.801601	-0.116041
53.871578	-0.477516
53.897369	-0.322244
53.909897	-0.302812
53.928539	0.381875
53.969795	0.045190
53.971130	-0.217457
53.988693	0.369324
54.016266	-0.393374
54.031750	-0.295691
54.096588	0.250098
54.110073	-0.319702
54.135761	0.112261
54.197369	0.133391
54.198414	0.098587
54.222897	0.129408
54.254055	0.196851
54.259655	-0.189980
54.291641	0.306749
54.345787	-0.011181
54.380856	-0.091648
54.384064	-0.059130
54.403297	0.033852
54.461082	-0.008223
54.493771	0.326764
54.497551	0.203429
54.500805	-0.254102
54.517426	0.301625
54.535667	-0.347534
54.562904	0.013775
54.580803	-0.027385
54.632420	-0.111398
54.639313	-0.009647
54.641071	0.393292
54.657921	0.231774
54.714985	-0.225991
54.777798	-0.142081
54.789555	-0.146140
54.804356	0.172466
54.804714	0.161001
54.809269	0.086379
54.822609	-0.151725
54.840321	-0.408507
54.856560	0.134803
54.875023	0.202356
54.879009	0.123263
54.912704	-0.551729
54.916557	-0.073092
55.005821	-0.158314
55.011658	0.318196
55.037041	0.066123
55.071850	-0.144264
55.077026	0.041659
55.100174	0.102782
55.133644	0.091685
55.160309	0.179678
55.195400	-0.127892
55.259998	-0.195936
55.268360	0.000150
55.305801	0.101357
55.307362	-0.353514
55.321358	0.382949
55.353832	0.116013
55.359497	-0.266764
55.486599	0.331084
55.505581	0.380527
55.542709	-0.342467
55.576439	-0.319772
55.629169	-0.107411
55.658497	0.217690
55.672997	0.259722
55.686115	0.165372
55.757870	-0.036556
55.760239	-0.056088
55.762772	-0.070199
55.790997	0.109548
55.796349	-0.103373
55.829998	0.036326
55.908047	-0.202704
55.929817	-0.018141
55.949020	0.136272
55.974831	-0.154571
55.985683	0.326152
56.007744	0.424229
56.059292	0.096943
56.104965	0.001535
56.132671	-0.116129
56.151188	0.510756
56.161194	-0.369380
56.189541	0.252787
56.223297	0.209965
56.247753	-0.116264
56.268761	0.060551
56.294880	-0.295742
56.338696	0.510138
56.347538	0.205723
56.413288	0.020203
56.413681	-0.215726
56.425930	0.361822
56.496761	-0.091963
56.511654	-0.386267
56.547218	0.308080
56.568096	-0.215139
56.598709	-0.201382
56.661339	-0.096305
56.667240	-0.259278
56.703983	0.129849
56.713085	-0.054458
56.723873	0.167114
56.757748	-0.466875
56.803318	0.257357
56.806488	0.410402
56.813053	0.163813
56.821350	-0.335649
56.851997	0.088316
56.861542	-0.117742
56.882946	0.231630
56.901722	0.092418
56.918457	-0.467970
56.923817	0.126963
56.972645	0.074866
57.008026	0.210843
57.027691	0.281910
57.035160	-0.282464
57.050529	0.315125
57.098923	-0.129657
57.120026	0.163675
57.190460	-0.361308
57.229301	0.070547
57.288891	-0.045733
57.294483	0.083823
57.312977	-0.070821
57.327454	-0.334337
57.338657	-0.306067
57.359936	0.370904
57.376553	0.259497
57.405182	0.117716
57.457680	-0.157631
57.500267	-0.494957
57.519802	0.351166
57.559986	0.044919
57.565594	-0.442601
57.574345	-0.360880
57.590527	-0.358089
57.616405	0.238855
57.645397	0.059395
57.655109	-0.073338
57.665779	0.133980
57.755634	-0.144736
57.777725	0.035980
57.794804	0.060764
57.802254	0.180927
57.847889	0.118514
57.864853	-0.128579
57.907291	0.292228
57.938259	-0.175940
57.955330	-0.129734
57.971832	0.338749
57.979286	0.239778
58.027042	-0.157701
58.040825	-0.354042
58.075439	-0.255639
58.152916	-0.003157
58.160728	0.037459
58.172596	0.299825
58.191795	0.101942
58.231216	0.233809
58.258289	-0.075999
58.271713	0.156462
58.280678	0.069788
58.287102	0.304798
58.325470	-0.085367
58.350754	-0.125253
58.366318	-0.101329
58.386177	0.302240
58.457176	-0.334873
58.462029	-0.072855
58.470600	0.228008
58.483063	0.188893
58.500065	0.041437
58.512562	-0.133683
58.527760	-0.270445
58.538273	-0.077549
58.566158	-0.091797
58.582176	0.038157
58.588753	0.160406
58.627964	-0.057176
58.635193	0.008834
58.648430	0.131899
58.669621	0.140889
58.683876	0.054908
58.724030	-0.115120
58.785862	0.144606
58.825195	0.006542
58.881226	-0.303734
58.889614	0.026623
58.917507	-0.403671
58.939159	-0.349799
58.966118	0.396824
59.029613	0.268541
59.038315	-0.439919
59.041283	0.172972
59.078648	-0.378161
59.142456	0.228519
59.248024	0.328503
59.249062	-0.116726
59.286388	0.250089
59.301136	-0.341165
59.350204	0.018074
59.356098	-0.028551
59.366180	0.118898
59.380589	0.104169
59.404190	0.129950
59.447071	-0.059763
59.447647	-0.014190
59.481895	-0.174997
59.576233	0.310821
59.602036	0.348153
59.623089	0.165536
59.649940	0.404246
59.681332	-0.074949
59.709576	-0.019724
59.753529	0.269381
59.789761	-0.287296
59.822697	0.400690
59.828312	0.186134
59.847553	-0.221468
59.908028	-0.266052
59.909103	0.202620
59.941494	-0.136482
59.951488	0.384502
59.971657	0.384127
59.975117	0.060870
59.988541	-0.049147
60.047077	-0.116246
60.049675	0.002334
60.112537	-0.011914
60.120777	-0.194991
60.207848	-0.247215
60.213020	0.233575
60.231274	-0.253735
60.255444	0.288462
60.296871	-0.380980
60.326839	-0.168103
60.353088	-0.305323
60.364971	0.027510
60.386646	0.169557
60.399628	0.245730
60.418858	0.434236
60.444221	-0.466570
60.451920	-0.034676
60.507729	0.285131
60.519428	-0.333224
60.526436	0.197838
60.546070	-0.079799
60.567871	0.335880
60.573864	-0.093344
60.608212	-0.326523
60.656563	0.361181
60.662769	0.382803
60.678879	-0.017675
60.727676	0.081686
60.738258	-0.415312
60.804512	0.156226
60.858654	-0.144226
60.879589	0.090795
60.879765	-0.220608
60.906212	0.081195
60.942913	-0.305441
60.987122	0.410097
61.000320	-0.337323
61.041615	-0.260087
61.058819	0.129238
61.073696	0.226748
61.104252	-0.114755
61.107449	0.313558
61.129799	-0.340584
61.135689	0.058262
61.149220	0.059046
61.171818	0.202390
61.175236	-0.483110
61.241631	-0.078994
61.258984	-0.440921
61.318352	-0.024564
61.324390	-0.042195
61.345692	0.170960
61.386398	0.008321
61.403629	-0.128508
61.417130	0.183481
61.486561	0.077942
61.508568	0.364805
61.519779	0.361039
61.529690	-0.247682
61.538502	-0.135991
61.595451	-0.373424
61.605896	-0.088609
61.632816	-0.129678
61.656898	-0.230102
61.712700	0.128831
61.758125	0.053044
61.786819	-0.148016
61.789490	0.004130
61.819271	0.228263
61.842148	0.285265
61.865459	0.362230
61.910698	-0.094373
61.928871	0.276441
61.955208	0.070051
61.974754	0.037009
61.979649	0.247929
62.016888	-0.097967
62.033726	0.259545
62.072628	0.224956
62.088791	-0.241435
62.114983	-0.090298
62.116890	-0.339693
62.134861	0.109510
62.137943	0.268467
62.142876	-0.423519
62.166145	0.282886
62.199619	-0.082738
62.208126	-0.055483
62.249821	0.035886
62.252914	0.007603
62.275078	0.033257
62.302807	0.006860
62.319038	-0.331569
62.335567	-0.094819
62.382793	-0.008290
62.405804	0.148642
62.411366	-0.018899
62.453308	0.011587
62.542534	-0.287140
62.562027	0.348432
62.591293	-0.369760
62.596397	-0.462901
62.620266	0.376583
62.695995	-0.465504
62.736732	0.053237
62.762577	0.083693
62.821022	-0.253262
62.826694	0.311284
62.863029	-0.137796
62.865570	-0.040766
62.867626	0.030962
62.942024	0.073945
62.959084	-0.055495
62.960232	0.349832
63.011112	0.112428
63.014309	0.050188
63.060043	-0.226172
63.124092	-0.154562
63.194317	0.181184
63.200001	0.300880
63.222752	0.384193
63.284660	0.390263
63.308067	-0.056392
63.357151	0.059009
63.358341	0.173380
63.405682	0.152087
63.431530	0.172929
63.490818	-0.147846
63.497398	0.208360
63.508991	0.440357
63.519646	0.180812
63.551960	0.064740
63.556770	-0.276599
63.558960	-0.148671
63.604095	0.450288
63.614338	-0.144812
63.631313	-0.216216
63.696621	-0.032638
63.706894	0.073254
63.750523	0.230163
63.846062	-0.284392
63.862675	-0.270584
63.886143	-0.098429
63.892521	-0.044501
63.922691	-0.369266
63.926281	0.195628
63.931118	-0.032901
63.972176	-0.034197
63.974064	-0.023306
64.001190	0.268176
64.027374	0.359557
64.037407	0.266837
64.090439	0.204325
64.100021	-0.444794
64.122650	0.205055
64.146797	-0.395768
64.161163	0.378454
64.176910	-0.091358
64.203697	-0.395670
64.234024	-0.105115
64.271095	-0.412827
64.297058	0.289702
64.304001	0.380469
64.342690	-0.051778
64.380318	0.123448
64.424477	-0.179437
64.453423	-0.215553
64.482666	0.078780
64.512970	0.088070
64.525230	-0.008732
64.582428	-0.033835
64.605774	0.326600
64.631699	-0.333023
64.633926	0.052293
64.667885	-0.255207
64.672493	-0.236159
64.686646	-0.295809
64.690514	0.291098
64.701958	-0.015908
64.711494	0.121820
64.716530	-0.098815
64.736084	0.214574
