
2.000000	0.010131	-10.143560	126.800117

-10.143560	-0.999944
-6.541979	-0.998958
-4.825181	0.998768
-2.943405	-0.991098
-1.230424	0.983727
0.336653	0.941123
0.644734	-0.952151
1.505497	-0.872820
2.331850	0.885841
2.856122	0.569922
3.931571	0.644601
3.995679	-0.499041
4.597032	-0.562942
5.169970	-0.495355
6.065593	0.712259
6.460099	0.100706
7.587738	0.392557
7.652702	-0.357347
8.138412	-0.323327
8.736296	-0.249182
9.609694	0.515770
10.066245	0.199227
11.179266	0.288271
11.467281	-0.413608
11.584029	-0.257963
12.367577	-0.289723
13.221611	0.415534
13.671724	0.123436
14.775182	0.345862
15.012719	-0.236091
15.231236	-0.243718
15.968652	-0.256345
16.858080	0.438604
17.277227	0.109822
18.398617	0.263838
18.524099	-0.287074
18.917557	-0.299647
19.557453	-0.183014
20.454660	0.418598
20.882967	0.124883
22.007368	0.232579
22.137619	-0.254097
22.527401	-0.233723
23.166567	-0.233568
24.037477	0.336735
24.488815	0.074250
25.601015	0.261899
25.823057	-0.260139
26.066545	-0.211969
26.783676	-0.165272
27.642633	0.341555
28.095163	0.117104
29.201427	0.192750
29.524626	-0.269887
29.567982	-0.137140
30.389713	-0.175585
31.264313	0.352378
31.700161	0.059726
32.814281	0.217330
33.070690	-0.227243
33.223080	-0.238374
33.986465	-0.174934
34.880672	0.289940
35.306477	0.105184
36.428440	0.203637
36.607132	-0.184995
36.895451	-0.193696
37.585171	-0.139378
38.480740	0.294859
38.911537	0.055609
40.034920	0.171773
40.190060	-0.195406
40.532364	-0.187340
41.193344	-0.173067
42.073673	0.302042
42.517097	0.091811
43.633728	0.200799
43.813725	-0.203553
44.126923	-0.179018
44.805775	-0.123358
45.671249	0.254004
46.122471	0.056181
47.233418	0.153089
47.467083	-0.198025
47.685040	-0.165551
48.415768	-0.152192
49.280022	0.274759
49.727337	0.078360
50.838833	0.177755
51.135220	-0.188541
51.222080	-0.140131
52.019245	-0.125333
52.895237	0.264532
53.333355	0.059127
54.449757	0.159957
54.755482	-0.190093
54.807781	-0.170146
55.619347	-0.128021
56.508888	0.230911
56.939381	0.065956
58.060825	0.149542
58.297852	-0.156793
58.472210	-0.162687
59.220089	-0.134125
60.115021	0.258825
60.544460	0.062599
61.668873	0.167714
61.862495	-0.155137
62.122452	-0.154039
62.825199	-0.108295
63.714386	0.226719
64.150421	0.055061
65.271927	0.129808
65.451195	-0.171117
65.750740	-0.161638
66.433632	-0.136418
67.311699	0.223044
67.755585	0.065740
68.873337	0.161708
69.063423	-0.150728
69.354485	-0.135363
70.044273	-0.096228
70.912567	0.239586
71.361931	0.045780
72.475006	0.125567
72.695320	-0.162615
72.934853	-0.139782
73.652504	-0.128975
74.518990	0.200354
74.966789	0.068404
76.080009	0.143953
76.340927	-0.164337
76.497734	-0.133321
77.258026	-0.095326
78.129990	0.226470
78.572678	0.038296
79.687965	0.133882
79.993126	-0.156106
80.050735	-0.118312
80.860184	-0.115486
81.742035	0.208220
82.178040	0.069964
83.296989	0.123173
83.602707	-0.150682
83.648788	-0.128880
84.462105	-0.102419
85.351997	0.194102
85.782951	0.032750
86.905602	0.143474
87.160522	-0.142945
87.299438	-0.144801
88.064957	-0.099710
88.957733	0.218814
89.389122	0.069929
90.512383	0.107600
90.731216	-0.120818
90.942986	-0.118354
91.670433	-0.111185
92.559158	0.177892
92.994690	0.029253
94.116394	0.143650
94.315941	-0.152251
94.573830	-0.145504
95.277779	-0.084237
96.159378	0.205453
96.600388	0.068710
97.718918	0.102650
97.915726	-0.120114
98.189430	-0.109395
98.886467	-0.116012
99.760132	0.189141
100.205223	0.027691
101.321213	0.132566
101.529762	-0.142884
101.788589	-0.127970
102.494286	-0.073467
103.363747	0.175618
103.811340	0.065958
104.924973	0.108993
105.155785	-0.133828
105.373253	-0.113125
106.101212	-0.115258
106.970894	0.204455
107.416862	0.027818
108.530396	0.114097
108.790665	-0.130650
108.945984	-0.113540
109.705368	-0.071236
110.580788	0.158239
111.022942	0.061823
112.138542	0.122158
112.432091	-0.136021
112.512283	-0.103758
113.309410	-0.107868
114.190804	0.196419
114.628868	0.029672
115.746704	0.094250
116.073593	-0.210641
116.078400	-0.046600
116.911964	-0.076709
117.800148	0.168659
118.232948	0.056163
119.354530	0.133828
119.642097	-0.098125
119.720627	-0.099108
120.515083	-0.094388
121.407341	0.164774
121.838882	0.033080
122.961899	0.080058
123.216133	-0.140288
123.362907	-0.144781
124.120338	-0.088102
125.012993	0.191215
125.445122	0.048723
126.567711	0.135921
126.800117	-0.076640

3.000000	0.911690	-15.866098	117.324677

-15.866098	-1.000002
-12.263911	-0.999978
-8.662870	-0.999730
-7.887394	0.999923
-5.064583	-0.997904
-4.290051	0.998638
-2.496020	-0.996621
-2.271020	0.996602
-1.472616	-0.988573
-0.699133	0.988435
1.088428	-0.945783
1.310404	0.944250
1.561719	0.944559
2.036320	-0.937266
2.541720	-0.892301
2.870695	0.880352
3.630089	0.655071
3.962758	-0.603751
4.511273	-0.397396
4.865553	0.332721
4.952043	0.376176
5.232523	0.655250
5.671686	-0.697945
5.792412	0.047884
6.399196	-0.529500
6.554591	0.793283
7.238405	0.174534
7.647196	-0.182871
8.307251	-0.513592
8.542983	0.482857
8.795365	0.194543
8.810014	0.384234
9.148002	-0.038792
9.175213	-0.586408
9.938960	-0.465471
10.251187	0.631843
10.843208	0.198881
11.227686	-0.182423
11.970589	-0.411710
12.183378	0.399073
12.250990	0.148561
12.442023	0.287649
12.722988	-0.001613
12.855234	-0.519698
13.577365	-0.273476
13.865955	0.443353
14.447330	0.186202
14.826399	-0.187005
15.514585	-0.335688
15.742826	0.319819
15.853632	0.145608
16.041594	0.336892
16.441290	0.010123
16.530128	-0.477122
17.108206	-0.308947
17.418667	0.433541
18.052523	0.109696
18.451107	-0.105969
19.093103	-0.332039
19.335421	0.310318
19.585936	0.094936
19.627535	0.251403
20.063646	0.019525
20.191172	-0.504223
20.582283	-0.252210
20.983362	0.484676
21.658798	0.165908
22.066532	-0.168963
22.731298	-0.301946
22.958261	0.287598
23.229239	0.237328
23.255022	0.168753
23.605427	0.012163
23.832722	-0.541380
24.136244	-0.232724
24.587915	0.456033
25.265051	0.088693
25.664185	-0.091030
26.381222	-0.304027
26.598680	0.299611
26.807276	0.083210
26.844393	0.256985
27.141233	0.003221
27.411646	-0.469775
27.817904	-0.264475
28.220272	0.377838
28.870615	0.136728
29.257847	-0.132064
29.998672	-0.340158
30.218458	0.337194
30.340427	0.116766
30.456606	0.186003
30.736637	0.001189
30.978392	-0.391155
31.501696	-0.197640
31.851702	0.373501
32.476051	0.088077
32.860294	-0.091815
33.586288	-0.276747
33.804203	0.268175
33.920303	0.079021
34.059685	0.215619
34.386700	0.006490
34.551441	-0.389551
35.135204	-0.231387
35.463608	0.380504
36.082222	0.108482
36.472069	-0.103060
37.165787	-0.243206
37.388828	0.232604
37.557678	0.093438
37.656937	0.189217
38.038044	0.009456
38.140133	-0.389484
38.724052	-0.226524
39.056438	0.331713
39.687531	0.092352
40.086006	-0.099975
40.758663	-0.255505
40.987000	0.243323
41.218628	0.098378
41.254494	0.172187
41.656693	0.011302
41.749886	-0.355527
42.287891	-0.209843
42.641125	0.327620
43.293163	0.085573
43.696270	-0.082517
44.371880	-0.217881
44.598152	0.208998
44.857090	0.195741
44.863316	0.085283
45.244335	0.008540
45.384087	-0.352812
45.848690	-0.220812
46.229774	0.349700
46.899197	0.096185
47.300636	-0.102390
47.997593	-0.238502
48.219067	0.231996
48.465340	0.148392
48.469406	0.102438
48.813435	0.006123
49.032631	-0.382480
49.426033	-0.165257
49.830101	0.307033
50.504402	0.069323
50.900604	-0.066982
51.622154	-0.252692
51.843422	0.250134
52.047878	0.061615
52.076832	0.179653
52.382626	0.002358
52.669567	-0.375070
53.029011	-0.173697
53.442852	0.301083
54.110054	0.096841
54.500240	-0.099430
55.236420	-0.214994
55.459892	0.215007
55.616047	0.091029
55.687489	0.148211
55.974651	0.000470
56.279045	-0.341275
56.654438	-0.138522
57.062687	0.316900
57.715343	0.059197
58.103161	-0.058517
58.837875	-0.240976
59.060093	0.239525
59.199036	0.051505
59.294571	0.151443
59.594639	0.001586
59.867455	-0.351442
60.284176	-0.152064
60.681778	0.273298
61.320938	0.094079
61.709961	-0.093860
62.430882	-0.209920
62.652309	0.205673
62.800232	0.086610
62.898529	0.156822
63.226696	0.004068
63.446228	-0.327119
63.907635	-0.168300
64.294197	0.278376
64.926979	0.054528
65.319664	-0.057422
66.021767	-0.193623
66.243759	0.187435
66.420967	0.055057
66.499428	0.128893
66.858459	0.005495
67.024963	-0.285707
67.519112	-0.150980
67.898201	0.287412
68.532501	0.088468
68.930069	-0.086743
69.617622	-0.207442
69.841293	0.199392
70.058083	0.085299
70.101318	0.159575
70.478096	0.007518
70.611130	-0.305013
71.122040	-0.187557
71.495049	0.249539
72.137894	0.053914
72.539200	-0.060177
73.222000	-0.170424
73.445549	0.163897
73.686577	0.061671
73.704178	0.120410
74.082283	0.005806
74.211220	-0.290265
74.718925	-0.157270
75.089203	0.270413
75.743202	0.080253
76.145317	-0.076695
76.834816	-0.198060
77.055687	0.191347
77.307617	0.084155
77.310867	0.143093
77.672470	0.005985
77.827461	-0.272308
78.312691	-0.171336
78.684082	0.264077
79.348366	0.056089
79.748878	-0.063911
80.452217	-0.186437
80.671509	0.181459
80.912170	0.064071
80.919228	0.123330
81.254692	0.003890
81.455933	-0.295571
81.905891	-0.146415
82.283478	0.235717
82.953819	0.070751
83.350891	-0.065297
84.069939	-0.179427
84.289215	0.176745
84.502571	0.061406
84.528908	0.129057
84.837067	0.001758
85.088783	-0.293202
85.501968	-0.137740
85.888847	0.265938
86.559494	0.060375
86.952934	-0.068177
87.683197	-0.204497
87.903770	0.203007
88.089630	0.062860
88.137871	0.133228
88.427086	0.000517
88.716812	-0.274685
89.100975	-0.130286
89.499878	0.235560
90.164841	0.060555
90.556290	-0.054325
91.290703	-0.164425
91.511581	0.163268
91.679192	0.049966
91.745361	0.109136
92.033104	-0.000091
92.334412	-0.308147
92.703819	-0.101922
93.113937	0.231038
93.770020	0.065284
94.161346	-0.072499
94.892540	-0.193958
95.112762	0.192421
95.272850	0.066960
95.351181	0.139077
95.646988	0.001210
95.938980	-0.283159
96.309700	-0.131343
96.728310	0.251054
97.375893	0.050546
97.768593	-0.045093
98.490219	-0.167770
98.709488	0.164487
98.876160	0.042634
98.955009	0.098018
99.272041	0.002330
99.532768	-0.259527
99.920166	-0.099343
100.340492	0.208717
100.981422	0.070460
101.376801	-0.077044
102.086639	-0.161687
102.305763	0.158053
102.490425	0.074242
102.557747	0.135997
102.894981	0.003485
103.119743	-0.283449
103.532463	-0.144508
103.948685	0.236001
104.586823	0.041383
104.985611	-0.038037
105.684006	-0.176587
105.904060	0.170808
106.110153	0.038234
106.159866	0.098360
106.514412	0.004889
106.705002	-0.239810
107.144806	-0.116222
107.552322	0.224289
108.192825	0.075282
108.593773	-0.080220
109.285782	-0.136489
109.506104	0.132367
109.731339	0.080451
109.763321	0.123625
110.125580	0.004129
110.294418	-0.241423
110.756035	-0.142967
111.153168	0.201032
111.798607	0.033158
112.201080	-0.033097
112.891479	-0.176546
113.111923	0.170632
113.349281	0.035056
113.367874	0.108586
113.727501	0.004950
113.891350	-0.257096
114.365738	-0.136755
114.751442	0.238957
115.403412	0.078868
115.805954	-0.080527
116.501953	-0.139021
116.721481	0.134947
116.961334	0.081183
116.973351	0.104004
117.324677	0.003581

4.000000	-0.580675	-21.588516	111.829002

-21.588516	-1.000000
-17.986050	-1.000000
-14.384426	-0.999992
-10.949738	0.999992
-10.784137	-0.999926
-7.355745	-0.994958
-7.350397	0.994912
-7.185311	-0.999452
-5.109692	0.999786
-3.759053	-0.970367
-3.754845	0.970385
-3.593194	-0.996968
-1.517610	0.996478
-1.268459	-0.997802
-0.607935	0.995279
-0.170012	0.267885
-0.169273	-0.265750
0.000446	-0.987069
1.699435	-0.974568
2.060407	0.972106
2.294455	-0.967487
2.547266	0.946361
2.975382	0.947749
3.333429	0.940198
3.383349	-0.932172
3.606489	-0.957330
4.064434	0.929854
4.409067	0.734993
4.931621	-0.384369
5.190826	-0.702536
5.538647	-0.261834
5.582573	0.530753
5.697172	-0.726803
6.226344	0.543306
6.263360	0.486973
6.334921	0.503786
6.752154	0.463494
6.971874	0.523202
7.014943	-0.830871
7.223504	-0.593828
7.263672	0.019481
8.016453	0.249781
8.306201	0.295119
8.790857	-0.170085
8.978004	-0.515781
9.123421	0.369962
9.264453	-0.028109
9.464284	-0.651482
9.774590	0.334188
9.874700	0.273134
9.957079	0.344260
10.464883	0.348399
10.474431	0.637331
10.686564	-0.682837
10.873767	-0.786498
10.976031	0.000423
11.544026	0.432790
11.620745	0.197414
12.212500	-0.098352
12.582963	-0.319822
12.812539	0.405135
12.869392	-0.163994
13.239262	-0.471355
13.412616	0.282664
13.503298	0.219765
13.659142	0.181276
13.928382	0.312059
14.127874	0.524966
14.345428	-0.519069
14.444422	-0.129276
14.534894	-0.639886
15.164007	0.283156
15.225984	0.235876
15.882484	-0.223413
16.145000	-0.337727
16.436756	-0.023543
16.480734	0.376208
16.812956	-0.386164
16.925804	0.237957
17.061142	0.320387
17.346546	0.033722
17.495520	0.359723
17.729372	0.300528
17.969831	-0.436287
18.000368	0.162193
18.184509	-0.518497
18.830349	0.123837
18.847101	0.254084
19.595404	-0.208734
19.753145	-0.326257
20.039148	-0.079428
20.169189	0.450211
20.313271	-0.405606
20.374231	0.130239
20.665104	0.229282
20.848524	0.162539
21.196287	0.306114
21.412785	0.192894
21.559610	-0.476334
21.612547	0.230789
21.809740	-0.481394
22.413626	0.139706
22.435770	0.184249
23.216743	-0.178128
23.384575	-0.245145
23.669504	-0.049800
23.761272	0.424569
23.849779	-0.376481
24.035347	0.209702
24.240772	0.217112
24.378860	0.104729
24.843126	0.212176
25.134834	-0.431043
25.158607	0.391320
25.235228	0.013238
25.427162	-0.447035
25.892691	0.131836
26.041227	0.119335
26.782988	-0.169702
27.011480	-0.275344
27.300331	-0.072369
27.314323	0.313192
27.460880	-0.320229
27.771566	0.158409
27.821920	0.251055
27.965857	0.149445
28.442053	0.232302
28.717691	-0.383668
28.768038	0.461620
28.919340	-0.313244
29.064945	-0.272921
29.368994	0.225411
29.646748	0.136516
30.359690	-0.094366
30.619171	-0.258586
30.886370	0.283317
30.912235	-0.069112
31.130566	-0.345667
31.426573	0.188613
31.442848	0.165556
31.605894	0.098771
32.008629	0.231109
32.317562	-0.384308
32.329468	0.386649
32.527428	-0.315663
32.639881	-0.231306
32.993198	0.209458
33.252716	0.125208
33.971596	-0.129130
34.209621	-0.206213
34.471668	0.289405
34.505650	-0.049970
34.816063	-0.332438
35.042900	0.181414
35.052036	0.207588
35.281265	0.103024
35.558552	0.213654
35.872646	0.349640
35.934425	-0.399167
36.093842	-0.096040
36.173794	-0.339714
36.707462	0.207560
36.858517	0.102762
37.609631	-0.106159
37.796909	-0.239176
38.073063	0.258841
38.094986	-0.058661
38.474865	-0.276468
38.597546	0.153402
38.673325	0.183828
38.955048	0.017232
39.111683	0.257264
39.420052	0.286191
39.559219	-0.348065
39.667545	0.052916
39.744648	-0.432964
40.395527	0.181192
40.463905	0.126897
41.248096	-0.137879
41.392746	-0.194968
41.691902	-0.027986
41.699669	0.259390
42.088856	-0.296248
42.132984	0.171034
42.287811	0.160870
42.567631	0.057617
42.719372	0.258941
43.001949	0.233147
43.182812	-0.332036
43.269386	0.077335
43.338989	-0.432021
44.033089	0.144423
44.069931	0.084005
44.863880	-0.137569
45.000332	-0.196268
45.298546	-0.056176
45.354588	0.292162
45.666615	-0.266499
45.672226	0.126653
45.892616	0.183713
46.123955	0.050792
46.370640	0.178178
46.630486	0.244409
46.797626	-0.353041
46.890739	0.022332
46.949005	-0.353367
47.619652	0.154537
47.676197	0.121100
48.456051	-0.115774
48.616825	-0.207433
48.912445	-0.026960
49.014187	0.295665
49.228119	-0.232871
49.240490	0.122663
49.488525	0.144033
49.678471	0.098830
50.014351	0.197572
50.290138	0.287513
50.402397	-0.311200
50.518623	-0.092950
50.578278	-0.239418
51.163746	0.124688
51.281765	0.076626
52.038647	-0.130435
52.235806	-0.169339
52.530956	-0.062872
52.631592	0.281430
52.796120	-0.265581
52.870449	0.072668
53.081867	0.175083
53.248436	0.069888
53.640968	0.163692
53.953899	0.305797
53.998119	-0.298211
54.147133	-0.250334
54.220123	-0.177734
54.684376	0.139861
54.887146	0.109719
55.625359	-0.085801
55.851887	-0.201581
56.145035	-0.028050
56.213314	0.285527
56.379711	-0.231790
56.528618	0.114841
56.678459	0.152183
56.840195	0.091151
57.250038	0.162074
57.590286	-0.318920
57.601295	0.320811
57.773487	-0.300543
57.865879	-0.120139
58.204975	0.145022
58.492603	0.076750
59.223358	-0.114706
59.461208	-0.168627
59.753147	-0.065714
59.787952	0.231264
59.983521	-0.232503
60.184322	0.098571
60.281567	0.152168
60.454960	0.072229
60.843723	0.170644
61.183849	-0.280051
61.225399	0.351057
61.391987	-0.288041
61.483143	-0.151445
61.772495	0.148955
62.098423	0.095298
62.834457	-0.074775
63.062721	-0.172617
63.357033	-0.024637
63.365459	0.220817
63.603798	-0.249060
63.817776	0.116166
63.891090	0.160933
64.088425	0.078054
64.425659	0.152146
64.781754	-0.279937
64.824295	0.313412
64.988029	-0.164180
65.057396	-0.241784
65.413437	0.157737
65.704254	0.081045
66.457558	-0.099872
66.659470	-0.176820
66.948578	0.223699
66.955887	-0.058903
67.232605	-0.211677
67.430336	0.123819
67.503906	0.126151
67.733742	0.051814
67.999702	0.169861
68.386314	-0.294993
68.404030	0.270876
68.554779	-0.043687
68.643196	-0.352474
69.083336	0.111877
69.309288	0.080815
70.086060	-0.084283
70.255135	-0.145194
70.540573	0.190293
70.553909	-0.019291
70.863129	-0.235190
71.021866	0.113095
71.117584	0.155654
71.382042	0.053654
71.572433	0.180890
71.965416	0.254031
71.996407	-0.255489
72.129555	0.061278
72.236977	-0.339346
72.750252	0.142221
72.914970	0.086081
73.712387	-0.096313
73.853142	-0.175515
74.144249	0.208498
74.150597	-0.049642
74.487526	-0.219225
74.600090	0.132407
74.729614	0.114674
75.016510	0.007388
75.156052	0.181226
75.533836	0.195285
75.611031	-0.270776
75.722336	0.058363
75.830055	-0.356721
76.401001	0.105410
76.520821	0.067585
77.328568	-0.102245
77.455292	-0.136735
77.754303	-0.017708
77.763901	0.205476
78.101692	-0.200488
78.172501	0.112160
78.337334	0.139963
78.619461	0.035642
78.768120	0.202077
79.116341	0.200970
79.226349	-0.270932
79.332428	0.082968
79.422295	-0.365565
80.027184	0.123979
80.125931	0.089999
80.931252	-0.088626
81.061958	-0.159423
81.360954	-0.046569
81.398697	0.197249
81.705193	-0.222594
81.743706	0.120664
81.940765	0.119524
82.196587	0.031303
82.399841	0.145213
82.720596	0.216558
82.840523	-0.236592
82.952225	0.054480
83.015930	-0.328472
83.630127	0.113209
83.731499	0.057911
84.523804	-0.108256
84.672844	-0.145245
84.971985	-0.021380
85.041008	0.227477
85.300880	-0.180357
85.321892	0.080960
85.540779	0.121422
85.769760	0.062443
86.032936	0.157334
86.340294	0.212023
86.451195	-0.265447
86.586845	0.047253
86.612518	-0.336995
87.211746	0.107693
87.336693	0.091398
88.110992	-0.072161
88.285591	-0.137074
88.582596	-0.044564
88.676994	0.218401
88.893623	-0.197529
88.914505	0.089966
89.138840	0.131727
89.346428	0.051983
89.659737	0.136743
89.969948	0.237323
90.057343	-0.242390
90.212112	-0.318462
90.226631	-0.028280
90.776398	0.122479
90.942596	0.051861
91.699646	-0.104075
91.898788	-0.156903
92.195511	-0.026828
92.293991	0.222409
92.486565	-0.190265
92.527489	0.045864
92.737473	0.106267
92.931450	0.062601
93.278938	0.128380
93.603363	0.262206
93.659454	-0.229320
93.817787	-0.300976
93.867119	-0.006300
94.331161	0.102918
94.548264	0.089528
95.292839	-0.061322
95.510223	-0.120764
95.807838	-0.042880
95.891747	0.233940
96.084564	-0.172799
96.158554	0.084973
96.337547	0.139928
96.527374	0.059866
96.889175	0.142373
97.237083	0.240210
97.259064	-0.254812
97.427101	-0.311661
97.502106	-0.047099
97.885956	0.137840
98.153763	0.049774
98.893623	-0.096335
99.118599	-0.157784
99.417107	-0.031099
99.479042	0.183520
99.685883	-0.201908
99.793640	0.059065
99.940659	0.098947
100.133682	0.056911
100.491928	0.115871
100.856789	-0.213705
100.863441	0.268770
101.039268	-0.320467
101.119797	-0.041810
101.455391	0.105886
101.759254	0.084507
102.502365	-0.058831
102.724228	-0.117812
103.022842	-0.037926
103.063103	0.204946
103.293106	-0.162326
103.424126	0.093917
103.546799	0.135424
103.750908	0.056251
104.087242	0.140280
104.454788	-0.233815
104.482796	0.266613
104.652359	-0.266373
104.711311	-0.071721
105.054352	0.131011
105.364853	0.051243
106.117813	-0.086058
106.327049	-0.143381
106.622246	-0.033414
106.647530	0.177236
106.903778	-0.192053
107.046410	0.079643
107.155983	0.100634
107.375771	0.051362
107.677071	0.123831
108.054855	-0.233090
108.093994	0.235783
108.255501	-0.144699
108.290833	-0.181901
108.680397	0.100695
108.970512	0.076904
109.737968	-0.066010
109.927834	-0.127353
110.222542	-0.029792
110.234726	0.163990
110.516830	-0.176544
110.658043	0.091530
110.765434	0.118591
111.006187	0.041626
111.262802	0.130625
111.657417	-0.200260
111.695648	0.266832
111.829002	-0.031373

5.000000	2.181282	-27.310221	109.800171

-27.310221	-0.999994
-23.708984	-1.000006
-20.106827	-1.000001
-16.505072	-0.999994
-14.012445	1.000000
-12.905720	-0.999975
-12.560869	-0.999998
-10.413567	0.999993
-9.307744	-0.999847
-8.961164	-0.999963
-8.038195	0.999989
-6.816792	0.999877
-5.832419	-0.999785
-5.690539	-0.999320
-5.364213	-0.999590
-4.442947	0.999687
-3.226013	0.998953
-3.134769	0.999622
-2.287704	-0.997614
-2.045435	-0.997558
-1.949086	-0.999016
-1.771688	-0.996915
-0.853597	0.996850
0.352392	0.993592
0.447185	0.994052
0.705155	0.994494
1.229509	-0.985628
1.609228	-0.990876
1.632381	-0.986438
1.790994	-0.982934
2.148984	0.993007
2.706601	0.250503
2.726180	-0.257500
3.457785	0.951767
3.926503	0.970442
4.004106	0.951304
4.281524	0.871878
4.509004	-0.836182
4.675603	-0.914815
4.875639	0.883424
5.162335	-0.879220
5.188065	0.786578
5.218614	-0.937235
5.341983	-0.905839
5.624819	0.769876
6.224926	-0.607258
6.293217	-0.655169
6.333845	0.767109
6.341269	0.183111
6.697789	0.155899
7.159828	0.293449
7.340381	0.358105
7.417037	-0.212030
7.526766	0.905008
7.718010	0.830400
7.949292	0.184918
8.023347	0.507542
8.122108	-0.515320
8.421974	-0.254835
8.516969	-0.138065
8.792788	0.323341
8.826385	-0.747802
8.923080	-0.697553
8.931999	-0.739191
9.292418	0.053138
9.699598	0.419136
9.984810	0.821139
10.254914	-0.337612
10.263552	-0.040789
10.445893	0.136887
10.660732	-0.188907
10.763554	-0.039064
10.799041	0.276883
10.863980	0.010015
11.152809	0.794706
11.435411	0.638459
11.698921	0.207797
11.702844	-0.048844
11.781740	-0.194931
11.872612	-0.147156
12.121202	-0.103956
12.397647	0.060195
12.398540	0.172757
12.541615	-0.515843
12.577774	-0.711950
12.649734	-0.535382
13.468155	0.192295
13.634129	0.157049
13.665961	0.633373
13.830304	-0.153685
13.898115	-0.385343
14.165022	-0.097689
14.306467	0.293050
14.475949	-0.002821
14.561425	0.146699
14.808123	0.692190
15.076985	0.415446
15.276277	0.357448
15.410032	-0.285397
15.459819	-0.560107
15.661892	-0.149017
15.783928	0.286184
15.987519	0.205495
16.002922	0.268219
16.171539	-0.451289
16.245426	-0.612239
16.261728	-0.523787
16.940229	0.287021
17.170063	-0.300191
17.228598	0.165271
17.327314	0.465566
17.368919	-0.286280
17.710258	0.082190
17.985016	0.264557
18.082129	-0.065723
18.188557	0.045027
18.477474	0.578744
18.643007	0.391794
18.816423	0.393104
19.059669	-0.302209
19.113411	0.090461
19.140478	-0.450109
19.607521	0.149087
19.646650	0.094296
19.726280	-0.001912
19.781021	-0.376952
19.886082	-0.433296
19.944670	-0.545552
20.278170	0.343169
20.794842	-0.311606
20.851646	-0.349472
20.960358	0.471021
20.983395	0.123500
21.268614	0.028652
21.617819	-0.054882
21.641422	0.163910
21.766457	0.085131
22.135387	0.524185
22.192745	0.432469
22.406778	0.398943
22.611063	0.119659
22.701561	-0.183745
22.777409	-0.537731
23.213421	0.187609
23.224295	0.054912
23.355032	-0.437297
23.433510	0.047097
23.517248	-0.469874
23.590797	-0.525974
23.801273	0.390792
24.363674	-0.310389
24.514791	-0.151590
24.554211	0.483622
24.749416	0.181569
24.870710	0.073321
25.164984	-0.158793
25.252159	0.160643
25.339764	0.024236
25.757318	0.413009
25.773762	0.538413
26.030405	0.290924
26.201216	0.125168
26.311020	-0.205628
26.398050	-0.529339
26.718807	0.029255
26.817812	0.155445
26.933279	-0.354633
27.029123	0.106933
27.157991	-0.523246
27.178297	-0.523136
27.461086	0.253940
27.978848	-0.254714
28.126400	0.450098
28.152338	-0.173224
28.379400	0.150007
28.504635	0.029820
28.804531	-0.071876
28.826719	0.172654
28.937174	0.070198
29.348070	0.350266
29.386255	0.528733
29.663469	0.276783
29.869957	0.095552
29.894268	-0.179601
30.011160	-0.478085
30.282982	0.089243
30.423958	0.132231
30.523773	-0.238898
30.542379	0.010599
30.720173	-0.488613
30.787237	-0.468652
31.177067	0.214230
31.627234	-0.252135
31.696724	0.370506
31.736158	-0.161688
31.910927	0.088800
32.155682	0.037635
32.385433	0.156132
32.479328	-0.050053
32.557663	0.026315
32.966293	0.361496
32.974941	0.464448
33.289486	0.276041
33.467770	-0.151949
33.583256	0.060706
33.625500	-0.428950
33.907536	0.103048
34.026455	0.120604
34.030426	0.155792
34.141560	-0.359386
34.251480	-0.464397
34.386879	-0.419287
34.887726	0.212186
35.253887	-0.095086
35.275822	0.307858
35.313877	-0.194884
35.439133	0.109216
35.800659	-0.041995
35.953743	0.204225
36.119846	-0.002381
36.181404	0.041876
36.553593	0.427155
36.600784	0.354065
36.896343	0.236684
37.052353	-0.206374
37.245613	-0.426564
37.312149	-0.026158
37.512821	0.162890
37.591038	0.121507
37.636360	0.104593
37.766804	-0.309477
37.789623	-0.452294
37.971069	-0.430443
38.540840	0.195673
38.842312	-0.205893
38.868397	0.402902
38.919891	-0.231684
38.998226	0.066507
39.408955	0.003002
39.559170	0.197524
39.728626	-0.040262
39.796341	0.058623
40.130795	0.444716
40.232296	0.292753
40.481155	0.258608
40.658340	-0.153642
40.887974	-0.383066
40.949257	0.011632
41.125389	0.176845
41.240368	0.145337
41.260864	0.112737
41.332531	-0.450782
41.394104	-0.292143
41.548325	-0.418360
42.107456	0.217810
42.459812	-0.175757
42.480553	0.359639
42.520706	-0.235191
42.600437	0.102591
42.985264	-0.013222
43.194756	0.136715
43.302280	-0.048488
43.410801	0.056140
43.714321	0.438175
43.851276	0.299493
44.058701	0.252132
44.278946	-0.173500
44.476566	0.033885
44.550564	-0.349290
44.841896	0.077566
44.845798	0.096492
44.887787	-0.410643
44.934776	0.009877
45.014336	-0.314187
45.127045	-0.363156
45.631535	0.225339
46.083885	-0.175240
46.104103	0.286707
46.121948	-0.154942
46.237915	0.080925
46.560940	0.043016
46.830990	0.155072
46.860741	-0.047054
47.018780	0.049995
47.305641	0.389954
47.456707	0.302742
47.641796	0.226151
47.901955	-0.153761
48.005924	0.094476
48.219807	-0.343733
48.451450	0.122468
48.461769	-0.465302
48.541164	0.084344
48.564453	0.044859
48.623909	-0.265768
48.712563	-0.357876
49.165787	0.212403
49.682610	-0.223465
49.732826	0.348807
49.741989	-0.140454
49.900040	0.106747
50.147072	0.009468
50.421219	-0.083280
50.456139	0.104097
50.622116	0.030329
50.910774	0.390289
51.051994	0.265416
51.235764	0.255475
51.520233	-0.137039
51.557171	0.061606
51.872757	-0.305753
52.057652	0.099451
52.063938	-0.438433
52.153934	-0.009667
52.205772	0.049153
52.223736	-0.262552
52.309002	-0.376716
52.735218	0.255218
53.278896	-0.222281
53.346088	-0.136846
53.357506	0.336684
53.563644	0.108363
53.745403	0.045070
53.998985	-0.064914
54.068943	0.129502
54.219761	0.042936
54.526134	0.405881
54.641655	0.281265
54.842258	0.218425
55.130585	-0.150896
55.135723	0.089420
55.484177	-0.301076
55.662807	0.104346
55.688148	-0.230551
55.738529	-0.176028
55.816715	-0.273246
55.819530	0.076883
55.922470	-0.342908
56.336868	0.219808
56.880348	-0.197690
56.943249	-0.137374
56.973553	0.307843
57.204777	0.106809
57.355484	0.014120
57.605614	-0.105826
57.667992	0.109666
57.816353	0.026490
58.148235	0.369841
58.229382	0.281180
58.456551	0.211593
58.731911	-0.115531
58.742519	0.070353
59.065216	-0.352800
59.268875	0.099019
59.273884	0.003042
59.380280	-0.357601
59.397415	0.010356
59.408092	-0.231676
59.547928	-0.331338
59.960892	0.194643
60.484848	-0.195026
60.522354	-0.123639
60.580643	0.330007
60.809479	0.106043
60.975513	0.031610
61.245571	-0.056573
61.259449	0.112273
61.415745	0.052923
61.773727	0.351452
61.820923	0.246944
62.075474	0.216438
62.327675	-0.145140
62.377762	0.073109
62.632153	-0.338099
62.853775	0.059867
62.875893	0.086636
62.947521	0.064846
63.001865	-0.255379
63.035496	-0.380038
63.176765	-0.353143
63.599243	0.191488
64.077599	-0.134843
64.111977	-0.161026
64.178986	0.303590
64.388786	0.066297
64.601822	0.004448
64.844635	0.129518
64.898178	-0.079146
65.019539	0.030278
65.399506	0.373909
65.419090	0.274369
65.694618	0.174762
65.919167	-0.114228
66.034882	0.060079
66.194923	-0.321589
66.443390	0.052695
66.480400	0.108847
66.488022	0.066487
66.601288	-0.244520
66.674606	-0.353119
66.804077	-0.327779
67.244675	0.142757
67.655838	-0.101224
67.715912	-0.183252
67.771782	0.280739
67.961838	0.086516
68.230949	0.010996
68.427467	0.113599
68.541512	-0.036585
68.627396	0.063348
69.016777	0.346968
69.025520	0.253097
69.309814	0.202060
69.511398	-0.133342
69.708412	0.048767
69.758713	-0.343242
70.013588	0.081240
70.059891	0.085695
70.085213	0.074509
70.206223	-0.218910
70.296730	-0.372505
70.426369	-0.313779
70.887756	0.163468
71.239532	-0.126781
71.319931	-0.171634
71.361877	0.305032
71.535316	0.046926
71.854500	-0.024511
72.015442	0.155278
72.168098	-0.058262
72.239014	0.032458
72.627388	0.322803
72.639679	0.233886
72.918091	0.177087
73.107353	-0.127706
73.328827	-0.315553
73.388512	0.008440
73.559280	0.117215
73.679886	0.062265
73.690216	0.107945
73.816971	-0.247170
73.905067	-0.358270
74.041206	-0.338558
74.513924	0.150242
74.837029	-0.125413
74.919899	-0.156950
74.952293	0.279326
75.117485	0.078069
75.465744	-0.007068
75.614990	0.128574
75.774994	-0.031821
75.851990	0.063061
76.232674	0.346560
76.258545	0.257442
76.518288	0.176884
76.710762	-0.117775
76.908867	-0.298786
77.039314	-0.008301
77.141418	0.134720
77.296280	0.068880
77.309029	0.086683
77.431160	-0.212928
77.504486	-0.330626
77.648514	-0.307466
78.111336	0.152814
78.460945	-0.131552
78.517052	-0.180328
78.546593	0.269978
78.711815	0.046890
79.063965	-0.021292
79.229210	0.136623
79.365219	-0.046248
79.465866	0.027699
79.828995	0.324462
79.877747	0.217876
80.112198	0.190630
80.320007	-0.135313
80.502579	-0.313256
80.611969	0.008790
80.804077	0.097500
80.902092	0.102143
80.945679	0.052246
81.046204	-0.218536
81.098984	-0.338948
81.248512	-0.293813
81.684616	0.163487
82.096321	-0.140732
82.115257	-0.141889
82.146858	0.292073
82.319099	0.075087
82.653847	0.008939
82.850716	0.120012
82.945938	-0.039657
83.078018	0.056213
83.422501	0.300964
83.494637	0.228139
83.703529	0.158900
83.933487	-0.099808
84.111038	-0.286014
84.168121	0.049147
84.481339	0.087304
84.507828	0.068977
84.577263	0.040900
84.660744	-0.227668
84.693504	-0.315527
84.842712	-0.315301
85.248604	0.145079
85.707924	-0.174899
85.744003	-0.099917
85.753845	0.250720
85.938896	0.058477
86.242645	-0.000969
86.472755	0.096885
86.520218	-0.041315
86.687828	0.016176
87.013603	0.327152
87.106865	0.231039
87.296303	0.191173
87.548744	-0.132816
87.728256	0.033012
87.735435	-0.284381
88.114014	0.092121
88.147774	0.050495
88.199181	-0.041518
88.271942	-0.192366
88.289993	-0.253498
88.433617	-0.278557
88.815437	0.174627
89.309464	-0.157515
89.364967	0.262319
89.377396	-0.130046
89.568039	0.074506
89.833549	0.023235
90.092407	0.113018
90.094154	-0.056966
90.295006	0.048957
90.605309	0.303729
90.714012	0.198720
90.892456	0.165228
91.162827	-0.092571
91.295921	0.067662
91.374329	-0.281511
91.720108	0.073505
91.787964	-0.000191
91.813980	-0.023850
91.879204	-0.222509
91.887001	-0.181672
92.024139	-0.275170
92.395355	0.168353
92.915077	-0.158984
92.980194	0.276697
92.994736	-0.090779
93.202248	0.076538
93.429138	0.005476
93.673393	-0.044098
93.706886	0.077443
93.899574	0.007998
94.199440	0.285452
94.315979	0.229620
94.493401	0.172349
94.774979	-0.122558
94.871452	0.038845
95.023003	-0.262163
95.324394	0.079968
95.389359	-0.147336
95.435822	-0.014893
95.478241	-0.141097
95.483650	-0.188132
95.616745	-0.293141
95.990051	0.168871
96.524826	-0.176222
96.597137	0.237284
96.605026	-0.120072
96.835030	0.075783
97.030144	0.026901
97.262253	-0.075933
97.317039	0.107851
97.502457	0.044613
97.797699	0.314777
97.914185	0.201366
98.099510	0.180808
98.383995	-0.095487
98.461296	0.071075
98.680229	-0.270278
98.930458	0.079917
98.980026	-0.168355
99.040489	-0.034975
99.067177	-0.028092
99.084290	-0.188017
99.214226	-0.253625
99.600533	0.187658
100.138039	-0.142295
100.202370	-0.083078
100.213493	0.260956
100.459625	0.089974
100.635414	0.007381
100.865410	-0.045730
100.922005	0.074886
101.104866	0.007892
101.401611	0.283180
101.509872	0.201634
101.709938	0.147341
101.988892	-0.106142
102.062057	0.042807
102.340088	-0.243985
102.536003	0.067144
102.569633	-0.216876
102.622398	-0.059852
102.649391	-0.003842
102.683205	-0.205660
102.817482	-0.268371
103.221359	0.144501
103.752754	-0.174056
103.786232	-0.106120
103.827538	0.252620
104.072845	0.064813
104.247154	0.021714
104.482758	-0.080570
104.521408	0.099939
104.706047	0.045707
105.010277	0.276596
105.104912	0.219990
105.323242	0.181929
105.591278	-0.104581
105.673515	0.063421
105.996078	-0.224752
106.142281	0.086819
106.162643	-0.285591
106.200882	-0.015110
106.226135	0.039673
106.280617	-0.169753
106.425957	-0.272935
106.847679	0.171571
107.356133	-0.104087
107.373894	-0.122170
107.438263	0.224835
107.673164	0.088084
107.861816	0.007422
108.111481	-0.033452
108.117371	0.084443
108.307289	0.012426
108.622658	0.303305
108.700722	0.179658
108.938133	0.137682
109.190819	-0.088520
109.298096	0.046866
109.634445	-0.238711
109.748238	0.055509
109.770737	-0.254216
109.778702	-0.037722
109.800171	0.020352

6.000000	-2.757287	-33.033791	104.040627

-33.033791	-0.999998
-29.430740	-1.000001
-25.828239	-0.999998
-22.227304	-0.999998
-18.626228	-0.999999
-17.938187	-0.999993
-17.075216	1.000004
-15.027382	-0.999991
-14.337902	-0.999999
-13.475628	0.999997
-11.431309	-0.999953
-11.011446	0.999999
-10.749105	-0.999995
-10.739176	-0.999986
-9.878450	0.999990
-7.840631	-0.999753
-7.414594	0.999971
-7.146407	-0.999914
-7.138866	-0.999922
-6.289908	-0.999959
-6.283659	0.999870
-5.839935	0.999970
-4.258835	-0.998815
-3.821980	0.999664
-3.553052	-0.999101
-3.533575	-0.999610
-2.696086	0.946089
-2.695742	-0.946376
-2.248608	0.999407
-1.559402	0.999480
-0.858140	-0.999308
-0.686451	-0.995138
-0.237606	0.997339
-0.130826	0.999306
0.041793	-0.995187
0.066852	-0.997128
0.889293	-0.994462
0.893362	0.995330
1.332582	0.994352
1.811442	0.993708
1.905774	-0.994035
2.041928	0.992284
2.697948	-0.988655
2.873424	-0.982385
3.138968	0.986003
3.415119	0.883103
3.463124	-0.873686
3.489978	0.987629
3.653584	-0.981662
3.905652	-0.993562
4.322040	0.957534
4.425944	-0.962449
4.498712	0.982379
4.851388	0.955969
5.364202	0.888055
5.453546	-0.838286
5.579959	-0.798858
5.604867	0.895805
5.852782	0.794964
5.966254	0.828513
6.133842	-0.842255
6.402393	-0.906898
6.534407	0.799469
6.588410	-0.744191
6.723006	0.058881
6.927702	-0.069597
7.155441	0.922288
7.272569	0.586014
7.284565	-0.934990
7.608631	-0.903819
7.695330	0.432321
7.944351	-0.747899
8.103593	-0.496034
8.128626	0.946009
8.227461	0.438485
8.326213	0.565526
8.353380	0.288775
8.610090	-0.284904
8.632024	0.401800
8.762569	-0.014986
9.103827	0.767228
9.267663	0.677106
9.371483	-0.570075
9.519954	0.078478
9.570211	0.393047
9.712845	0.172949
9.833796	-0.669358
9.939485	-0.687934
10.226769	-0.416235
10.404114	0.664141
10.423057	-0.388473
10.519760	0.669764
10.641525	0.086471
10.890389	-0.556149
10.930956	-0.862473
11.068324	0.780890
11.246672	0.355435
11.399336	0.283646
11.578326	-0.674343
11.653095	-0.743362
11.733287	0.145229
11.786025	0.862449
11.840438	0.131176
11.960313	0.393946
12.032525	0.066868
12.339746	-0.275018
12.567186	-0.049456
12.771573	0.510622
12.912643	0.107497
12.940350	0.452686
13.038256	0.150235
13.057550	-0.261899
13.176631	0.207023
13.193067	-0.154134
13.229309	0.062811
13.608869	-0.548918
13.670707	-0.671043
13.788133	0.083980
13.961043	-0.186997
14.062859	0.497557
14.291791	0.269486
14.579080	-0.253285
14.601934	-0.726669
14.667780	0.171238
14.848208	0.528463
15.139864	0.239088
15.254442	-0.574960
15.299392	0.084833
15.427543	0.169402
15.446091	0.343127
15.503418	-0.060840
15.557810	-0.133217
15.661710	0.520828
15.770346	-0.171295
16.158958	0.081490
16.367847	0.362595
16.547079	-0.149933
16.570082	0.081257
16.649412	0.055951
16.701403	0.050615
16.781328	0.288191
16.839960	0.141592
16.964933	-0.351158
16.988012	0.119628
17.286221	-0.334162
17.336933	-0.482034
17.525839	-0.272167
17.669207	0.364764
17.953856	0.027696
18.165077	0.253859
18.239599	-0.088491
18.272377	-0.596644
18.430202	0.399599
18.762779	0.297965
18.902611	0.062612
18.917427	-0.357560
18.944693	-0.371535
19.033154	-0.346646
19.096037	0.096741
19.148489	0.602029
19.344944	0.481054
19.486513	0.197754
19.498188	-0.109967
19.929623	0.382228
20.086998	-0.267914
20.133202	-0.284837
20.232639	0.392580
20.358006	0.181952
20.385469	0.181477
20.491438	0.059054
20.674789	-0.282156
20.697824	-0.128050
20.910303	-0.224560
21.071524	-0.296851
21.144072	-0.187904
21.204123	0.258391
21.549833	-0.047824
21.792484	0.175493
21.801386	0.097413
21.919252	-0.426959
21.944658	0.310507
22.301973	0.190895
22.518454	-0.400114
22.558857	-0.211511
22.579828	0.092868
22.603113	-0.460040
22.716913	0.106277
22.794737	0.535638
23.016354	0.470621
23.110184	0.178565
23.148151	-0.096861
23.478390	-0.114391
23.501101	0.373468
23.639326	-0.361036
23.821970	0.434047
23.861925	0.096259
23.990208	0.185496
24.211830	-0.044984
24.359316	-0.521026
24.489241	-0.151851
24.528097	-0.034001
24.685766	0.311688
24.776247	-0.144372
24.782204	-0.172758
25.078262	-0.264339
25.283436	0.289075
25.462324	0.448779
25.485544	0.178304
25.539391	-0.528916
25.872356	0.154296
26.000690	-0.442471
26.221268	0.088649
26.247223	-0.497318
26.301468	0.086335
26.351912	-0.186633
26.414671	0.518779
26.673317	0.482361
26.719898	-0.082762
26.938374	-0.064200
26.953489	0.180103
27.098715	0.306324
27.224680	-0.289260
27.397703	0.391521
27.410971	0.042305
27.595030	0.188887
27.812090	-0.063252
28.006626	-0.401178
28.058355	-0.425981
28.201099	0.055093
28.291246	0.352019
28.361040	-0.003168
28.410252	-0.197057
28.659296	-0.413892
28.766287	0.340913
28.997829	0.428452
29.139828	-0.540702
29.169382	0.195946
29.474297	0.175643
29.500912	-0.425409
29.830723	0.091591
29.868589	-0.437401
29.872328	0.075519
30.017733	0.539773
30.130205	-0.200970
30.262806	-0.076730
30.303820	0.434980
30.509109	-0.084027
30.717165	0.314327
30.778646	0.211993
30.861807	-0.275841
30.974899	0.315406
31.007294	0.051375
31.199598	0.133061
31.350079	0.022450
31.535160	-0.294637
31.693560	-0.539708
31.797726	0.032166
31.838070	-0.118031
32.018772	-0.062828
32.021965	0.307090
32.264267	0.290412
32.411251	-0.356196
32.545231	0.393713
32.725861	-0.504815
32.804680	0.133648
33.013710	-0.391687
33.099880	0.141220
33.423756	0.083061
33.448124	0.084171
33.461826	-0.382748
33.604649	0.509942
33.806156	-0.134075
33.827690	-0.113447
33.898952	0.377733
34.189133	-0.070657
34.341606	0.313257
34.468506	0.138158
34.513687	-0.265449
34.566254	0.336890
34.641636	0.039029
34.805073	0.176151
34.904182	0.086011
35.102451	-0.341487
35.308453	-0.260052
35.319233	0.019912
35.398342	-0.421501
35.611923	-0.173848
35.747192	0.361013
35.849373	0.361187
36.101128	0.345742
36.170395	-0.376221
36.305244	-0.454328
36.393787	0.171256
36.545876	-0.332270
36.740543	0.154233
36.999493	0.058109
37.041412	-0.398586
37.043999	0.060249
37.182045	0.457743
37.382076	-0.164382
37.426979	-0.070121
37.476761	0.388045
37.934498	-0.086336
37.963589	0.247857
38.020878	0.157500
38.155067	-0.122191
38.172024	0.236676
38.289276	0.063195
38.410435	0.118628
38.504211	0.050309
38.725815	-0.321543
38.799568	0.022747
38.925144	-0.104478
39.033539	-0.506143
39.201416	-0.123322
39.419205	0.347808
39.518547	0.391261
39.665581	0.262351
39.864639	-0.425163
39.883373	-0.442457
39.959732	0.114940
40.122074	-0.214966
40.387569	0.179052
40.565071	0.041620
40.617321	-0.385431
40.657059	0.098162
40.757278	0.441052
40.905327	-0.110850
41.042717	0.128137
41.057251	0.137174
41.517487	0.106363
41.576801	0.270662
41.691246	-0.161081
41.776028	0.081559
41.790722	-0.029306
41.944340	0.122857
42.016132	0.148949
42.136841	0.083679
42.264431	0.039181
42.392258	-0.274335
42.569946	-0.111109
42.679829	-0.506783
42.793777	-0.140961
43.093838	0.309620
43.150925	0.420250
43.271614	0.244686
43.445381	-0.446072
43.467663	-0.452823
43.525551	0.136775
43.752274	-0.218038
44.023239	0.168697
44.141357	-0.001391
44.200497	-0.332348
44.277287	0.054657
44.329609	0.460300
44.424622	-0.133310
44.629726	0.321171
44.683857	-0.065216
45.016777	0.122524
45.181717	0.254470
45.359531	-0.159197
45.400009	0.241128
45.418812	-0.176396
45.623463	0.133402
45.625130	0.153716
45.751286	0.015118
45.784458	0.046373
46.071205	-0.289076
46.219460	-0.076561
46.322739	-0.517327
46.394306	-0.129264
46.705635	0.337986
46.781544	0.297669
46.916630	0.266202
46.991879	-0.355611
47.039879	-0.431783
47.105034	0.116944
47.380028	-0.214973
47.624935	0.193727
47.751141	0.015747
47.791527	-0.344527
47.896286	0.089813
47.908386	0.444183
47.968357	-0.116246
48.220760	0.337831
48.311886	-0.093802
48.550095	0.113277
48.778999	0.225159
48.948128	-0.185850
49.012287	-0.193402
49.016529	0.277033
49.226055	0.165198
49.227463	0.120788
49.392258	0.038668
49.439350	0.069676
49.743526	-0.273804
49.872288	-0.107737
49.957539	-0.519300
50.003593	-0.113378
50.235115	0.287482
50.449810	0.159389
50.521290	-0.105646
50.567104	0.205777
50.623466	-0.397939
50.703217	0.111971
50.990814	-0.230898
51.203255	0.131055
51.383286	0.028148
51.395206	-0.345573
51.491848	0.404402
51.513794	0.046551
51.549526	-0.114462
51.823517	0.337905
51.941189	-0.056861
52.126900	0.106908
52.371498	0.248269
52.515545	-0.190281
52.548405	-0.156454
52.630360	0.256939
52.788364	0.096634
52.833466	0.127781
53.064110	0.044400
53.139240	0.036057
53.395000	-0.236590
53.521049	-0.097414
53.577042	-0.486837
53.618549	-0.134679
53.752613	0.288274
54.005783	-0.240088
54.136906	0.254553
54.197796	0.263100
54.219425	-0.398580
54.318531	0.127106
54.599678	-0.284963
54.781597	0.129553
55.009121	-0.303262
55.020576	0.049036
55.088490	0.413786
55.124512	0.079209
55.167645	-0.129534
55.436836	0.297391
55.557426	-0.077190
55.750751	0.127389
55.964787	0.215362
56.049904	-0.100026
56.101902	-0.199963
56.239239	0.283445
56.361958	0.071027
56.439026	0.098922
56.695534	0.063554
56.841759	0.029517
57.017010	-0.263922
57.153976	-0.172536
57.191299	-0.394136
57.234898	-0.096354
57.271805	0.259711
57.513752	-0.233906
57.766605	0.285950
57.820534	0.264090
57.827053	-0.395900
57.945202	0.096287
58.218159	-0.278480
58.366478	0.118534
58.630814	-0.313561
58.645611	0.049618
58.698208	0.424997
58.728554	0.039441
58.813324	-0.100098
59.059380	0.305601
59.162914	-0.039989
59.409763	0.097311
59.561859	0.217057
59.580444	-0.079052
59.683784	-0.208132
59.841915	0.262377
59.937176	0.059293
60.044868	0.128270
60.308189	0.029348
60.512897	0.026457
60.609127	-0.245815
60.758961	-0.355716
60.809536	0.031413
60.814713	0.058681
60.850582	-0.131334
61.029510	-0.253345
61.369999	0.264753
61.429367	0.283899
61.444366	-0.381894
61.576233	0.130168
61.843632	-0.277255
61.959866	0.101274
62.256912	-0.318070
62.261665	0.047855
62.315372	0.386911
62.330601	0.069430
62.473408	-0.133286
62.688030	0.308510
62.757481	-0.061790
63.087795	0.133001
63.131268	-0.059331
63.166317	0.225892
63.282681	-0.225831
63.438454	0.245048
63.515255	0.044167
63.650646	0.087737
63.900337	0.054664
64.149063	0.016007
64.177460	-0.229936
64.342766	-0.439746
64.389404	0.278368
64.406006	-0.062832
64.462540	-0.091266
64.605385	-0.318895
64.938965	0.239869
65.040062	0.307838
65.067841	-0.371454
65.204773	0.090699
65.469337	-0.297885
65.562874	0.116696
65.868988	0.054832
65.883186	-0.282112
65.930405	0.040474
65.942024	0.368203
66.130577	-0.094926
66.318352	0.265428
66.347931	-0.032029
66.707802	-0.069717
66.759674	0.097903
66.776459	0.190449
66.896843	-0.183998
67.031662	0.267341
67.099373	0.048360
67.256271	0.121711
67.478836	0.038423
67.730194	-0.244235
67.756935	0.005656
67.912994	-0.350299
67.965919	-0.104650
68.007805	0.248668
68.069351	-0.119136
68.256546	-0.274504
68.489471	0.263235
68.647690	0.280314
68.692978	-0.389389
68.825386	0.122135
69.089058	-0.267112
69.174469	0.093275
69.467964	0.047403
69.505295	-0.298324
69.532585	0.061192
69.567703	0.390034
69.775513	-0.124371
69.937546	-0.043682
69.947083	0.275493
70.313744	-0.058081
70.391380	0.216898
70.411026	0.124795
70.521133	-0.206173
70.623596	0.229309
70.692680	0.041507
70.861755	0.085439
71.053329	0.063485
71.284210	-0.223633
71.333374	0.010161
71.466843	-0.252276
71.545464	-0.230748
71.650436	0.251714
71.671509	-0.093826
71.938522	-0.256818
72.036598	0.225056
72.248322	0.268323
72.316185	-0.357835
72.434647	0.090150
72.699669	-0.262087
72.792992	0.111757
73.059006	0.046943
73.120255	-0.297533
73.133293	0.041590
73.191864	0.363964
73.396057	-0.091745
73.529411	-0.055018
73.565018	0.297766
73.949203	-0.074907
74.008331	0.186895
74.033585	0.097279
74.149376	-0.178228
74.215416	0.231412
74.297310	0.055516
74.467987	0.109126
74.638512	0.056851
74.844963	-0.228614
74.890289	0.009022
75.036057	-0.218652
75.131638	-0.273449
75.270416	-0.102191
75.309998	0.249387
75.584900	0.200003
75.640228	-0.226260
75.842117	0.266510
75.936096	-0.337175
76.036446	0.104528
76.299484	-0.253370
76.416702	0.102155
76.645912	0.043089
76.726944	-0.261481
76.734421	0.054804
76.813423	0.336832
76.997108	-0.103956
77.129921	-0.061186
77.173264	0.261865
77.608238	-0.081253
77.624184	0.185543
77.630157	0.099714
77.776863	-0.166114
77.811218	0.238328
77.912865	0.064043
78.073463	0.089795
78.233948	0.061647
78.414894	-0.159641
78.435448	-0.070684
78.625465	-0.219994
78.725914	-0.267675
78.867828	-0.099909
78.975883	0.240768
79.156563	0.249751
79.331192	-0.251477
79.427391	0.247420
79.550438	-0.360035
79.6301