1.057945	-0.000001
1.058537	0.000000
3.467062	0.000000
3.467951	-0.000001
4.600912	0.000003
4.601639	-0.000003
5.575844	-0.000001
5.576571	-0.000005
6.538003	0.000012
6.538160	0.000101
6.961411	-0.000017
6.962958	0.000013
7.375184	0.000019
7.375643	-0.000015
8.176397	0.000487
8.177547	-0.000420
8.378505	0.002585
8.379487	-0.002901
8.850550	0.001254
8.851452	-0.001146
8.973884	-0.024458
8.973991	0.024368
9.720345	-0.001587
9.728149	0.001692
9.926962	0.011140
9.927254	-0.011181
10.011079	-0.000167
10.020385	0.000320
10.471100	-0.000170
10.483173	0.000144
10.505531	0.000876
10.506007	-0.000540
10.816762	0.000260
10.841849	-0.000375
10.963120	0.000577
10.968117	0.000735
11.172613	-0.000622
11.221797	0.000891
11.224870	-0.000018
11.291148	-0.000532
11.302179	-0.000498
11.348259	-0.000408
11.460820	0.000011
11.552874	0.000047
11.793383	0.000122
11.800685	-0.000140
11.816556	-0.000001
11.835840	0.000168
11.905068	0.000143
12.040749	0.000176
12.154409	0.000065
12.231942	0.000164
12.304475	0.000375
12.314554	0.000004
12.404375	0.000046
12.460789	0.000252
12.533682	-0.000050
12.556614	-0.000261
12.629701	-0.000107
12.697948	-0.000067
12.743215	-0.000367
12.789555	0.000314
12.853308	-0.000115
12.944611	-0.000366
13.007426	0.000386
13.157651	0.000006
13.342989	-0.000501
13.368402	-0.000018
13.428092	0.000154
13.470752	0.000413
13.637389	0.000744
13.788014	-0.000092
13.855253	0.000227
13.872197	-0.001089
13.874339	0.000194
13.950302	-0.000264
13.972425	-0.000761
14.091994	-0.000373
14.134620	0.000264
14.153889	0.000226
14.243808	0.000071
14.244385	-0.000171
14.400318	-0.000565
14.507222	0.000106
14.577673	-0.000170
14.673173	-0.000051
14.821461	0.000220
14.888429	0.000036
14.907906	-0.000049
15.011658	-0.000228
15.022327	0.000245
15.031075	0.000092
15.114887	0.000308
15.122519	-0.000480
15.180019	0.000040
15.196799	-0.000361
15.247541	-0.000106
15.320810	-0.000038
15.437552	-0.000012
15.447601	-0.000222
15.481431	0.000156
15.545736	0.000102
15.554978	-0.000182
15.672154	-0.000006
15.714445	-0.000076
15.736933	-0.000095
15.805897	-0.000281
15.925864	-0.000028
15.971504	0.000277
16.048891	-0.000067
16.098078	-0.000242
16.102003	-0.000109
16.185081	0.000122
16.260519	-0.000053
16.296993	0.000235
16.338247	0.000521
16.392519	0.000147
16.500328	0.000289
16.527182	-0.000086
16.542320	0.000111
16.605106	-0.000102
16.623543	-0.000008
16.666000	-0.000141
16.738377	0.000055
16.749100	-0.000116
16.910999	0.000383
17.039398	-0.000307
17.078074	0.000116
17.121035	-0.000070
17.192474	0.000114
17.296001	-0.000406
17.357018	-0.000117
17.475267	-0.000248
17.539068	0.000055
17.563457	0.000149
17.601698	0.000071
17.646317	-0.000096
17.662432	0.000068
17.681597	-0.000104
17.796709	0.000218
17.827915	-0.000141
17.877901	-0.000219
17.917280	-0.000061
17.941435	-0.000350
17.967131	0.000464
18.198332	-0.000010
18.216593	0.000013
18.286129	0.000038
18.360712	-0.000439
18.413380	0.000151
18.451559	-0.000289
18.576792	0.000007
18.615084	0.000239
18.665434	-0.000621
18.738710	0.000081
18.759789	-0.000020
18.842287	-0.000129
18.851082	0.000107
18.959471	-0.000340
19.049623	0.000200
19.104626	0.000209
19.123428	-0.000468
19.134068	0.000112
19.147390	-0.000319
19.162575	0.000316
19.246082	-0.000129
19.254915	-0.000061
19.315660	0.000060
19.368156	0.000467
19.398407	-0.000135
19.441858	0.000886
19.482306	0.000114
19.499580	0.000036
19.628553	0.000036
19.780142	0.000152
19.817820	-0.000342
19.870466	0.001044
19.916126	-0.000108
19.995396	0.000269
20.009911	-0.000072
20.066746	-0.000168
20.073723	0.000215
20.143921	0.000121
20.220341	0.000069
20.241632	-0.000200
20.253698	-0.000018
20.267307	0.000060
20.326553	-0.000060
20.368130	0.000049
20.414915	-0.000013
20.457878	-0.000059
20.545204	0.000109
20.660780	0.000075
20.792490	0.000036
20.825848	-0.000040
20.915613	-0.000083
20.944746	-0.000080
20.965067	-0.000182
21.016975	0.000060
21.059513	0.000118
21.194664	-0.000081
21.218832	0.000044
21.248535	-0.000120
21.327999	0.000043
21.338747	0.000057
21.385485	-0.000091
21.485508	0.000451
21.581347	-0.000183
21.597746	-0.000040
21.649734	-0.000160
21.666168	0.000212
21.692760	0.000080
21.765781	0.000103
21.886646	-0.000010
21.888742	0.000052
21.952784	-0.000075
22.067122	0.000227
22.102867	0.000005
22.264126	0.000103
22.337675	-0.000209
22.366756	0.000156
22.393295	0.000029
22.395821	-0.000078
22.522165	-0.000305
22.527561	-0.000056
22.549583	0.000714
22.698692	0.000008
22.738911	0.000307
22.749207	-0.000643
22.811575	0.000066
22.888075	0.000123
22.900970	0.000304
22.931204	-0.000135
22.938250	0.000028
22.994545	-0.000079
23.067814	0.000268
23.081333	0.000258
23.112484	0.000267
23.170668	-0.000068
23.216698	0.000213
23.273199	-0.000242
23.288290	0.000076
23.471027	-0.000162
23.473131	0.000353
23.563412	-0.000064
23.643513	0.000238
23.671724	-0.000284
23.696594	0.000120
23.790703	-0.000093
23.806501	-0.000083
23.831394	-0.000165
23.893473	-0.000055
23.954628	-0.000181
24.014217	-0.000046
24.055883	0.000158
24.100435	-0.000233
24.164454	0.000105
24.227825	0.000017
24.261286	-0.000131
24.320026	-0.000025
24.388975	-0.000290
24.439180	0.000164
24.534912	0.000014
24.566994	0.000046
24.691591	-0.000126
24.729027	0.000069
24.802000	0.000062
24.864651	-0.000014
24.878288	-0.000592
24.908508	0.000085
24.965649	-0.000018
25.008711	0.000153
25.064425	0.000028
25.124018	0.000309
25.144779	-0.000119
25.159658	0.000129
25.249105	-0.000242
25.308466	0.000370
25.348488	-0.000159
25.469656	-0.000067
25.539679	-0.000004
25.554693	0.000032
25.597958	0.000096
25.709661	-0.000357
25.763651	0.000096
25.833567	-0.000372
25.914146	-0.000060
25.963150	-0.000127
25.990469	-0.000027
26.125456	0.000329
26.164324	-0.000024
26.206762	-0.000230
26.209557	0.000191
26.341866	-0.000119
26.363962	-0.000397
26.384678	-0.000947
26.473524	-0.000267
26.489666	-0.000006
26.513037	0.000068
26.574614	0.000811
26.629553	0.000429
26.649069	0.000688
26.698122	0.000145
26.813692	0.000004
26.834286	-0.000011
26.853205	-0.000556
26.877676	0.000016
26.912210	0.000455
27.075863	-0.000048
27.082184	-0.000528
27.174656	-0.000112
27.251122	0.000172
27.266764	0.000016
27.320173	-0.000083
27.350367	-0.000177
27.395748	-0.000154
27.523151	0.000092
27.538435	0.000447
27.590174	0.000197
27.694450	0.000169
27.698048	0.000084
27.761866	0.000114
27.782717	0.000041
27.886019	0.000204
27.918087	-0.000051
27.935631	-0.000159
28.007370	-0.000193
28.019516	0.000165
28.106176	0.000624
28.143023	-0.000157
28.198664	0.000045
28.396748	0.000096
28.416580	-0.000061
28.502495	-0.001480
28.508352	0.001816
28.541071	0.000199
28.575077	-0.000007
28.588940	0.000042
28.687016	0.000098
28.709234	-0.000490
28.732153	-0.000422
28.747149	0.000229
28.848717	0.000007
28.942940	-0.000065
29.017653	-0.000297
29.031475	-0.000457
29.032547	0.000405
29.203928	-0.001049
29.204857	0.001224
29.212095	0.000058
29.262058	0.000362
29.413626	-0.000031
29.486519	-0.000081
29.581314	0.000027
29.584217	-0.000053
29.634855	0.000048
29.748661	-0.000106
29.819096	-0.000305
29.858425	-0.000119
29.883841	0.000089
29.943003	-0.000107
30.030149	-0.000029
30.056557	-0.000030
30.085545	-0.000232
30.118404	0.000155
30.187700	-0.000354
30.272600	0.000129
30.330038	0.000031
30.349495	0.000086
30.456778	-0.000005
30.484293	-0.000432
30.489046	0.000063
30.521053	-0.000028
30.539602	-0.000414
30.606224	0.000011
30.667015	-0.000405
30.731327	0.000630
30.831232	0.000076
30.853149	0.000000
30.968431	-0.000216
31.017456	0.000025
31.052750	0.003729
31.053097	-0.003764
31.125074	0.000201
31.248720	-0.000253
31.311716	0.000386
31.319246	-0.000608
31.372335	-0.000102
31.438629	0.000065
31.481611	-0.000067
31.500870	0.000173
31.512152	0.000213
31.652884	-0.000035
31.673044	-0.000188
31.696543	0.000096
31.746243	-0.000303
31.773125	-0.000240
31.978102	-0.000091
32.035336	0.000303
32.062038	-0.000007
32.096325	0.000025
32.145828	0.000697
32.147636	-0.001277
32.234509	-0.000048
32.318188	-0.000021
32.349464	0.000276
32.360661	-0.000378
32.439484	0.001403
32.443855	-0.001269
32.570942	-0.000142
32.575848	0.000164
32.611828	0.000051
32.709579	0.000081
32.736328	-0.000030
32.742767	0.000123
32.828762	-0.000033
32.856239	-0.000067
33.043346	-0.000036
33.061199	0.000108
33.154724	-0.000002
33.220882	0.000006
33.274353	0.000067
33.295704	-0.000587
33.393234	0.000012
33.445736	-0.000014
33.500401	-0.000005
33.533348	0.000086
33.666805	-0.000241
33.672794	-0.000268
33.684566	-0.000062
33.738331	-0.000043
33.844860	0.000160
33.884583	0.000028
33.932644	0.000581
33.967422	-0.000088
34.008923	0.000060
34.062435	0.000045
34.133507	-0.000004
34.175434	0.000339
34.179832	0.000206
34.213955	-0.000301
34.246567	0.000439
34.323635	0.000277
34.399273	-0.000014
34.468918	-0.000023
34.474979	0.000107
34.628036	0.000083
34.678093	-0.000781
34.684193	0.000440
34.700077	0.000222
34.868641	-0.000152
34.909187	-0.000084
34.927120	0.000099
35.025513	0.000098
35.030651	-0.000047
35.067482	0.000002
35.092194	-0.000066
35.117607	0.000005
35.171871	-0.000165
35.304241	0.000051
35.315582	0.000018
35.386639	0.000001
35.428246	0.000009
35.479652	0.000045
35.585720	-0.000396
35.683731	0.000554
35.689732	-0.000414
35.707264	0.000035
35.769321	0.000040
35.888809	0.000184
35.930103	-0.000138
36.019596	-0.036194
36.020077	0.035980
36.038780	-0.000048
36.123646	-0.000187
36.173885	-0.000697
36.174797	0.000971
36.228165	0.000143
36.267467	0.000043
36.394363	-0.000138
36.421570	0.000268
36.452271	-0.000048
36.483105	-0.000125
36.652832	0.000017
36.663403	-0.000045
36.747231	0.000715
36.763275	-0.000117
36.876740	-0.000035
36.912312	-0.000029
37.044418	-0.000265
37.065765	-0.000008
37.124947	-0.000065
37.136036	0.000133
37.272503	0.000064
37.282562	0.000062
37.314598	0.000532
37.339539	0.000175
37.361824	-0.000091
37.498714	-0.000012
37.579033	0.000443
37.589142	-0.001093
37.637287	-0.000378
37.656868	0.000271
37.765114	0.002803
37.767776	-0.003144
37.785591	0.000113
37.808048	0.000157
37.821991	-0.000089
37.898201	-0.000063
37.965149	-0.000043
37.987904	-0.000106
38.084221	-0.000074
38.208549	0.000062
38.275211	-0.000153
38.314018	0.000217
38.339462	-0.000063
38.379841	-0.000046
38.506428	0.000117
38.537849	0.000076
38.619492	0.000229
38.640728	-0.000375
38.665413	-0.000197
38.698364	-0.000064
38.732628	-0.000007
38.784939	0.000190
38.884804	-0.000204
38.916805	0.000080
38.921795	-0.000056
38.988186	-0.000117
39.050030	0.000034
39.164753	-0.000106
39.286137	-0.000266
39.300694	0.000266
39.362766	-0.000251
39.401161	0.000209
39.531631	-0.000135
39.562469	0.000151
39.653030	0.000892
39.663979	0.000013
39.672428	-0.000607
39.708546	0.000137
39.780453	-0.000525
39.800003	0.000358
39.871838	-0.000110
39.894958	0.000194
40.040680	0.000012
40.059208	-0.000055
40.077332	-0.000018
40.130066	-0.000085
40.244759	0.000103
40.249344	-0.000034
40.283302	-0.000010
40.398605	0.000011
40.509262	-0.000105
40.542904	0.000018
40.685200	0.000010
40.691490	0.000210
40.738037	-0.000073
40.763603	0.000082
40.829411	-0.000023
40.894852	-0.000173
40.925858	-0.000096
40.941906	0.000115
40.980183	0.000036
41.119930	0.000159
41.201889	-0.000172
41.222542	0.000016
41.253914	-0.001572
41.259480	0.001780
41.274998	0.000597
41.324371	-0.000362
41.351437	0.000107
41.387985	0.000056
41.456760	0.000411
41.509956	-0.000083
41.577126	-0.000361
41.586605	-0.000036
41.692848	0.000059
41.762615	0.000013
41.796314	-0.000758
41.875278	-0.000023
41.986271	0.000139
41.989033	-0.000150
42.107224	-0.000066
42.159546	-0.000052
42.226742	-0.000088
42.250847	0.000282
42.277431	-0.000541
42.297123	0.000219
42.306267	0.000410
42.341682	-0.000276
42.408039	0.000035
42.490883	0.000012
42.510406	0.000066
42.574757	0.000298
42.615864	0.000003
42.803490	0.000025
42.878178	-0.000153
42.944878	-0.000060
43.029713	-0.000066
43.031872	-0.000017
43.156929	-0.000038
43.177959	0.000111
43.270958	0.000897
43.277191	-0.001117
43.300667	-0.000121
43.305992	-0.000042
43.390640	-0.000135
43.426048	0.000127
43.508839	0.000124
43.531517	-0.000106
43.665268	-0.000023
43.673512	-0.000143
43.702496	0.000240
43.745819	-0.000022
43.837440	0.001703
43.839893	-0.001595
43.895493	0.000021
44.038300	0.000031
44.134453	0.000005
44.156765	-0.000046
44.241199	-0.000398
44.314529	-0.000064
44.381470	-0.000025
44.403072	0.000002
44.469646	0.000084
44.505180	0.000358
44.536022	0.000053
44.569519	0.000074
44.591415	-0.000004
44.738274	0.000068
44.792652	-0.000160
44.800018	-0.000243
44.819691	-0.000708
44.824642	0.000950
44.859951	-0.000455
44.916920	-0.002587
44.922256	0.002818
44.983742	-0.000011
45.117867	0.000005
45.140064	-0.000024
45.193481	-0.000027
45.219067	0.000281
45.294579	0.000477
45.304886	0.000374
45.339088	0.000001
45.468300	-0.000055
45.619896	-0.000111
45.620552	0.000173
45.708000	0.000132
45.711422	0.000076
45.786713	-0.000138
45.841423	0.000128
45.879177	0.000019
45.885502	0.000042
45.885941	0.000049
45.958084	0.000006
46.015381	-0.000086
46.050152	-0.000227
46.090405	-0.000015
46.174683	0.001061
46.180504	-0.001086
46.437241	-0.000028
46.476555	0.000004
46.598461	-0.000034
46.654015	0.000045
46.693226	-0.000039
46.768993	0.000656
46.783142	-0.000636
46.858841	-0.000077
46.889118	0.000256
46.918114	-0.003881
46.922379	0.003947
46.986027	-0.000230
47.019230	0.000693
47.114262	-0.000125
47.188484	0.000209
47.270405	-0.000071
47.303673	-0.000118
47.322895	-0.000105
47.336193	0.000153
47.461357	0.000188
47.470947	-0.000105
47.507763	0.000066
47.667767	0.000042
47.711395	0.000116
47.759396	-0.000009
47.829197	-0.000111
47.927109	0.000046
47.991955	-0.000086
48.071350	0.002556
48.075211	-0.002844
48.142063	0.000103
48.147453	-0.000165
48.192265	-0.000228
48.197514	0.000256
48.328457	0.001619
48.333271	-0.001257
48.362213	-0.000161
48.381744	-0.000012
48.389381	-0.000147
48.435699	-0.000064
48.565914	-0.000973
48.566227	0.001013
48.585739	-0.000058
48.761757	-0.000476
48.777119	0.000471
48.809486	0.000122
48.861862	-0.000152
48.873119	-0.000044
48.916847	0.000041
48.952583	0.000041
49.064365	-0.000031
49.236713	0.000792
49.239510	-0.001172
49.241402	0.000388
49.309013	0.000037
49.364365	-0.000130
49.404804	0.000115
49.469677	0.000546
49.470230	-0.000583
49.484211	-0.000142
49.567383	-0.000070
49.640926	-0.001394
49.645992	0.001701
49.680511	-0.000052
49.742893	0.000058
49.799866	0.000147
50.018677	-0.000033
50.112541	0.000001
50.245239	-0.000137
50.274792	0.000076
50.334576	-0.000087
50.374004	-0.000364
50.387985	0.000595
50.443539	-0.000141
50.495770	0.000022
50.504608	-0.000743
50.506248	0.000775
50.586407	-0.001090
50.600235	0.000570
50.736645	-0.000063
50.834133	-0.000097
50.879322	0.000134
50.924286	0.000699
50.933125	-0.003641
50.937435	0.003254
51.100842	-0.000168
51.120785	0.000475
51.128849	-0.000451
51.280216	-0.000537
51.293365	0.000477
51.361042	-0.000072
51.410461	-0.000023
51.530117	-0.000122
51.592022	0.000145
51.635059	0.000106
51.662991	-0.000076
51.747246	0.000027
51.781475	-0.000019
51.828056	0.000058
51.849274	0.000077
51.860851	-0.000045
51.893753	-0.000090
51.928982	0.000113
51.947124	-0.000068
52.028786	-0.000325
52.035244	0.000469
52.190701	0.000027
52.211716	-0.002182
52.215424	0.002154
52.371590	-0.000004
52.390835	-0.000029
52.447220	0.000099
52.463844	-0.000210
52.529587	0.000051
52.550022	0.000070
52.610909	-0.000300
52.668922	-0.000058
52.831043	-0.000767
52.838043	0.000753
52.860126	0.000069
52.898411	0.000123
52.929352	0.000189
52.956821	-0.000075
53.043625	0.000453
53.050404	-0.000445
53.068775	0.000031
53.155579	-0.000083
53.280960	-0.000463
53.284447	-0.000089
53.300686	0.000082
53.317768	0.000110
53.428722	-0.000077
53.596664	0.000045
53.737915	-0.000036
53.875130	0.000331
53.888000	-0.000279
53.953728	0.000151
53.970741	-0.000223
53.991772	0.000002
54.031498	0.000027
54.060345	-0.002955
54.061085	0.002853
54.110428	-0.000046
54.153313	0.000338
54.229321	-0.000090
54.363503	0.000143
54.471672	0.000002
54.488422	-0.000038
54.538952	-0.002584
54.539967	0.002540
54.556019	-0.000040
54.711540	0.000066
54.749771	-0.000065
54.792767	-0.000030
54.867554	0.000124
54.917664	-0.000049
54.968452	0.000031
54.970654	-0.000037
55.121838	0.000098
55.155289	-0.000054
55.176720	0.000071
55.220631	-0.000233
55.350853	-0.000089
55.371613	0.000077
55.396877	0.000164
55.439278	-0.000016
55.450729	0.000053
55.505161	0.000093
55.542458	-0.000036
55.601799	0.000134
55.628479	-0.000083
55.691654	-0.000067
55.800976	-0.000063
55.853416	0.023999
55.854774	-0.023923
55.973732	-0.000168
55.984577	0.000176
56.066990	-0.000270
56.073898	0.000255
56.161484	0.000023
56.196587	-0.000043
56.260807	0.000084
56.318256	0.000282
56.404270	-0.003068
56.410515	0.003023
56.483681	0.000036
56.495911	-0.000227
56.522915	0.000085
56.572445	0.000007
56.614182	-0.000773
56.626152	0.000797
56.661503	-0.000021
56.747417	0.000020
56.887867	0.000420
56.896942	-0.000433
56.933117	0.000290
56.979042	-0.000048
57.057674	-0.000220
57.182240	-0.000005
57.353199	0.000016
57.486946	0.001433
57.489872	-0.001444
57.542576	0.000208
57.548946	-0.000028
57.585014	-0.000151
57.598598	-0.000128
57.621521	0.000373
57.637619	-0.000305
57.734234	0.012842
57.734615	-0.012891
57.876202	0.000031
57.979927	-0.000065
58.100681	0.002440
58.106594	-0.002610
58.156151	-0.005941
58.158321	0.006047
58.176281	-0.000063
58.305157	0.000100
58.346180	-0.000061
58.447514	0.000045
58.479855	-0.000037
58.526348	-0.000101
58.558643	0.000041
58.580814	-0.000031
58.641552	-0.000209
58.713375	0.000502
58.744175	-0.000477
58.774437	0.000176
58.956234	-0.000026
58.970123	-0.000037
58.974262	-0.000282
59.028801	-0.000002
59.041710	0.000142
59.088902	0.000054
59.174572	-0.000007
59.234993	-0.000074
59.293453	-0.000058
59.371475	-0.000328
59.418182	0.000431
59.485821	-0.024904
59.488537	0.025031
59.567978	0.000301
59.570683	-0.000329
59.689167	-0.000010
59.691910	-0.000102
59.789223	-0.000011
59.809761	0.000171
59.862934	-0.000131
59.924126	-0.000134
59.981289	0.000160
60.056744	-0.000023
60.061619	0.000132
60.087257	-0.000340
60.122562	0.000095
60.176338	0.000012
60.194229	-0.000077
60.254082	-0.000021
60.317688	-0.000012
60.347363	0.000022
60.480404	-0.000011
60.495190	0.000041
60.582134	0.001018
60.668339	-0.000348
60.690414	0.000443
60.773975	-0.000320
60.957485	0.000046
61.067780	-0.000189
61.090809	0.000109
61.102390	0.000214
61.119793	-0.000150
61.140842	-0.000229
61.166588	-0.000027
61.202431	-0.000120
61.238434	0.000317
61.326855	0.000079
61.368427	-0.000040
61.524242	-0.000164
61.587624	0.000418
61.730473	-0.001928
61.731346	0.002085
61.780823	0.003503
61.783241	-0.003690
61.800541	-0.000004
61.874680	0.000079
61.944767	-0.000000
62.037945	0.000168
62.077152	-0.000012
62.120678	-0.000028
62.134136	0.000011
62.192440	0.000024
62.218445	0.000018
62.287415	0.000197
62.306488	-0.000162
62.346855	0.000332
62.560467	0.000029
62.568958	0.000482
62.572273	-0.000313
62.625469	-0.001753
62.627914	0.001567
62.680901	-0.000048
62.795170	-0.000009
62.860580	-0.000036
62.961628	-0.000009
63.032574	0.000086
63.063309	0.000014
63.112629	-0.003881
63.116043	0.003488
63.153084	-0.000053
63.160938	0.000059
63.285469	0.000183
63.327366	-0.000078
63.374336	-0.000129
63.417339	0.000225
63.440216	-0.000163
63.504547	-0.000034
63.595123	0.000015
63.634956	-0.000187
63.646004	0.000162
63.731056	0.000117
63.749847	-0.000220
63.759727	-0.000014
63.794781	0.000126
63.858398	0.000126
63.947994	0.000073
64.058228	-0.000026
64.062447	0.000125
64.102196	-0.000121
64.229820	-0.000434
64.317574	0.000080
64.365158	-0.000227
64.373192	0.000135
64.554863	0.000082
64.626762	0.000070
64.637054	-0.000409
64.675392	0.000359
64.698334	0.000134
64.719673	-0.000108
64.745155	-0.000021
64.791603	-0.000037
64.832672	0.000008
64.929901	0.000013
65.000458	-0.000016
65.169724	0.000118
65.200203	-0.000486
65.356537	-0.000528
65.359497	0.000545
65.398697	-0.001059
65.407059	0.001266
65.423943	-0.000015
65.438202	-0.000117
65.550034	-0.000101
65.564240	-0.000094
65.627045	0.000366
65.693314	0.000027
65.733696	0.000025
65.810341	0.000042
65.851387	0.000079
65.877625	0.003439
65.877686	-0.003527
65.936493	-0.000413
66.166443	-0.000078
66.174232	-0.000160
66.182175	0.000038
66.219505	0.000014
66.233429	0.000196
66.276054	0.000019
66.402771	-0.000044
66.493584	-0.000080
66.612953	0.000047
66.657127	-0.000234
66.726921	-0.029421
66.733276	0.002773
66.736473	0.026569
66.746765	-0.000729
66.752571	0.000102
66.855370	-0.000507
66.890495	0.000425
67.008163	0.000034
67.026344	-0.000083
67.050064	0.000031
67.108208	0.000021
67.197815	0.000243
67.217278	-0.000284
67.247810	0.000042
67.290001	-0.000088
67.325539	0.000084
67.383110	0.000315
67.466194	-0.000377
67.501945	0.000196
67.559586	0.000051
67.646797	-0.000024
67.707588	-0.000041
67.790237	0.000041
67.871971	-0.000271
67.947563	-0.000423
67.977386	0.000430
68.066238	0.000192
68.132202	-0.000006
68.176292	0.000309
68.184319	-0.000554
68.247421	0.000066
68.302170	0.000380
68.314392	-0.000757
68.325531	0.000350
68.384972	-0.000487
68.421432	0.000575
68.531242	0.000137
68.628113	-0.000025
68.812851	0.000364
68.814331	-0.000351
68.972321	0.001293
68.983185	-0.012623
68.984344	0.011422
69.034714	-0.002502
69.037346	0.002339
69.050613	0.000009
69.084312	0.000574
69.129395	-0.000817
69.160095	-0.000001
69.303642	0.000028
69.332268	0.000066
69.414116	0.000001
69.434372	-0.000201
69.445915	0.000177
69.528221	-0.000101
69.535461	0.000148
69.781578	0.000040
69.787613	-0.000318
69.801186	-0.000070
69.818222	0.000101
69.853294	0.000116
69.877159	0.000005
70.012283	0.000174
70.119080	0.000056
70.249413	0.000046
70.292778	0.000051
70.311768	-0.000181
70.326523	-0.000683
70.337425	0.000647
70.339981	0.000167
70.394447	-0.000168
70.422256	0.000989
70.436516	0.000342
70.636002	-0.000082
70.660400	-0.000014
70.692894	0.000401
70.715332	-0.000052
70.776405	0.000374
70.787994	-0.000536
70.850464	0.000119
70.882523	0.000090
70.892105	-0.000027
71.017662	-0.000159
71.075508	0.000001
71.139557	0.000001
71.229813	-0.000072
71.233650	-0.000114
71.312119	0.000021
71.500298	-0.000259
71.506310	0.000388
71.573685	0.000187
71.582108	-0.000167
71.690498	0.000082
71.714851	-0.000664
71.731873	0.000489
71.766266	-0.000135
71.854462	-0.000086
71.900627	0.000061
71.910347	0.001735
71.914627	-0.001794
71.980743	0.000188
72.010895	-0.000146
72.127487	-0.000059
72.249107	-0.000034
72.427948	0.000393
72.448395	-0.000435
72.538544	-0.000014
72.592079	0.000356
72.603966	-0.000987
72.624397	0.000908
72.644135	-0.000213
72.662689	-0.008610
72.664986	0.008574
72.677513	-0.000132
72.770821	0.000189
72.908829	0.000101
72.922699	-0.000240
72.980476	-0.000721
73.011261	0.000801
73.056076	-0.000020
73.136810	-0.000010
73.168190	-0.000026
73.394966	-0.000030
73.419685	0.000187
73.426086	-0.000358
73.435936	-0.000225
73.479973	0.000249
73.483742	0.000007
73.624115	0.000014
73.736275	0.000143
73.873596	0.000215
73.889397	-0.000670
73.889961	0.000078
73.920265	0.001052
73.931442	-0.000392
73.937302	0.000056
73.974411	0.006284
73.982460	-0.006514
74.088242	-0.000215
74.255707	-0.000031
74.290634	-0.000079
74.317047	-0.000060
74.351822	0.000935
74.358147	-0.001380
74.366600	0.000250
74.416420	0.000162
74.455330	-0.000022
74.515190	0.000105
74.648674	-0.000164
74.686172	0.000190
74.745865	-0.000101
74.812302	0.000038
74.912521	-0.000016
74.920815	0.000001
75.133400	-0.000312
75.182388	-0.000090
75.188766	0.000124
75.203217	0.000086
75.250435	0.000018
75.271118	0.000238
75.285889	0.000046
75.456543	-0.000236
75.478592	0.000318
75.480026	0.000081
75.515427	-0.000543
75.516228	0.000587
75.583939	-0.001024
75.603195	0.000851
75.716438	-0.000081
75.862701	0.000090
76.036217	0.000295
76.077843	0.000259
76.101738	0.000079
76.141594	0.000756
76.164917	-0.000928
76.228401	0.000727
76.229774	-0.000713
76.289337	-0.002048
76.295097	0.002034
76.304703	-0.000020
76.382774	0.000011
76.510178	0.000261
76.511826	0.000020
76.548546	-0.000015
76.577370	-0.000316
76.681274	-0.000032
76.736061	-0.000003
76.798073	0.000005
77.008980	-0.000033
77.041733	0.000108
77.046974	-0.000026
77.079079	-0.000263
77.096100	0.000117
77.123146	0.000271
77.236748	0.000001
77.351723	-0.000636
77.437164	-0.000237
77.465347	-0.000042
77.470322	0.000115
77.500214	-0.000107
77.530449	-0.000060
77.562630	-0.000069
77.571228	0.004001
77.572594	-0.003906
77.735268	0.000087
77.878532	-0.000020
77.906639	-0.000741
77.912140	0.000722
77.950562	0.005481
77.953911	-0.005349
77.996078	-0.000061
78.016670	-0.000041
78.021095	0.000045
78.138191	-0.000065
78.275024	0.000117
78.297752	-0.000031
78.353897	-0.000034
78.399582	0.000025
78.512070	-0.000031
78.597023	0.000014
78.755714	0.000097
78.766830	0.000186
78.814423	0.000051
78.826530	-0.000047
78.834076	-0.000526
78.853439	0.000207
78.874420	-0.000332
79.056404	0.000056
79.105522	-0.000136
79.123779	0.002537
79.124641	-0.002521
79.130157	-0.000028
79.194809	0.000790
79.203056	-0.000577
79.301765	-0.000017
79.468765	0.000116
79.641006	-0.000384
79.668541	-0.000015
79.690155	-0.000873
79.698380	0.000757
79.721344	0.000232
79.840767	0.000223
79.841202	-0.000259
79.924385	0.000927
79.927925	-0.000592
79.930885	-0.000268
79.998863	-0.000005
80.098701	-0.000578
80.106102	0.000823
80.121330	-0.000437
80.142654	0.000197
80.310539	-0.000034
80.336380	-0.001091
80.417458	-0.000049
80.620598	-0.000025
80.656555	0.000163
80.658073	-0.000144
80.716927	0.000021
80.741829	-0.000007
80.770424	0.000202
80.851791	0.000027
80.961876	0.003311
80.983315	-0.004322
81.004837	0.001635
81.051636	-0.000019
81.122780	-0.000265
81.125763	0.000199
81.165497	-0.100400
81.166061	0.099546
81.185715	0.000954
81.371475	0.000476
81.461319	-0.000022
81.516838	0.000109
81.522163	0.000146
81.553322	0.000512
81.558403	-0.000759
81.588547	0.002151
81.589355	-0.002247
81.668694	-0.000009
81.754196	-0.000018
81.893112	-0.000420
81.906067	0.000356
81.956276	0.000138
81.990135	-0.000075
82.110275	0.000043
82.255730	0.000325
82.324402	-0.000373
82.378113	-0.000209
82.401329	0.000121
82.416275	-0.000168
82.441566	0.000860
82.446381	-0.000803
82.527657	0.000155
82.634880	0.000004
82.727356	0.004754
82.735146	0.000297
82.735596	-0.005474
82.770882	-0.000100
82.804695	0.000542
82.820427	-0.000249
82.882668	0.000126
83.074799	-0.000029
83.232338	0.001179
83.242416	-0.001132
83.270493	-0.012677
83.277534	0.012784
83.329468	-0.000129
83.446121	0.002538
83.446808	-0.002570
83.559776	-0.000020
83.560616	-0.004412
83.565926	0.004419
83.615295	0.000047
83.690590	-0.021096
83.690971	0.020629
83.709381	-0.000318
83.711388	0.000709
83.935913	0.000316
83.944847	0.000027
84.030838	0.000149
84.233307	0.000218
84.261559	-0.000020
84.271049	-0.000177
84.346527	-0.000004
84.405418	-0.000086
84.418007	0.000120
84.467751	-0.000039
84.549431	-0.006001
84.551620	0.005821
84.574547	-0.000166
84.635345	-0.000039
84.721413	0.000032
84.748405	-0.000011
84.758156	0.015965
84.761383	-0.015868
84.800735	-0.000000
84.994797	-0.000154
85.025185	0.000044
85.120811	0.000983
85.135429	-0.000862
85.156662	-0.000944
85.164474	-0.000920
85.175529	0.002182
85.193329	-0.000420
85.312073	0.000079
85.360374	-0.000125
85.500977	-0.002594
85.511375	0.002582
85.552406	0.000068
85.595146	-0.000007
85.707047	-0.000058
85.882523	-0.000044
85.893517	0.000082
85.988937	-0.001595
85.990112	0.001710
86.014236	0.000081
86.051277	0.000015
86.066826	-0.000182
86.158913	-0.000093
86.211861	0.000011
86.341713	-0.000896
86.346519	0.005101
86.347191	-0.004516
86.385651	0.000861
86.414513	-0.000511
86.455933	-0.000068
86.464478	-0.000014
86.674881	-0.000002
86.806595	0.000129
86.835373	0.000085
86.863991	0.000147
86.886391	-0.000393
86.945587	0.000030
87.044640	-0.004947
87.047279	0.004982
87.185234	-0.000457
87.193825	-0.015311
87.194130	0.015510
87.231651	0.000139
87.282028	-0.001625
87.285942	0.008455
87.293327	-0.007149
87.297791	0.000355
87.539948	0.001183
87.580978	-0.000016
87.636574	-0.000612
87.849472	-0.000002
87.857162	0.000004
87.883408	0.000022
87.978043	0.000021
88.040924	-0.000681
88.053688	0.000775
88.086021	-0.000016
88.125359	-0.000805
88.146576	0.000593
88.184639	0.000608
88.219872	0.000055
88.319397	0.000042
88.348419	-0.097294
88.349174	0.096713
88.370644	0.000459
88.406738	0.000249
88.586517	-0.000042
88.611992	0.000554
88.720459	0.000348
88.728859	0.000283
88.741989	-0.000608
88.788734	-0.000224
88.797462	0.000194
88.804489	0.000054
88.941391	0.000009
88.959099	-0.000034
89.101067	0.000940
89.114197	-0.001014
89.140472	0.000065
89.208435	0.000037
89.303627	0.000024
89.438835	-0.000059
89.516159	-0.000240
89.591156	0.003086
89.594536	-0.003030
89.623085	-0.000484
89.668747	0.000096
89.691086	-0.000325
89.773827	0.001280
89.788078	0.000012
89.946831	0.003431
89.959602	-0.000896
89.962112	0.000198
89.994865	0.003152
90.023766	-0.007770
90.045540	0.000455
90.082825	0.000375
90.271896	0.000022
90.379135	-0.000151
90.430595	-0.000040
90.479271	-0.000199
90.515335	0.000477
90.563278	-0.000006
90.642815	-0.008866
90.644348	0.008871
90.795975	0.005462
90.803528	-0.005446
90.812370	0.000248
90.847847	-0.000231
90.870461	-0.000002
90.884247	0.000079
90.904129	0.002971
90.908173	-0.003029
91.148155	-0.000600
91.221077	-0.000017
91.237831	0.000083
91.446785	0.000437
91.464828	-0.000001
91.496742	0.000002
91.609924	0.000044
91.631760	0.005868
91.634407	-0.006089
91.703728	-0.000251
91.760963	0.000974
91.793388	0.001769
91.807365	0.000014
91.809097	-0.002403
91.918121	-0.000091
91.937714	0.010174
91.938622	-0.010035
91.987160	-0.000008
92.015060	0.000025
92.150322	0.000062
92.219986	-0.000160
92.299332	-0.000039
92.323463	0.000014
92.349274	0.000004
92.416801	0.000059
92.420303	0.001958
92.421234	-0.002157
92.535110	0.000077
92.574821	-0.000041
92.696884	-0.000378
92.713371	0.000329
92.727951	0.000095
92.827209	-0.000076
92.896416	-0.000031
92.999229	-0.000021
93.125122	0.000025
93.200233	0.001455
93.203407	-0.001332
93.233253	0.000036
93.295723	0.000110
93.315613	0.000481
93.364555	0.000034
93.369560	0.000221
93.550735	0.000136
93.575729	-0.000613
93.576591	0.000505
93.601067	0.000085
93.620453	0.000226
93.647942	-0.000171
93.697716	0.000065
93.866135	-0.000060
93.951424	0.000127
94.029991	-0.000105
94.103828	0.000012
94.161247	-0.000021
94.189941	0.000418
94.237274	-0.003105
94.239799	0.002902
94.385170	0.000642
94.390770	-0.000720
94.435493	0.000367
94.460709	-0.000143
94.467751	0.000459
94.469048	-0.000669
94.542793	-0.000640
94.546494	0.000655
94.757088	-0.000325
94.833969	0.000052
94.862694	0.000016
95.029297	-0.000525
95.082024	-0.000096
95.109795	0.000072
95.200760	0.000855
95.211075	-0.000725
95.241142	0.000007
95.321709	0.000091
95.377289	-0.000009
95.397545	-0.000088
95.461143	0.009167
95.466492	-0.009564
95.518738	0.000066
95.520943	0.854676
95.523895	-0.854319
95.579887	-0.000036
95.638023	-0.000026
95.715523	-0.000035
95.819992	-0.000365
95.873489	0.000017
95.928894	-0.000120
95.957047	0.000343
96.036606	0.000241
96.040878	-0.000054
96.047211	-0.000485
96.115768	0.000112
96.188316	-0.000032
96.291443	-0.000407
96.314140	-0.000918
96.314682	0.001420
96.449432	-0.000293
96.495300	0.000041
96.559731	-0.000121
96.715782	0.000111
96.813568	-0.001394
96.815430	0.001187
96.840569	-0.006241
96.928551	-0.012353
96.940453	0.000127
96.941299	0.017929
96.955475	-0.000347
97.151787	0.000116
97.192596	-0.006117
97.194336	0.007437
97.207794	0.106897
97.208420	-0.104808
97.267815	-0.002430
97.298325	-0.000565
97.461365	0.000038
97.522591	0.000040
97.630241	-0.000011
97.719398	0.000092
97.811684	0.000174
97.820534	0.001537
97.832512	-0.000140
97.847664	-0.001948
97.968208	0.000183
97.971588	-0.000269
98.037048	0.000015
98.056007	0.000011
98.070442	0.000739
98.086861	-0.000733
98.186958	0.005606
98.194229	-0.005598
98.370392	-0.000553
98.428734	0.000038
98.506721	-0.000031
98.606262	0.000094
98.701096	0.000017
98.726814	0.000002
98.769440	-0.000168
98.796371	0.000362
98.871094	0.000017
98.937218	-0.000007
98.984497	0.001467
98.988342	0.000167
99.106720	0.278708
99.108170	-0.281024
99.121338	0.000643
99.128799	-0.004828
99.140335	0.004991
99.160988	0.000012
99.263176	0.000010
99.289017	-0.000031
99.414642	0.000345
99.448364	0.000009
99.537636	-0.000108
99.570930	-0.000005
99.653099	-0.000328
99.661842	0.000108
99.670441	0.000440
99.689651	-0.000065
99.791130	0.000001
99.888161	-0.000301
99.904625	0.000134
99.921188	0.000154
100.075943	0.000159
100.091476	-0.000019
100.124069	0.000074
100.294373	-0.000043
100.425491	-0.000670
100.428703	0.000930
100.446068	0.000138
100.515030	0.000036
100.521164	0.000751
100.563545	0.000897
100.583641	-0.001064
100.755013	0.001455
100.784615	-0.000087
100.809464	-0.000085
100.812187	-0.002147
100.815247	0.000397
100.892380	-0.000012
100.894348	0.000458
101.054222	-0.000027
101.095947	-0.000078
101.233124	-0.000046
101.327301	0.000084
101.416534	-0.005530
101.420509	0.005411
101.481201	0.000012
101.505470	-0.000396
101.549324	0.000257
101.560989	-0.000166
101.615875	0.000023
101.651184	-0.000110
101.690582	-0.000351
101.706688	0.000323
101.834221	0.000880
101.840866	-0.000845
101.987785	0.001161
102.021309	-0.000394
102.151558	0.000022
102.177841	0.000011
102.316376	-0.000171
102.341309	-0.000399
102.345528	-0.002802
102.383400	0.003153
102.497391	-0.000050
102.552780	0.000045
102.580727	0.000070
102.585213	0.000054
102.692635	-0.558664
102.694740	0.558593
102.723213	-0.000053
102.734871	0.000066
102.801735	-0.001559
102.812614	0.001375
102.848251	0.000030
102.909248	0.000024
103.005402	-0.000138
103.024246	-0.000001
103.149086	-0.000020
103.187637	0.000004
103.252098	-0.000125
103.267868	0.000102
103.285576	0.001737
103.289642	-0.001687
103.382286	-0.000164
103.491577	0.000254
103.494850	-0.000241
103.530708	0.000523
103.687065	0.001381
103.688660	-0.001371
103.705788	-0.000621
103.860435	0.000125
104.038292	-0.000179
104.040741	-0.000312
104.051315	-0.030655
104.091576	-0.000037
104.092270	0.029907
104.203079	0.001286
104.223984	-0.000423
104.369881	-0.011592
104.372826	-0.008809
104.404953	0.016224
104.429482	0.000689
104.435455	-0.001329
104.490181	-0.012534
104.521744	0.016590
104.646736	0.000014
104.666946	0.000441
104.838585	-0.000091
104.927246	0.000000
105.007690	-0.008230
105.013107	0.008371
105.131020	0.002297
105.147926	0.002107
105.149765	0.011370
105.173172	-0.016395
105.188736	0.000001
105.248528	0.001014
105.312950	0.000276
105.326286	-0.000254
105.480370	0.000333
105.490295	-0.000321
105.609787	0.000310
105.610939	0.000444
105.745201	0.000005
105.796646	-0.000007
105.919678	0.001132
105.935196	-0.000108
105.962234	0.000022
105.975357	-0.000874
106.120926	0.000072
106.167381	-0.000080
106.176331	-0.000024
106.187614	-0.001207
106.279770	-0.190759
106.282257	0.192843
106.300743	-0.000030
106.327217	-0.000019
106.419968	0.000027
106.469978	-0.000707
106.486710	0.000404
106.545891	0.000052
106.589180	0.000186
106.603195	-0.000028
106.762512	-0.000123
106.806198	0.000244
106.814346	-0.000164
106.880699	0.000392
106.903244	0.000099
106.906403	-0.000394
106.969566	-0.000168
107.084717	-0.000018
107.100746	0.000290
107.146629	-0.000179
107.255959	0.000059
107.284599	-0.000003
107.337608	0.000005
107.418732	-0.000020
107.639191	-0.000310
107.652054	-0.000974
107.654358	0.000504
107.659004	0.000767
107.667015	0.000025
107.843704	0.000678
107.869705	-0.000474
107.955765	0.000115
107.976669	0.003574
107.989174	-0.003821
108.048363	0.000455
108.053551	-0.000447
108.096916	-0.000775
108.151344	-0.000018
108.236496	0.000097
108.238213	-0.000508
108.446053	-0.000041
108.523026	0.000323
108.595772	0.005761
108.610039	-0.005720
108.711937	-0.000315
108.739334	0.000417
108.761513	0.000015
108.810303	-0.000385
108.844025	-0.000284
108.845108	0.000410
108.933868	0.000579
108.944633	-0.000605
109.124290	-0.000991
109.137756	0.001045
109.202011	-0.001022
109.235924	-0.000336
109.310417	-0.000001
109.442177	0.000029
109.499382	0.000216
109.551773	-0.000118
109.570694	0.000156
109.581795	0.000099
109.741837	-0.000491
109.774811	0.000007
109.777321	0.000594
109.784439	-0.000293
109.862053	0.025094
109.865227	-0.001713
109.866875	-0.023268
109.932884	0.000017
109.994339	-0.000007
110.137085	-0.003301
110.156906	0.004340
110.173248	-0.001331
110.181305	0.000037
110.186172	-0.000079
110.370064	0.000023
110.376900	0.000052
110.428391	-0.000050
110.485817	0.000008
110.520935	-0.000711
110.525810	0.000680
110.552490	0.000057
110.678780	-0.000051
110.717155	-0.000201
110.759506	-0.000050
110.826347	-0.000013
110.880653	0.000023
110.963257	0.000092
110.977859	-0.000321
111.225319	0.001064
111.236855	-0.001070
111.242729	-0.000020
111.261658	0.000989
111.267204	-0.000931
111.486145	-0.000555
111.511398	0.000304
111.539406	0.000169
111.547333	-0.000417
111.614914	0.001912
111.665298	-0.000538
111.673271	0.000529
111.711784	-0.005372
111.784897	0.004453
111.810127	0.000099
111.829735	0.000032
112.056747	0.000384
112.115944	0.000183
112.186981	0.003583
112.204216	-0.004038
112.297035	-0.000338
112.324387	0.000029
112.335464	0.000259
112.441040	-0.000301
112.474266	0.014739
112.518921	-0.015308
112.555046	-0.000504
112.563095	0.000454
112.761368	-0.000360
112.785988	0.000007
112.796707	0.000309
112.863770	0.000591
112.874054	0.000067
113.083672	-0.000002
113.084328	0.002494
113.169350	-0.001866
113.172859	0.005228
113.203133	0.000009
113.357857	-0.000003
113.374786	0.000062
113.381744	-0.007039
113.386627	-0.000084
113.421127	-0.000054
113.449791	-0.014237
113.454552	0.014932
113.540207	0.000049
113.570290	-0.000036
113.750664	0.000150
113.762733	0.000006
113.808647	0.000221
113.824936	-0.000193
113.828934	0.000075
113.924149	-0.000157
113.993408	0.000032
114.053574	-0.000076
114.081322	-0.000031
114.134033	0.000135
114.139687	0.000357
114.149429	-0.000510
114.271965	0.000012
114.335854	0.000713
114.375473	-0.000456
114.395714	0.000023
114.479149	-0.000039
114.511986	0.000171
114.611984	0.000034
114.792206	0.001018
114.819122	0.000010
114.826805	-0.000496
114.872093	0.000310
114.882713	-0.000346
115.092888	-0.000053
115.122185	0.000049
115.141724	0.000321
115.158417	-0.000378
115.242386	-0.000176
115.283295	-0.000214
115.291176	0.000235
115.328949	-0.000072
115.380646	-0.000100
115.415359	-0.000022
115.421646	-0.000010
115.668533	-0.000004
115.707039	-0.000116
115.777870	0.000445
115.802620	-0.000139
115.883606	0.000066
115.895256	0.000107
115.928352	-0.000196
116.037277	0.000051
116.135246	-0.000824
116.174637	-0.003660
116.180565	0.003809
116.191650	0.000729
116.364075	-0.000008
116.423393	0.006542
116.425766	-0.006593
116.439400	0.000042
116.495674	-0.000025
116.671867	-0.000086
116.723167	0.000138
116.775719	0.001473
116.785614	-0.000225
116.825966	0.000060
116.966026	0.000630
116.978134	0.000918
116.981186	0.000103
116.983887	0.000182
116.997147	-0.000322
117.034737	-0.018033
117.044693	0.015711
117.147186	-0.000717
117.149712	0.000718
117.328995	-0.000171
117.345222	-0.000006
117.468536	0.004025
117.472374	-0.000808
117.476082	-0.004506
117.494812	0.001614
117.609726	-0.000111
117.673874	-0.000389
117.683441	-0.000079
117.717293	0.000445
117.760887	-0.003090
117.767609	0.003189
117.868225	0.000034
117.956573	-0.000601
117.968941	-0.000001
117.992004	0.000699
118.052849	-0.000192
118.076591	-0.000022
118.252045	0.000201
118.356186	0.001577
118.395363	0.000018
118.418640	-0.002178
118.479362	0.000100
118.500717	-0.000157
118.641266	0.000282
118.722206	-0.000005
118.779747	-0.000348
118.802299	0.000498
118.874878	0.019513
118.900208	0.002063
118.905876	-0.002191
118.948898	-0.020779
118.955658	-0.000994
119.014397	0.000039
119.048645	0.001207
119.283981	-0.000767
119.296410	0.000859
119.371780	0.000780
119.401527	-0.001027
119.459595	-0.000011
119.474480	0.000072
119.523865	-0.000011
119.634918	-0.000081
119.792297	0.003585
119.793053	-0.002354
119.797867	0.002566
119.859085	-0.002964
119.951439	0.000045
119.992180	-0.000010
120.063286	0.000024
120.074425	-0.000047
120.130562	-0.000195
120.263435	-0.002978
120.356461	0.000062
120.378479	0.002599
120.403191	-0.000003
120.448006	-0.000016
120.527367	-0.000165
120.572281	-0.018079
120.588478	-0.002965
120.588669	-0.000842
120.606110	-0.000463
120.624901	0.488274
120.637245	-0.465293
120.731606	0.000209
120.755707	-0.000232
120.906120	0.001105
120.930618	-0.000001
121.019157	0.000084
121.113380	0.000078
121.132339	-0.000563
121.154144	0.000589
121.227631	-0.000125
121.267159	-0.000360
121.299683	0.000427
121.313423	-0.000030
121.380112	0.000101
121.387497	-0.000032
121.465385	0.000019
121.543213	0.000024
121.577866	-0.000266
121.588951	0.000205
121.607246	0.000068
121.676262	-0.000033
121.891426	-0.000033
121.920029	0.000613
121.974243	-0.000061
122.010452	0.000068
122.086746	0.000218
122.122429	-0.000065
122.191902	-0.001685
122.315697	0.000001
122.420967	-0.000968
122.445656	0.000001
122.503593	0.000570
122.505600	0.000402
122.517097	-0.000709
122.545097	0.000284
122.565971	0.002481
122.608261	-0.000047
122.679161	-0.000047
122.887672	0.007834
122.901093	-0.008235
122.968491	-0.005339
123.003105	0.004945
123.027283	0.000011
123.066315	0.000424
123.123184	-0.000471
123.232651	-0.000099
123.410767	0.000437
123.413818	-0.000395
123.445175	0.006215
123.525986	-0.007696
123.539726	0.000917
123.550186	-0.000036
123.701996	-0.000755
123.712708	0.000788
123.767372	0.000398
123.857834	0.000467
123.984810	0.004028
123.986267	-0.000791
124.016693	0.000104
124.069252	0.000068
124.082687	-0.000086
124.166748	-0.002137
124.197754	-0.000295
124.204788	0.000603
124.212654	-0.000759
124.214493	-0.009390
124.228172	0.008241
124.317261	-0.000002
124.364014	-0.000048
124.482285	-0.000597
124.517532	0.000050
124.564987	-0.000037
124.753448	-0.000013
124.789307	0.000019
124.810905	-0.000295
124.842537	0.000071
124.860565	0.000185
124.885735	-0.000109
124.948799	-0.000068
125.001740	-0.004868
125.006744	0.004948
125.065659	-0.000050
125.122017	0.000057
125.125938	-0.000095
125.200012	-0.000996
125.222656	0.001065
125.275200	-0.000016
125.479561	0.000604
125.531349	-0.000068
125.551247	0.000037
125.602203	0.002459
125.692726	0.000061
125.745087	-0.002536
125.748184	-0.000923
125.912025	0.000003
126.065033	0.000350
126.085602	-0.000084
126.089355	-0.000450
126.130539	0.000439
126.132591	-0.000011
126.153130	-0.000038
126.186127	0.000489
126.200989	-0.000045
126.309425	0.000112
126.477280	-0.000246
126.518959	-0.000455
126.571228	0.000901
126.591454	0.000002
126.603828	-0.000005
126.663269	0.000052
126.721191	0.000042
126.831856	0.000151
127.026054	0.001231
127.029808	-0.001251
127.097557	-0.000820
127.109474	0.000016
127.122063	0.000011
127.186470	0.000986
127.337433	0.001101
127.351685	-0.000915
127.403816	0.000898
127.457306	0.001564
127.592232	-0.002565
127.607933	-0.000020
127.631310	-0.000910
127.632507	0.000681
127.684120	-0.000047
127.761757	0.016050
127.804886	0.106689
127.808380	-0.008623
127.818939	-0.061602
127.820709	-0.051107
127.828705	0.000036
127.905937	0.000111
127.972420	-0.000327
128.059448	-0.001432
128.108459	-0.000049
128.109512	-0.000984
128.387421	0.000003
128.430725	0.000327
128.457794	0.000083
128.460938	-0.001310
128.461075	-0.000436
128.477386	0.001593
128.586411	-0.000038
128.620804	-0.001811
128.626419	0.001846
128.662170	-0.000027
128.662857	-0.000307
128.703232	-0.000022
128.817505	0.000778
128.837128	-0.000799
128.876984	0.000004
129.034027	0.000559
129.132584	0.000027
129.165833	-0.000035
129.195114	-0.000290
129.299957	-0.000078
129.304001	0.000462
129.376968	0.000047
129.508026	0.000010
129.660370	0.000033
129.706375	0.001045
129.728104	-0.000481
129.746567	-0.000511
129.761307	-0.000302
129.769699	0.000050
129.796631	0.000586
129.805801	-0.000815
129.935486	-0.000310
130.070969	-0.000123
130.133881	0.000067
130.156601	0.000014
130.180817	-0.000138
130.204208	0.000500
130.260971	-0.000149
130.323181	0.000061
130.430557	0.000013
130.643250	0.000053
130.644211	-0.000059
130.667099	-0.000032
130.707535	0.000006
130.746902	0.000215
130.843216	-0.003250
130.970215	0.000000
130.985931	-0.000048
131.038742	0.000806
131.061462	0.001663
131.183975	-0.000757
131.199829	0.003506
131.222260	-0.000039
131.243607	-0.000025
131.295151	0.000030
131.356644	-0.000042
131.396500	-0.041769
131.417084	0.039431
131.420319	-0.001948
131.425873	0.000333
131.457764	-0.000137
131.501404	-0.000171
131.579132	0.000219
131.635056	0.000870
131.655640	0.001177
131.703491	-0.000018
132.017960	-0.000069
132.040024	-0.001713
132.060806	0.001278
132.072128	0.000172
132.083252	-0.000216
132.115128	0.000884
132.203903	0.000051
132.226410	-0.000145
132.241653	-0.000092
132.243332	0.000184
132.255325	-0.000039
132.295959	-0.000033
132.435379	-0.001494
132.450256	0.001323
132.475525	0.000050
132.582733	0.001537
132.713608	-0.000041
132.790817	-0.000427
132.799103	0.000045
132.869766	-0.001934
132.904831	0.000015
133.011459	-0.000064
133.107452	-0.000041
133.237579	-0.000020
133.346939	0.001119
133.357849	0.000352
133.367416	-0.000796
133.384445	-0.000861
133.387085	0.000166
133.392044	0.000380
133.421951	-0.001706
133.557343	0.001730
133.663544	0.000073
133.725174	0.000011
133.745911	-0.000667
133.798630	0.002882
133.807449	-0.002107
133.862946	0.000046
133.923798	-0.000099
134.030685	-0.000058
134.227997	-0.000367
134.254807	-0.001613
134.257446	0.001590
134.293182	0.000045
134.395782	-0.001259
134.494751	0.000774
134.596481	0.000522
134.618317	-0.000550
134.657364	-0.005455
134.680756	-0.001275
134.739471	0.000249
134.808487	0.008487
134.842239	0.000183
134.855316	-0.000184
134.900085	-0.000033
134.953064	0.034992
134.995178	-0.053197
135.013733	0.016830
135.025040	0.002209
135.032745	-0.002261
135.081924	-0.000015
135.110184	0.000007
135.183533	-0.000016
135.201614	-0.000319
135.211929	-0.000046
135.303375	0.000066
135.638351	0.000352
135.642639	-0.000188
135.654037	-0.000050
135.684036	0.000152
135.684052	-0.000051
135.756271	0.001811
135.782104	-0.001531
135.839554	0.000014
135.859543	0.004853
135.861099	-0.004872
135.876450	0.000007
135.898346	-0.000023
136.051331	-0.000342
136.063446	0.000448
136.074753	0.000038
136.128571	0.000761
136.299561	0.000013
136.387283	-0.000094
136.426025	-0.000100
136.444717	0.000159
136.510956	0.000005
136.650162	0.000060
136.705627	0.000074
136.818756	0.000023
136.965424	0.000075
136.985123	0.000732
136.994324	-0.003111
136.999100	0.003249
137.004852	0.003585
137.010803	-0.002712
137.037369	-0.000715
137.178650	-0.000265
137.260757	0.000252
137.295593	0.000008
137.358551	-0.000073
137.412537	-0.000017
137.429031	0.000232
137.469315	-0.000192
137.525986	0.000223
137.629776	-0.000031
137.792114	0.000310
137.868835	0.000129
137.869614	-0.000155
137.879501	-0.000025
138.044464	0.000124
138.142685	-0.000206
138.213852	0.000006
138.246902	0.000008
138.270630	-0.001276
138.301682	-0.000100
138.312653	0.000817
138.419449	-0.000375
138.454880	-0.000223
138.464966	0.000105
138.501053	0.000033
138.554611	0.008832
138.595810	-0.085289
138.615906	0.078414
138.633392	0.001863
