-13.912748	0.000002
-13.912273	0.000000
-10.329628	-0.000003
-10.328584	0.000004
-8.572113	0.000000
-8.571324	-0.000000
-6.746921	-0.000001
-6.746830	-0.000003
-5.008380	-0.000003
-5.007969	0.000000
-3.830824	0.000046
-3.830467	-0.000043
-3.199265	0.006766
-3.198741	-0.006761
-2.907513	0.003964
-2.906843	-0.003966
-1.447632	0.000014
-1.447514	-0.000012
-0.325596	0.000012
-0.325386	-0.000016
0.317152	0.004031
0.317948	-0.003971
0.342182	-0.000048
0.342363	0.000049
0.698594	-0.000153
0.700472	0.000103
1.200657	0.158794
1.200674	-0.158801
2.126953	-0.014120
2.127223	0.014117
3.169237	0.000247
3.169734	-0.000228
3.592235	0.004267
3.593248	-0.004303
3.807278	0.002710
3.808236	-0.002749
4.116276	-0.005269
4.116971	0.005290
4.287150	-0.005835
4.288826	0.005834
4.524618	-0.019991
4.524982	0.020094
4.920388	0.000422
4.921639	-0.000388
5.630617	-0.318935
5.630630	0.318665
5.729486	0.005972
5.730746	-0.006262
6.458927	0.008341
6.459221	-0.008365
6.696596	-0.006580
6.697661	0.006226
7.181035	-0.003087
7.182425	0.003168
7.289732	0.009148
7.290882	-0.009504
7.387289	0.119628
7.387469	-0.119612
7.766379	-0.003542
7.766520	0.003538
7.872360	0.000920
7.873629	-0.000810
8.034327	0.000254
8.035771	-0.000416
8.320468	-0.001495
8.322975	0.001674
8.734684	-0.025199
8.735187	0.025118
8.761811	0.000895
8.766113	-0.000802
9.155659	-0.001335
9.165673	0.001892
9.365592	0.011777
9.366246	-0.011893
9.630368	-0.000147
9.641655	0.000075
9.937169	-0.002425
9.943367	0.002371
10.220550	0.000133
10.229880	0.000114
10.374173	-0.000100
10.391126	0.000209
10.473825	-0.002453
10.498420	0.002615
10.712193	-0.000227
10.741991	0.000778
10.782383	0.001160
10.790419	-0.000211
10.798552	0.000438
10.805230	-0.002054
11.165843	-0.000390
11.168193	0.027681
11.171411	-0.008701
11.240993	0.000414
11.250285	-0.001024
11.267608	-0.016881
11.381955	-0.000945
11.430575	0.000365
11.514957	0.001061
11.531741	-0.003022
11.609230	0.000981
11.636328	0.000566
11.711771	0.000590
11.782004	0.000327
11.848408	0.000127
11.932711	0.000108
12.065090	0.000072
12.111622	-0.000195
12.182454	-0.000523
12.281145	-0.001244
12.316124	0.000615
12.428433	0.003792
12.432293	-0.003713
12.547308	0.001647
12.614141	-0.000256
12.809376	0.003074
12.814397	-0.002459
12.866832	-0.000014
12.917986	-0.000742
12.931782	-0.000024
12.981091	0.000294
13.062145	0.000540
13.069404	-0.001698
13.166023	-0.000059
13.320518	-0.000214
13.341026	-0.000068
13.473925	-0.000045
13.531467	-0.000325
13.547382	0.001137
13.704761	0.000233
13.776436	-0.000199
13.779145	-0.001315
13.820736	0.000512
13.957910	-0.000563
14.037232	-0.000038
14.108028	0.000149
14.185723	-0.000002
14.249518	0.000049
14.285815	0.000430
14.347384	-0.000181
14.386358	0.000317
14.412232	-0.000179
14.453348	0.000335
14.468884	-0.000175
14.521058	0.000677
14.617421	0.000009
14.661408	0.000171
14.712090	0.000126
14.870725	0.000556
14.890369	0.000075
14.998871	0.000516
15.026147	-0.001073
15.033005	-0.000135
15.145440	-0.000272
15.190966	-0.000664
15.215836	0.000262
15.313950	-0.000187
15.325448	-0.000088
15.400481	-0.000022
15.448357	0.000080
15.503148	0.000641
15.620687	-0.000121
15.628152	0.000088
15.698050	-0.000388
15.793345	-0.000840
15.819183	0.000140
15.907396	0.000071
15.944621	-0.001252
15.979551	0.000278
15.990030	-0.000322
16.094103	0.000248
16.242741	-0.000382
16.263189	0.000265
16.299786	-0.000056
16.311451	0.000109
16.380976	-0.000061
16.458143	-0.000327
16.539419	0.000002
16.569500	-0.000204
16.685545	-0.000152
16.688206	-0.001022
16.708895	0.003571
16.857357	-0.000019
16.883516	-0.000126
16.916746	-0.000380
16.960096	0.000334
17.056480	-0.000181
17.148848	-0.000278
17.156757	0.000169
17.183743	-0.000047
17.216122	0.000791
17.222868	-0.000449
17.342234	-0.000162
17.425730	-0.000151
17.500927	-0.000056
17.514042	-0.000104
17.671799	0.000163
17.710194	-0.000090
17.825228	0.000110
17.830170	-0.000348
17.841839	-0.000021
17.893845	0.000396
17.964575	0.000020
17.975056	-0.000033
18.014540	-0.000273
18.110155	-0.000137
18.136379	0.000428
18.169127	0.000062
18.210402	0.000936
18.217676	-0.000795
18.340269	0.000273
18.383986	-0.000064
18.468254	0.000353
18.515259	-0.000026
18.620539	0.000082
18.703911	0.000417
18.709702	-0.000152
18.806826	-0.000112
18.839857	0.000164
18.903477	0.000457
18.904907	-0.000099
18.966595	0.000370
19.043167	-0.000133
19.085255	-0.000277
19.147625	0.000033
19.160503	-0.000802
19.302126	0.000234
19.306120	-0.000572
19.408224	0.000421
19.430708	-0.000752
19.528828	-0.000038
19.585798	0.000034
19.637074	0.000052
19.697430	0.000366
19.753832	0.000190
19.786766	-0.000322
19.803720	0.000214
19.943954	-0.000347
19.959610	0.000282
19.970766	0.000169
20.041988	-0.000153
20.083282	0.000211
20.175287	-0.000036
20.214113	-0.000237
20.314709	0.000095
20.349592	0.000055
20.393747	0.001086
20.413986	-0.000166
20.512993	0.000354
20.572779	0.000014
20.606100	0.000116
20.703300	-0.000135
20.803118	-0.000738
20.813032	-0.000142
20.824507	0.000533
20.891661	-0.000317
20.909678	0.000185
20.948048	-0.000059
20.983664	0.000284
21.035992	0.000047
21.093702	-0.000191
21.171717	-0.000591
21.190657	-0.000367
21.312351	-0.000039
21.373238	0.000029
21.452953	-0.000164
21.492228	-0.000120
21.521328	0.000020
21.548717	-0.000315
21.559563	0.000007
21.667370	-0.000074
21.719196	0.000452
21.778669	0.000408
21.821894	0.000349
21.831028	0.000073
21.841496	0.000181
21.903610	0.000001
21.952347	-0.000322
21.985830	0.000513
22.062368	-0.000299
22.161865	0.000118
22.257248	0.002194
22.257626	-0.002016
22.403620	0.000113
22.479265	0.000444
22.495562	-0.000623
22.562481	0.000291
22.600813	0.000426
22.617714	-0.000348
22.737993	-0.000002
22.743412	-0.000410
22.792152	0.000850
22.812458	0.000214
22.873777	0.000035
23.050209	0.000075
23.126701	0.000965
23.146198	-0.000175
23.179014	-0.000426
23.262461	-0.000063
23.310442	-0.000055
23.342043	0.000149
23.397161	-0.000539
23.433525	0.000077
23.478092	-0.000366
23.536676	0.000188
23.649229	-0.000515
23.671482	-0.000408
23.723484	0.000093
23.817419	0.000112
23.846447	-0.000387
23.887003	-0.000395
23.912201	0.000050
23.977861	0.000081
24.068237	-0.000112
24.123213	0.000230
24.195568	-0.000024
24.205427	-0.000160
24.337181	0.001010
24.349083	-0.001237
24.456976	-0.000041
24.474199	0.000180
24.505859	-0.000067
24.527937	-0.000054
24.542946	0.000148
24.552496	0.000192
24.644293	-0.000101
24.674467	0.000028
24.699894	-0.000232
24.868126	0.000198
24.976170	-0.000128
25.020531	0.000013
25.088051	-0.000109
25.096733	0.000101
25.143871	-0.000207
25.151033	0.000195
25.222960	0.000090
25.307110	-0.000277
25.332678	-0.000053
25.369862	0.000481
25.375141	-0.000464
25.444878	-0.000252
25.483484	0.000137
25.548880	0.000195
25.578558	0.000033
25.630470	0.005851
25.631580	-0.005554
25.704025	0.000127
25.803267	-0.000119
25.882353	-0.000078
25.953531	-0.000289
25.961672	0.000120
26.189688	-0.000128
26.200003	0.000482
26.215700	0.000156
26.286118	-0.000151
26.325459	0.000046
26.362680	-0.000381
26.382498	0.000043
26.443336	-0.000362
26.506039	-0.000128
26.610945	-0.000052
26.693874	-0.000066
26.750963	-0.000246
26.803682	-0.000006
26.818148	-0.000007
26.871397	0.000111
26.899065	0.000135
26.937220	-0.000233
26.986660	0.000162
27.111008	0.000512
27.160433	0.000118
27.256702	0.000178
27.328106	0.000211
27.349812	0.000401
27.402760	-0.000384
27.443190	0.000187
27.507177	-0.000080
27.512520	0.000205
27.618738	0.000711
27.722977	-0.003095
27.727385	0.002620
27.734798	0.000550
27.761421	0.000169
27.789673	-0.000804
27.875776	0.000018
27.955839	-0.000446
28.079527	0.000148
28.139071	0.000516
28.144089	0.000185
28.174746	-0.000274
28.202305	0.000154
28.305027	0.000039
28.317947	-0.000209
28.404699	0.000107
28.520151	-0.000085
28.565140	-0.000305
28.611208	0.000165
28.644207	-0.000146
28.749800	0.000193
28.789616	-0.000357
28.815977	0.000198
28.869165	0.000157
28.895454	-0.000845
28.898188	0.000476
28.957977	0.000181
29.037201	-0.000249
29.104145	0.000048
29.129297	0.000519
29.154020	-0.000327
29.207054	-0.000116
29.241636	-0.000126
29.264809	-0.000269
29.312967	0.000211
29.421671	-0.000025
29.506472	0.000060
29.546076	0.000104
29.633055	-0.000378
29.785727	-0.000831
29.813086	-0.000152
29.904142	-0.071948
29.904457	0.072989
29.924526	0.000036
29.973804	0.000151
30.009174	0.000085
30.019077	-0.000203
30.064013	0.000064
30.181772	0.000136
30.224289	0.000134
30.313684	-0.000045
30.381174	0.000227
30.415012	-0.000140
30.461634	-0.000105
30.532717	-0.000134
30.540659	0.000235
30.650805	0.000036
30.683847	-0.000038
30.733849	-0.000046
30.869465	-0.000027
30.928045	0.000235
30.941273	-0.000564
30.970999	0.000151
31.015179	-0.000146
31.070335	-0.000032
31.112188	0.000158
31.212492	0.001813
31.215313	-0.001823
31.282551	0.000042
31.310143	0.000502
31.340197	-0.000508
31.347771	-0.000203
31.490513	-0.000403
31.578663	0.000010
31.698589	-0.000244
31.768497	-0.000305
31.791792	0.000398
31.805578	-0.000119
31.857706	0.000043
31.932394	0.000086
31.948978	-0.000245
32.050655	0.000738
32.058342	-0.000296
32.095322	0.000331
32.113720	-0.000067
32.327229	-0.000210
32.351322	0.000106
32.387333	-0.000261
32.440559	0.000267
32.474258	-0.000337
32.504787	0.000184
32.530571	-0.000253
32.582344	-0.000042
32.645267	-0.000107
32.713097	0.000316
32.792973	-0.000182
32.807568	0.000189
32.850822	-0.000942
32.882607	0.000188
32.912407	0.000595
32.977734	0.000188
33.001911	-0.000083
33.130707	0.000012
33.200687	0.000160
33.352932	0.000165
33.382664	0.000465
33.391582	0.000194
33.467499	-0.000038
33.510998	0.000004
33.527702	-0.000008
33.546291	-0.000008
33.591011	0.000283
33.630939	-0.000555
33.673935	0.000051
33.774158	-0.000028
33.786659	0.000047
33.959404	-0.000012
34.007751	0.000100
34.014404	0.000006
34.073147	-0.000085
34.129097	-0.000032
34.180138	0.000021
34.273327	-0.000268
34.284458	-0.000053
34.301895	0.000050
34.487041	0.000489
34.487114	-0.000148
34.513584	-0.000005
34.541115	0.000028
34.617214	-0.000118
34.627407	-0.000068
34.669498	-0.000005
34.783363	0.005280
34.802162	-0.005355
34.854851	0.000023
34.926731	0.000097
34.943325	-0.000065
34.994526	0.000261
35.124546	0.000259
35.205284	0.000081
35.285492	-0.000336
35.395657	-0.000093
35.396957	0.000181
35.433140	-0.000324
35.441708	-0.000082
35.516819	-0.000343
35.520889	-0.000033
35.591530	0.000270
35.618378	0.000017
35.666821	-0.000071
35.729527	-0.000004
35.900768	0.000148
35.975819	0.000206
36.004128	-0.000217
36.045395	-0.000354
36.063839	0.000464
36.156380	0.000336
36.169899	-0.000133
36.254677	0.000098
36.265232	0.000074
36.303852	-0.000356
36.406506	-0.000328
36.433342	0.000164
36.500805	0.000595
36.506973	-0.000065
36.552120	0.000416
36.591824	0.000320
36.626160	-0.000196
36.762089	0.000000
36.798294	-0.000008
36.925972	-0.000035
36.982174	0.000037
37.015621	-0.000805
37.057899	-0.000423
37.108017	-0.000549
37.136723	-0.000074
37.149353	0.000240
37.170704	-0.000313
37.291744	0.000686
37.325817	-0.000561
37.353073	-0.000041
37.375511	0.000055
37.535782	0.000052
37.550919	0.000017
37.734238	0.000570
37.740395	-0.000594
37.751789	0.000413
37.766155	-0.000414
37.806286	0.000203
37.924122	0.000326
37.928524	-0.000261
38.010929	0.000419
38.057045	-0.000115
38.080280	0.000045
38.098858	-0.000720
38.188370	0.000004
38.235847	0.000024
38.403656	0.001210
38.406551	-0.001478
38.437145	0.000036
38.467392	0.000195
38.563427	-0.000807
38.568508	0.001298
38.628082	-0.000218
38.696587	0.000726
38.782516	-0.000020
38.820232	-0.000271
38.977200	0.000346
39.007526	-0.000921
39.017506	0.000723
39.068424	-0.000031
39.068954	0.000107
39.110649	0.000015
39.187000	-0.000221
39.194115	0.000530
39.229698	-0.000200
39.374325	-0.000077
39.512009	0.000206
39.572403	-0.000097
39.624378	0.000132
39.645065	-0.000706
39.660461	0.000641
39.795914	0.000551
39.807579	-0.000257
39.864613	-0.000310
39.880386	-0.000537
39.953381	-0.000266
39.957024	-0.000084
40.049934	0.000652
40.070808	-0.000746
40.098450	-0.001362
40.184486	0.000058
40.229847	0.000147
40.275669	0.000030
40.401688	-0.000007
40.432030	0.000021
40.495773	0.000266
40.534359	-0.000376
40.597626	0.001705
40.600094	-0.001773
40.717636	-0.000186
40.748634	-0.000019
40.771336	-0.000157
40.849079	0.000014
40.926533	-0.000178
40.933716	0.000096
40.971588	0.000598
40.977558	-0.000027
41.145882	-0.000345
41.160591	0.000018
41.231548	0.000357
41.337803	-0.000246
41.342621	-0.000021
41.409580	-0.000113
41.467342	0.000233
41.539589	0.000122
41.556087	-0.000230
41.598225	-0.000004
41.621704	0.000303
41.647659	0.000031
41.745483	-0.000219
41.750977	0.000103
41.834328	-0.000037
41.979622	-0.000038
42.037956	0.000234
42.074810	-0.000087
42.166309	0.002538
42.166767	-0.002469
42.221958	0.000293
42.253799	-0.000771
42.278027	0.000065
42.401146	-0.000188
42.409012	0.000368
42.513397	-0.000010
42.616821	0.003235
42.618587	-0.002558
42.662197	-0.001275
42.672493	0.000575
42.686852	0.000092
42.748512	-0.000106
42.776455	-0.000201
42.832230	-0.000139
43.030125	0.000092
43.128124	-0.000212
43.176361	0.000440
43.217831	0.000005
43.247646	-0.000008
43.259735	0.000298
43.416134	0.000226
43.433289	0.000928
43.434494	-0.000119
43.508808	-0.000897
43.512276	-0.000174
43.596416	-0.000017
43.634251	0.000184
43.652790	0.000142
43.686893	0.000142
43.838364	-0.000697
43.875652	0.000135
43.926018	-0.000069
44.026485	0.000096
44.045383	-0.000022
44.070496	-0.000087
44.096447	-0.000013
44.171513	-0.000021
44.239685	-0.000005
44.347801	0.000209
44.357349	0.000055
44.379204	-0.000050
44.457249	-0.000194
44.498608	0.000119
44.538021	0.000116
44.588634	-0.000028
44.644081	0.000068
44.769810	0.000538
44.778423	-0.000401
44.789913	0.000050
44.901264	0.002719
44.918076	-0.002757
45.060711	0.000333
45.070168	-0.000502
45.111958	0.001661
45.116367	-0.001647
45.163563	0.000141
45.212532	-0.000103
45.304317	0.000173
45.309475	-0.000229
45.445621	-0.000063
45.458145	0.000242
45.588726	0.000164
45.657093	-0.000453
45.686260	0.000522
45.731979	-0.000663
45.737087	0.000505
45.793037	0.000095
45.856609	-0.000989
45.920803	0.000108
45.985020	-0.000274
46.046417	0.000057
46.201309	-0.000193
46.212292	0.001878
46.217781	-0.001129
46.232777	-0.000266
46.281704	-0.000009
46.294544	-0.000130
46.328701	0.000021
46.353481	0.000133
46.428188	0.000167
46.696175	-0.000068
46.735794	0.000151
46.789398	0.000595
46.810745	-0.000815
46.854153	0.003666
46.856468	-0.003485
46.996834	0.000020
47.046291	-0.012594
47.047325	0.012147
47.103275	0.000124
47.123638	0.000173
47.157253	-0.000253
47.227722	-0.000060
47.242008	0.000181
47.339104	-0.000132
47.496410	0.000260
47.507961	0.000213
47.569588	0.000301
47.614956	-0.000397
47.663025	0.000439
47.681446	-0.000016
47.700546	-0.000003
47.793694	0.000240
47.896873	0.002274
47.960022	-0.003155
47.972675	0.003694
47.983257	-0.002525
48.038059	0.000039
48.069286	-0.000349
48.080727	0.000115
48.198849	-0.000055
48.346973	0.000195
48.395802	-0.017421
48.396717	0.017002
48.432465	-0.000124
48.452763	0.000202
48.514603	-0.000043
48.628101	0.002894
48.638229	-0.002798
48.654587	-0.000011
48.728363	0.000927
48.747742	-0.000842
48.784615	-0.000000
48.881718	0.000060
48.971767	-0.000101
49.057377	0.000008
49.154949	-0.000091
49.198509	-0.000579
49.220993	0.000870
49.244137	-0.000371
49.320896	-0.000483
49.345913	0.001021
49.392086	-0.000359
49.487530	0.000745
49.562477	-0.010562
49.562733	0.010702
49.582806	-0.000071
49.775120	0.000156
49.776463	0.000681
49.785591	-0.000910
49.864918	0.000372
49.902924	-0.001540
49.915211	0.000471
49.926380	0.000489
49.992519	0.000184
50.039989	0.000040
50.351074	0.000742
50.357811	-0.000772
50.409969	-0.002086
50.414196	0.001986
50.447521	-0.000318
50.464722	0.000378
50.560463	0.000003
50.673161	-0.001023
50.680080	0.001083
50.699718	-0.000448
50.707661	0.000492
50.785938	-0.000136
50.824497	-0.001290
50.838619	0.001267
50.948772	0.000017
51.148975	-0.004165
51.152409	0.004097
51.219746	-0.000014
51.242352	0.000212
51.280300	-0.007778
51.280933	0.007696
51.355648	-0.000025
51.408978	-0.000082
51.542679	0.001998
51.548908	-0.001875
51.583687	0.000097
51.585339	0.000091
51.596130	-0.000441
51.649910	0.000194
51.676670	-0.000361
51.813816	0.000005
51.990746	-0.000338
52.002327	0.000057
52.015091	-0.000020
52.063454	0.000294
52.084862	0.000072
52.128620	0.000058
52.164658	-0.000019
52.180664	-0.000006
52.200455	0.000232
52.341038	-0.000823
52.343796	0.000329
52.353222	0.000378
52.489986	0.000037
52.588089	0.000065
52.673412	-0.000039
52.724247	0.000782
52.735775	-0.000746
52.832737	0.000351
52.865349	0.000039
52.941986	-0.001134
52.945827	0.000816
53.017738	-0.000002
53.118492	0.000009
53.120934	0.000053
53.167255	-0.005059
53.169807	0.005015
53.306225	-0.001729
53.312885	0.001712
53.410049	0.000018
53.436028	-0.000035
53.484715	0.000035
53.515160	-0.000127
53.540543	0.000138
53.650181	-0.000066
53.656754	-0.000231
53.991203	-0.010419
53.992207	0.009938
54.023998	0.000704
54.026070	-0.001667
54.032967	0.000609
54.071484	0.000150
54.135628	-0.000072
54.286125	0.000039
54.293102	-0.000278
54.326504	0.001726
54.361485	-0.001395
54.397545	-0.000127
54.425396	0.000064
54.451866	0.000067
54.512398	-0.000012
54.788982	-0.000338
54.799713	0.000103
54.873119	0.000342
54.892864	-0.000753
54.897667	0.000835
54.898315	-0.000161
55.008972	-0.000032
55.027691	0.000797
55.119007	-0.000722
55.158928	0.001274
55.184658	-0.000291
55.197662	0.000001
55.212654	-0.000167
55.283310	-0.000959
55.290630	0.002550
55.431625	-0.000007
55.538589	0.000001
55.613293	0.025945
55.629372	-0.029920
55.688377	0.001481
55.692806	0.001122
55.735954	-0.000072
55.751316	-0.000290
55.760624	0.000325
55.793766	-0.000728
55.926075	0.000235
55.934402	-0.000548
55.950680	0.000536
56.132690	0.000034
56.163860	-0.000740
56.233131	0.000348
56.242874	-0.000412
56.292709	0.000011
56.455177	-0.000109
56.496849	0.000030
56.546043	0.010011
56.549084	-0.009767
56.661945	0.000017
56.671349	-0.000044
56.747517	0.000294
56.756344	-0.000076
56.790951	-0.000349
56.830059	-0.004938
56.835758	0.005098
56.994080	-0.000027
57.081268	0.000178
57.088844	-0.000016
57.114735	-0.000101
57.170452	-0.000077
57.231316	-0.000072
57.263382	-0.000002
57.593697	-0.000265
57.598724	0.000245
57.626583	0.000678
57.634541	-0.000884
57.661652	0.000649
57.687496	0.000119
57.728088	-0.000087
57.888599	-0.000116
57.929947	0.000254
57.951687	0.000245
58.017101	0.000096
58.032764	-0.000492
58.052605	-0.000126
58.071674	0.000456
58.085709	-0.000209
58.396503	0.002339
58.410118	-0.002314
58.495159	-0.000109
58.527527	0.000320
58.540409	-0.000176
58.547344	0.000180
58.660919	-0.000023
58.679901	0.000033
58.692402	-0.001291
58.738842	0.000368
58.773895	-0.000260
58.814709	0.000044
58.845898	-0.000450
58.918846	0.000183
58.990910	-0.000004
59.055336	-0.000013
59.073933	0.000353
59.198235	0.000653
59.220879	0.000248
59.241306	0.002022
59.246937	-0.003103
59.307320	-0.000040
59.370644	-0.000075
59.449032	0.004866
59.449837	-0.004842
59.503799	-0.000012
59.516808	-0.000103
59.581081	0.000086
59.711632	0.000580
59.749847	-0.000453
59.760090	0.000522
59.786724	0.000081
59.912399	0.000033
60.001022	0.000922
60.115284	-0.000297
60.125149	-0.000530
60.157887	0.000271
60.212799	0.000011
60.289642	-0.000001
60.331512	0.000333
60.339622	-0.000159
60.424805	-0.000504
60.433121	0.000372
60.440987	-0.000072
60.552116	-0.000018
60.677406	0.000200
60.721901	-0.000148
60.754013	0.000011
60.777161	0.000610
60.807190	-0.000649
60.876301	-0.000071
61.156517	0.000091
61.178181	0.000036
61.227463	-0.004576
61.233471	0.004655
61.316029	0.000095
61.324497	-0.000236
61.336990	-0.000153
61.502251	0.000387
61.562462	-0.000597
61.568134	0.000383
61.585754	-0.000062
61.647667	0.000403
61.673561	-0.000360
61.727036	-0.000330
61.775253	0.000164
61.987358	0.000347
61.998821	-0.000228
62.087639	-0.000158
62.135918	0.000016
62.166378	-0.000265
62.209724	-0.000016
62.262287	-0.000031
62.312294	-0.000003
62.314758	-0.000049
62.357025	-0.000696
62.413136	-0.004225
62.430347	-0.000241
62.467953	0.004956
62.540691	0.000971
62.606148	-0.000443
62.688828	0.000007
62.717159	0.000284
62.736652	0.000221
62.765774	-0.000190
62.853115	-0.006692
62.853401	0.006593
62.870743	-0.000002
62.989422	0.000120
63.081528	-0.000033
63.095005	-0.000014
63.097904	0.000073
63.132896	-0.000184
63.236881	0.000006
63.241741	-0.000069
63.283421	0.002093
63.295704	-0.002011
63.442547	-0.000013
63.519527	-0.000399
63.537582	0.000016
63.672131	-0.000036
63.727821	0.000375
63.737415	0.000335
63.767544	-0.000017
63.859077	0.000206
63.875233	-0.000163
63.908566	-0.000070
64.101959	-0.000028
64.106026	0.000015
64.110268	-0.000598
64.118996	0.000556
64.246857	0.000042
64.279678	0.000073
64.329887	0.000019
64.451080	0.000343
64.462662	-0.000382
64.495621	0.000085
64.710945	0.000033
64.756294	-0.000514
64.820625	0.000659
64.825729	-0.000438
64.944031	-0.000020
64.953125	0.000005
64.969658	0.000034
65.116440	-0.000033
65.134857	0.000179
65.187546	-0.000967
65.188721	0.000865
65.300827	0.006125
65.303680	-0.006267
65.370064	0.000182
65.489265	-0.000086
65.569153	-0.000477
65.587723	0.000392
65.677696	-0.000016
65.695969	0.000068
65.776550	0.000044
65.873894	-0.000434
65.883156	0.000714
65.886497	-0.000024
65.950340	-0.000289
65.955605	-0.000083
66.044174	0.000073
66.081413	0.000069
66.123505	0.000544
66.141113	-0.000029
66.161095	-0.000522
66.275436	0.000203
66.316895	-0.000422
66.328789	0.000005
66.361702	-0.000263
66.438568	0.000057
66.472061	0.003163
66.548225	-0.001533
66.595886	-0.000501
66.667259	0.000025
66.683655	0.000378
66.687294	-0.000200
66.776749	-0.000695
66.785576	0.000794
66.866753	-0.002049
66.881012	0.002084
66.907845	0.000012
67.035240	-0.000159
67.094421	0.000043
67.161316	-0.000007
67.206787	-0.000208
67.274925	0.000266
67.330673	-0.000031
67.338989	0.000061
67.436150	-0.005618
67.437675	0.005647
67.491943	-0.000072
67.662262	0.000002
67.719757	-0.000046
67.768257	0.000160
67.801254	-0.000646
67.830544	0.000554
67.883293	0.000021
67.939659	-0.000005
68.095711	0.000113
68.122360	0.000012
68.146362	-0.000196
68.264526	0.000000
68.335442	0.000118
68.412086	0.001995
68.413559	-0.001950
68.572662	-0.113681
68.572731	0.113690
68.599785	-0.000172
68.654114	-0.000099
68.776146	-0.000379
68.806725	0.000418
68.809715	-0.000406
68.940529	0.001854
68.954750	-0.001710
69.007217	-0.000064
69.133820	0.000174
69.192024	0.000385
69.198128	-0.000341
69.235115	0.000108
69.268974	-0.000110
69.381935	-0.000445
69.454338	0.000228
69.525848	-0.000519
69.530487	0.000507
69.544540	0.000061
69.590584	-0.000056
69.657730	0.000065
69.658478	-0.000606
69.695137	-0.000941
69.733360	0.001613
69.825317	0.000440
69.855385	-0.000660
69.871895	-0.002696
69.947884	0.001117
69.974701	-0.000002
70.013046	-0.000022
70.111534	0.000717
70.199837	0.000001
70.214561	0.000116
70.254013	0.000048
70.269310	0.000125
70.270882	-0.000017
70.350883	0.000374
70.373642	-0.000273
70.515739	-0.001588
70.522049	0.001684
70.562416	0.000067
70.586975	-0.000032
70.743286	-0.000106
70.745850	0.000213
70.785339	0.000072
70.798927	-0.000194
70.900589	-0.000019
70.945732	0.000001
71.018478	-0.063493
71.018867	0.063476
71.078094	0.000005
71.203453	-0.000098
71.218803	0.000015
71.436653	-0.000005
71.479622	0.000100
71.499649	0.000194
71.519722	-0.000154
71.552765	-0.000139
71.736496	0.000237
71.761818	-0.000047
71.821579	-0.000605
71.824852	0.000319
71.914688	-0.000337
71.998146	0.000660
72.001457	-0.000559
72.190475	-0.000709
72.193489	0.000190
72.200813	0.000192
72.225304	-0.000051
72.408157	-0.001153
72.422050	0.006538
72.435326	-0.004219
72.569458	0.000988
72.591675	-0.000843
72.638237	0.000073
72.716339	-0.000284
72.771591	0.000016
72.821930	-0.000013
72.823151	0.000099
72.904518	0.000093
72.986824	0.000051
73.032661	0.000188
73.137634	0.000009
73.164948	-0.000086
73.180756	-0.000004
73.196388	-0.000175
73.217827	-0.000114
73.268379	0.000204
73.281410	-0.000162
73.314659	-0.000226
73.383957	0.000121
73.422058	-0.000007
73.528465	0.000425
73.539940	-0.000311
73.590744	-0.000012
73.626656	-0.000004
73.725166	0.000068
73.769974	0.000246
73.801048	-0.000344
73.844269	-0.000012
73.862801	0.000349
73.910744	0.000225
73.930565	-0.000277
74.020981	-0.000753
74.095474	-0.000730
74.173889	-0.000073
74.190460	0.000084
74.265106	-0.000142
74.298660	-0.000500
74.332191	0.000644
74.386124	0.000368
74.396553	-0.000322
74.488441	0.000042
74.549484	-0.000135
74.604393	-0.062391
74.604813	0.062386
74.665672	0.000035
74.693283	-0.000147
74.779366	-0.000005
75.089897	0.000092
75.112976	-0.000452
75.155663	-0.000571
75.157005	0.000952
75.202736	0.000109
75.373360	0.000193
75.388367	-0.000106
75.422783	0.000030
75.485237	0.000047
75.499573	0.000109
75.586403	0.000261
75.589066	-0.000489
75.734619	0.000099
75.812576	-0.001801
75.820061	0.001788
75.850784	-0.000017
76.028343	0.006976
76.029198	-0.006845
76.069199	0.000541
76.187202	0.000612
76.203934	-0.000661
76.279869	-0.000322
76.299110	0.000438
76.315918	-0.000098
76.412636	0.000246
76.472946	0.000109
76.529335	0.000028
76.590950	-0.000111
76.649010	-0.000324
76.730774	0.002197
76.737343	-0.002082
76.797859	0.000888
76.815407	-0.000913
76.838524	0.000099
76.861107	0.000511
76.876877	-0.000205
76.895882	-0.000278
76.944298	0.000300
76.976097	-0.000312
77.103210	0.000035
77.173676	0.000017
77.188141	-0.000027
77.247803	-0.000036
77.281227	0.000023
77.404930	-0.000091
77.436562	-0.000098
77.438278	-0.000018
77.456223	0.000383
77.507790	-0.000566
77.522949	0.000603
77.593872	0.000341
77.756096	0.000113
77.821060	-0.000523
77.841850	0.000361
77.881104	0.002164
77.894737	-0.002195
77.937988	-0.000091
77.990448	-0.000309
78.021828	0.000591
78.109909	-0.000017
78.153358	-0.000274
78.191689	0.005874
78.194504	-0.001776
78.195747	-0.003887
78.253616	0.000210
78.345215	-0.000012
78.711639	0.000225
78.763153	0.000347
78.769463	-0.000454
78.802910	-0.000265
78.858147	0.000077
78.967354	-0.000027
79.009193	-0.000097
79.072273	0.000141
79.085625	-0.000164
79.141289	0.000171
79.174355	-0.038698
79.175529	0.038745
79.284981	-0.000152
79.429352	0.001192
79.436699	-0.001199
79.478706	0.000043
79.630020	0.001960
79.643562	-0.003597
79.691940	0.000445
79.793602	0.000253
79.815071	0.000087
79.867172	-0.000158
79.881897	0.000509
79.926422	-0.000215
80.006256	0.000031
80.113022	-0.000047
80.130585	-0.000090
80.194336	0.000080
80.284401	-0.000228
80.286125	-0.000162
80.324318	0.000482
80.423447	-0.000288
80.431885	0.000270
80.446037	-0.000124
80.452538	0.000144
80.480301	0.000100
80.484756	-0.000013
80.513329	-0.000256
80.534882	0.000028
80.684547	0.000432
80.761009	-0.000024
80.767731	0.000017
80.839592	-0.000163
80.933304	-0.000040
81.009468	-0.000676
81.033470	-0.000029
81.052910	0.000540
81.078667	0.000122
81.087608	0.000083
81.144028	0.001268
81.151741	-0.001460
81.411339	-0.000291
81.455872	0.000641
81.479248	0.000122
81.485855	-0.000736
81.504562	-0.000965
81.576118	-0.000105
81.596825	-0.000553
81.645386	0.000549
81.716843	-0.000015
81.751114	-0.000014
81.755402	0.000098
81.782310	0.002739
81.787506	-0.003012
81.845032	0.000206
81.919617	0.000002
82.325706	-0.000128
82.381157	0.000532
82.402153	-0.000457
82.439621	0.000189
82.493019	-0.000146
82.572281	-0.000019
82.638138	0.000141
82.679588	0.000237
82.716499	-0.000325
82.762489	0.000361
82.771553	-0.000672
82.786766	0.000247
82.846054	0.000076
83.044502	-0.000136
83.051918	0.000129
83.108879	-0.000196
83.230133	0.000351
83.254623	0.000023
83.296448	-0.000375
83.395691	0.000116
83.437912	0.000440
83.444443	-0.000102
83.465981	-0.000056
83.563995	0.000337
83.610794	-0.000370
83.695984	0.000116
83.776100	0.000148
83.802536	-0.000176
83.843788	-0.000207
83.906349	0.000666
83.913521	-0.000385
84.023727	-0.000523
84.030655	0.000389
84.043159	0.000348
84.059761	0.000075
84.077248	-0.000780
84.087898	0.000805
84.099640	0.000178
84.111427	-0.000478
84.270538	-0.000160
84.312584	0.000017
84.351089	0.000008
84.463905	-0.000121
84.587036	-0.000019
84.615753	-0.000389
84.631569	0.000152
84.641678	-0.000032
84.653564	0.000350
84.701088	0.000090
84.752472	-0.000243
84.785973	0.000855
85.009537	-0.003965
85.062767	0.000550
85.094742	0.001229
85.116776	-0.001195
85.160622	-0.000035
85.167007	0.003201
85.241600	-0.000629
85.258110	0.000665
85.272377	0.000441
85.356514	0.000076
85.374939	0.002455
85.378098	-0.002506
85.405472	0.000012
85.436127	0.000086
85.503769	-0.000109
85.937485	0.000227
85.992355	0.000273
86.023895	-0.000665
86.067825	0.000213
86.111977	-0.000080
86.207832	0.000016
86.255424	-0.000044
86.273544	-0.000007
86.345642	0.003810
86.347618	-0.003214
86.378258	0.000345
86.412209	-0.000194
86.418678	-0.000448
86.654778	-0.001249
86.662132	0.001186
86.734451	-0.000035
86.823547	0.000170
86.863670	0.000160
86.890831	-0.000102
86.989532	-0.000222
87.030678	0.000192
87.047935	-0.000080
87.079338	0.000108
87.199379	-0.000455
87.217812	0.000953
87.286362	0.009322
87.384727	-0.013772
87.409607	0.003976
87.427818	-0.000926
87.492813	-0.010186
87.511452	0.010746
87.616356	-0.004502
87.618187	0.005578
87.627960	-0.000970
87.663704	-0.000558
87.679672	0.000238
87.688545	0.000658
87.702713	-0.000746
87.711868	0.000441
87.863365	-0.000951
87.881523	0.000611
87.944313	-0.000051
88.083626	-0.000138
88.194977	-0.000440
88.223396	0.000263
88.232658	-0.003553
88.234711	0.003427
88.257278	0.000225
88.328545	-0.001918
88.373093	-0.000960
88.430183	0.001537
88.593170	0.001696
88.633247	-0.000352
88.712196	-0.000504
88.734299	0.000482
88.747543	-0.000026
88.835587	0.001363
88.857841	-0.000746
88.872002	0.001531
88.876129	-0.001889
88.956902	0.000041
88.968369	-0.014295
88.973656	0.013944
89.029671	0.000381
89.065422	-0.000068
89.097168	0.000107
89.546692	0.000184
89.602783	-0.000008
89.638245	-0.000264
89.687141	-0.000274
89.720444	0.000255
89.850533	0.000243
89.864342	0.000101
89.865837	-0.000207
89.930450	-0.000008
89.957405	-0.000135
89.994591	-0.007602
89.997963	0.007691
90.033340	-0.000057
90.263077	-0.001184
90.268913	0.001237
90.355156	0.000231
90.418358	-0.000246
90.475052	-0.000078
90.484489	0.000231
90.583786	-0.000019
90.636742	-0.000249
90.645340	0.000287
90.721825	-0.000038
90.826851	-0.001136
90.832367	0.001672
90.891685	-0.000463
90.976128	0.001223
90.983032	-0.001295
91.031250	-0.000285
91.064262	0.000180
91.124832	-0.002909
91.200996	-0.012791
91.201134	0.013820
91.212883	0.005798
91.265572	-0.000287
91.281181	0.001106
91.289093	0.000588
91.300323	-0.001215
91.319839	-0.002234
91.458344	0.000310
91.481667	-0.001976
91.539268	0.000005
91.704475	-0.000600
91.768028	0.000222
91.835510	0.214064
91.836151	-0.215440
91.864517	0.001183
91.877182	-0.000066
91.958244	-0.000012
92.002838	0.000131
92.070747	0.002444
92.168732	-0.001581
92.188004	-0.000282
92.320312	-0.000046
92.335419	0.000031
92.341454	0.000009
92.447487	0.000334
92.489029	-0.000412
92.501015	-0.004892
92.515800	0.005077
92.558220	0.000648
92.568619	0.000448
92.574318	-0.000606
92.627678	-0.000526
92.697472	-0.000457
92.725624	0.000041
93.157234	0.000024
93.210449	-0.000358
93.255432	0.000265
93.309265	0.000410
93.323715	-0.000425
93.433632	-0.000047
93.454956	0.000025
93.515373	-0.002243
93.516006	0.002203
93.568634	-0.000386
93.581703	0.000643
93.607620	0.000059
93.642601	-0.000092
93.869316	-0.000969
93.873909	0.000949
93.971519	-0.000110
94.012238	-0.000027
94.082062	0.000156
94.089203	0.000019
94.173134	0.000041
94.229309	-0.000087
94.275444	-0.000066
94.369759	0.000107
94.436447	0.000127
94.455856	-0.000569
94.501663	0.000485
94.560501	-0.010833
94.561012	0.010378
94.614197	0.000968
94.635536	-0.000778
94.737053	0.000349
94.787010	0.233683
94.787155	-0.234003
94.795135	0.000346
94.865059	-0.000804
94.879555	0.001122
94.885551	0.001061
94.894310	-0.001363
94.938354	0.000048
95.048615	-0.000168
95.114182	0.000172
95.136574	-0.000002
95.327469	-0.000109
95.359268	0.000385
95.438332	0.000025
95.451157	-0.000454
95.474884	0.000430
95.513535	0.000042
95.565521	0.000193
95.634140	-0.003815
95.692581	0.001296
95.737595	0.002200
95.780884	-0.000123
95.913887	-0.000535
95.924309	0.000682
95.936897	-0.000051
96.029991	-0.000119
96.096832	0.000093
96.152428	-0.023783
96.152565	0.024056
96.170807	0.001432
96.180412	0.004080
96.182785	-0.005348
96.228043	-0.000287
96.305832	0.000008
96.380173	-0.000004
96.771210	-0.000051
96.814667	-0.000067
96.870453	-0.000013
96.920624	-0.000537
96.928642	0.000683
96.996498	-0.000248
97.036499	0.000230
97.106194	0.000140
97.145348	-0.000985
97.170105	0.000785
97.182297	0.000208
97.234749	-0.000064
97.245308	-0.000037
97.471886	-0.000803
97.474068	0.000527
97.584000	-0.000720
97.605431	0.000741
97.692444	-0.000272
97.699394	0.000150
97.759338	0.000115
97.827667	0.000042
97.910652	0.000351
98.014191	-0.000194
98.044022	0.000372
98.074242	-0.001326
98.101982	0.001016
98.147507	0.264687
98.150276	-0.263277
98.191093	-0.001266
98.212219	0.000547
98.345345	0.001096
98.373558	0.001956
98.376793	-0.025790
98.382515	0.019031
98.462013	0.000089
98.472588	-0.000450
98.478455	0.004341
98.480927	-0.003979
98.573792	0.002629
98.637520	-0.000126
98.734650	0.000012
98.776016	0.000183
98.952591	-0.002342
98.963501	0.002286
99.044350	-0.000228
99.065186	0.000306
99.087868	-0.000120
99.126289	-0.000434
99.144028	0.000002
99.249611	-0.000205
99.310097	-0.042375
99.314873	0.042599
99.437477	0.000367
99.499367	-0.003269
99.500389	0.003295
99.535881	0.000056
99.608238	0.000089
99.700478	-0.000178
99.762131	-0.001511
99.762390	0.001264
99.790031	0.000366
99.825317	-0.024699
99.829193	0.026492
99.835968	-0.001936
99.914566	-0.000023
100.029266	0.000005
100.392540	0.000241
100.415146	-0.000236
100.481880	0.000005
100.506775	0.000015
100.534363	0.000062
100.570732	-0.000069
100.620110	-0.000080
100.705254	-0.000081
100.752266	-0.000357
100.761978	0.000608
100.776688	0.000043
100.846962	-0.000231
100.888100	0.000069
101.073647	0.009934
101.076462	-0.009665
101.191750	0.002262
101.201523	-0.002301
101.303238	0.000083
101.323662	0.000233
101.346527	-0.000213
101.429070	-0.000001
101.538544	0.000020
101.641953	0.000757
101.650841	-0.000573
101.676529	-0.000121
101.687645	-0.000105
101.736061	0.000561
101.748726	-0.000774
101.780434	0.000469
101.806786	-0.000005
101.954224	-0.001211
101.961014	0.000440
101.977051	0.019240
101.977905	-0.018935
102.058884	0.000080
102.064926	-0.000145
102.068733	0.001312
102.069984	-0.001296
102.221008	-0.001492
102.224152	0.001728
102.332596	0.000037
102.450035	0.000145
102.571869	-0.041968
102.572388	0.041940
102.648071	0.000062
102.658028	0.000485
102.682228	0.000119
102.702309	-0.000222
102.767982	0.000022
102.816780	-0.000629
102.925705	0.001449
102.950745	-0.001416
103.067215	0.000124
103.075233	-0.000155
103.117378	-0.000015
103.135384	0.000094
103.184822	-0.000051
103.297966	-0.000015
103.371292	0.000200
103.372986	-0.000384
103.408844	-0.000194
103.443588	0.000403
103.477882	0.006115
103.479462	-0.006121
103.524796	-0.000062
103.670403	0.000026
104.009613	-0.001016
104.017082	0.001044
104.065903	-0.001230
104.076157	0.001191
104.123550	0.000069
104.176544	0.000345
104.214119	-0.000213
104.307106	-0.000247
104.338028	-0.000300
104.356216	0.000409
104.382736	-0.000014
104.452347	-0.000025
104.543732	-0.000029
104.669991	-0.000098
104.680733	0.000169
104.795578	0.019327
104.796631	-0.019252
104.914009	-0.000113
104.934341	-0.000231
104.959213	0.000063
105.030884	0.000255
105.148827	-0.000227
105.240715	-0.000618
105.253395	0.001686
105.257004	-0.001183
105.272202	0.000573
105.317024	-0.000226
105.366264	0.000194
105.407257	-0.000921
105.415611	0.000612
105.553207	-0.000055
105.567314	0.001538
105.580406	-0.009123
105.583733	0.006624
105.642235	-0.000375
105.654449	0.000390
105.658745	-0.000199
105.663025	0.000178
105.815842	-0.004846
105.879974	0.003728
105.932457	-0.000078
106.120872	0.002091
106.144775	0.000024
106.185997	0.000013
106.240395	0.000079
106.252602	0.000021
106.301132	-0.000137
106.318550	0.000134
106.362404	0.000357
106.388901	0.000018
106.555069	0.003827
106.590141	-0.003993
106.625870	-0.000252
106.647659	0.000032
106.737656	0.000109
106.759735	-0.000164
106.808723	-0.000589
106.892075	0.000010
106.984352	-0.031530
106.984703	0.031628
107.030602	-0.000605
107.057335	0.000542
107.124008	0.003723
107.125656	-0.003082
107.136375	-0.000587
107.305626	-0.000030
107.597229	-0.000088
107.611008	-0.000714
107.631172	0.000862
107.644127	-0.000011
107.736305	-0.000019
107.789459	0.000164
107.820572	-0.000107
107.909836	0.001425
107.919319	-0.001458
107.952446	0.000281
107.996239	-0.000461
108.061325	0.000095
108.190453	-0.000010
108.264420	0.000263
108.290825	-0.000314
108.392616	0.002140
108.399803	-0.002169
108.521713	0.000287
108.527374	-0.000214
108.608932	-0.000090
108.632713	0.000146
108.730713	-0.000035
108.821167	-0.000330
108.832382	0.000934
108.849823	-0.000300
108.857422	-0.000083
108.899101	0.000028
108.990059	0.000316
109.026886	-0.000126
109.049438	-0.000301
109.154358	-0.000681
109.183182	-0.013206
109.183632	0.014793
109.194359	-0.000358
109.219131	-0.000019
109.247955	-0.000315
109.253181	0.000692
109.260521	-0.000220
109.407257	-0.000184
109.531517	0.000006
109.545563	-0.000016
109.666054	-0.000071
109.766624	0.000240
109.795547	-0.000094
109.858955	-0.000032
109.897682	-0.000383
109.904297	-0.000249
109.919479	0.000415
109.936096	-0.000417
110.008324	-0.000104
110.177383	-0.010367
110.188210	0.000084
110.217888	0.000168
110.233360	0.012056
110.335884	-0.000027
110.336876	-0.000141
110.487877	0.000131
110.504318	-0.000118
110.596046	0.010820
110.600861	-0.010793
110.655731	0.000123
110.671371	-0.000044
110.749474	-0.000072
110.762268	-0.003379
110.766685	0.003345
110.934227	-0.000054
111.147240	-0.000196
111.176514	-0.000160
111.188843	0.000136
111.262871	0.000053
111.357941	-0.000254
111.400940	0.000026
111.434128	0.000243
111.505630	0.003206
111.511589	-0.003231
111.555748	-0.000137
111.612488	0.000475
111.673515	-0.000340
111.819176	-0.000145
111.860947	0.000252
111.911690	-0.000314
111.992310	-0.000557
112.002968	0.000624
112.108551	0.000046
112.138458	-0.000004
112.233955	-0.000015
112.256775	0.000094
112.289299	-0.000427
112.401772	0.000079
112.427620	-0.005877
112.429497	0.006019
112.455238	-0.000061
112.492561	0.000063
112.613258	0.000378
112.637421	-0.000157
112.683250	-0.000267
112.763344	0.000942
112.796463	-0.003514
112.797165	0.003371
112.804176	0.028619
112.804825	-0.027664
112.844849	0.000397
112.847832	-0.000567
112.879318	-0.000588
112.999268	-0.000034
113.132004	0.000012
113.181999	-0.001982
113.217194	0.000090
113.390060	0.002862
113.401367	-0.003030
113.447601	0.000994
113.463943	0.000011
113.538834	-0.000187
113.554543	0.000099
113.569412	0.000188
113.621460	0.000031
113.736443	-0.000008
113.798599	0.005419
113.807831	-0.006881
113.871300	0.000754
113.910973	-0.000240
113.931381	0.000195
114.082199	-0.000009
114.193687	-0.000511
114.216507	-0.000248
114.228020	0.000934
114.284019	-0.000931
114.285187	0.000920
114.364784	-0.000012
114.397385	-0.006959
114.400749	0.006971
114.560562	0.000010
114.681236	0.000086
114.729568	0.000122
114.765350	-0.000062
114.863297	0.000024
114.984261	0.000115
115.013901	-0.000107
115.052170	-0.000044
115.106262	0.000502
115.112755	-0.000467
115.162842	-0.000062
115.232552	-0.000016
115.289879	0.000050
115.431915	-0.000317
115.454399	0.000303
115.543427	0.000068
115.591667	-0.000066
115.607452	0.000131
115.691078	-0.000042
115.753098	0.000061
115.822182	0.000099
115.834488	-0.000092
115.924980	-0.000012
115.985565	-0.000182
116.006004	0.001585
116.022003	-0.001289
116.049660	-0.000252
116.091667	-0.000135
116.236046	0.001023
116.250664	-0.000980
116.304237	-0.000192
116.363373	0.000026
116.379189	-0.001088
116.397476	0.000949
116.409851	-0.000751
116.425407	-0.000093
116.439964	-0.001686
116.442749	0.001717
116.527870	0.000024
116.590279	0.001507
116.706673	0.000300
116.733086	0.000004
116.887108	0.000028
116.983879	0.000438
117.001747	-0.000762
117.011765	0.000309
117.069908	0.000043
117.155182	0.000453
117.173378	-0.000592
117.227715	-0.000149
117.235916	0.000130
117.292999	-0.000021
117.389999	-0.000208
117.423775	0.000492
117.487076	-0.000360
117.515495	-0.000232
117.521332	0.000363
117.681282	-0.000013
117.834160	0.008286
117.836723	-0.008125
117.898567	0.000191
117.901947	-0.000565
117.915970	-0.000106
117.985878	-0.000028
118.019920	0.005607
118.022362	-0.005639
118.181412	-0.000064
118.218651	-0.000342
118.287857	0.000205
118.341652	0.000028
118.445297	0.000005
118.612328	0.000138
118.635017	-0.000294
118.673164	0.000184
118.710785	-0.001358
118.716316	0.001475
118.771935	-0.000008
118.852707	0.000225
118.909401	-0.000294
119.035172	-0.000061
119.050598	0.000088
119.175278	-0.000103
119.191673	-0.000177
119.215424	0.000328
119.269669	-0.000039
119.349167	-0.000165
119.380981	0.000087
119.435936	-0.000026
119.571526	0.000436
119.578377	-0.001069
119.590820	0.000011
119.624352	-0.000397
119.643051	0.000775
119.699539	0.000177
119.861008	-0.010831
119.862144	0.013177
119.913147	0.000523
119.948853	-0.000081
119.982933	0.000190
119.990494	0.000452
120.021919	-0.017072
120.035843	-0.003424
120.037643	-0.002580
120.052139	0.019859
120.178589	0.000465
120.185150	-0.000677
120.242874	-0.000783
120.333870	-0.000016
120.539009	0.000446
120.550110	-0.000325
120.607811	0.009081
120.611046	-0.009087
120.675331	-0.000026
120.769836	0.000107
120.792450	-0.000201
120.851097	-0.001272
120.856102	-0.006564
120.856590	0.007625
121.002068	0.013524
121.034523	-0.007578
121.063705	0.001274
121.107574	0.000173
121.170227	-0.007085
121.283905	0.000015
121.460655	-0.095242
121.461143	0.095180
121.509102	0.000135
121.551407	-0.000248
121.575401	-0.000267
121.607872	0.000318
121.633293	0.007623
121.638275	-0.007674
121.761436	-0.000110
121.798904	-0.000029
121.864830	-0.000342
121.914680	0.000259
122.016899	-0.000226
122.246681	0.000008
122.262802	-0.000683
122.293037	0.000203
122.321312	0.001032
122.323860	-0.000567
122.381706	0.000213
122.474892	0.000106
122.530830	-0.000226
122.635681	0.000160
122.646393	-0.000141
122.790199	0.004667
122.797791	-0.004288
122.833008	0.000401
122.846519	-0.000881
122.901047	0.000071
122.990990	-0.000569
123.038742	0.000750
123.174431	0.000028
123.180794	-0.001062
123.189056	0.001042
123.234024	-0.000479
123.256897	-0.000043
123.314507	0.000187
123.475601	0.002851
123.479118	-0.004744
123.514526	-0.000734
123.532860	0.002303
123.585159	0.010773
123.587738	0.003446
123.621773	-0.033373
123.632805	-0.011523
123.633263	0.011558
123.681862	0.016801
123.766647	0.003315
123.803337	0.000359
123.845581	0.000006
123.935532	0.000019
124.099312	0.000108
124.184464	0.000155
124.201385	-0.000047
124.233658	-0.000050
124.281036	0.000017
124.380157	0.000780
124.410049	-0.000829
124.418259	-0.000038
124.466919	0.000124
124.474228	-0.000011
124.620026	-0.000944
124.642128	0.000234
124.643135	-0.000318
124.689995	0.000342
124.836304	-0.000037
124.887901	-0.000029
125.087837	0.051538
125.088692	-0.051503
125.119507	-0.000140
125.188316	0.000252
125.207382	0.000294
125.233292	-0.008597
125.236084	0.000169
125.251541	0.005086
125.315933	0.003392
125.412163	0.000155
125.473091	-0.000092
125.491058	-0.000080
125.584908	0.000066
125.876587	0.000026
125.895706	0.000430
125.907387	-0.000347
125.931824	-0.000029
125.942474	0.000016
125.991760	0.000050
126.097656	-0.000024
126.154175	-0.000159
126.236015	-0.002964
126.242096	0.002923
126.381416	0.000253
126.411667	-0.000158
126.432625	-0.000296
126.439537	0.000426
126.468224	-0.000171
126.612877	0.001279
