-41.235558	-0.000000
-41.235176	-0.000007
-37.634083	-0.000021
-37.632900	0.000009
-34.033379	0.000051
-34.032166	-0.000059
-30.707693	0.000003
-30.706963	-0.000010
-30.432329	-0.000073
-30.431664	0.000109
-27.108433	0.000029
-27.105904	-0.000023
-26.832922	0.000020
-26.832174	-0.000041
-23.508221	0.000857
-23.507334	-0.000868
-23.233883	0.000063
-23.233788	-0.000043
-21.343531	0.000024
-21.343164	-0.000024
-20.299141	-0.003250
-20.298668	0.003255
-19.909546	-0.000087
-19.909027	0.000108
-19.637360	-0.000084
-19.636124	0.000075
-17.745399	-0.000108
-17.745304	0.000109
-16.700455	0.001966
-16.699558	-0.001968
-16.313417	0.000087
-16.313307	-0.000091
-16.039631	-0.001257
-16.039082	0.001254
-14.147543	0.000001
-14.147411	-0.000011
-13.142410	-0.000216
-13.141345	0.000218
-13.104545	0.018006
-13.104380	-0.017997
-12.720089	0.000294
-12.719785	-0.000278
-12.440674	-0.030268
-12.440443	0.030237
-12.094740	-0.005393
-12.093493	0.005383
-10.552876	0.000101
-10.552281	-0.000097
-9.545758	0.003635
-9.545648	-0.003652
-9.516368	-0.009373
-9.515513	0.009384
-9.133255	-0.000061
-9.132427	0.000044
-8.841619	-0.019773
-8.840992	0.019791
-8.491343	0.000061
-8.490742	-0.000057
-6.962181	0.000081
-6.962074	-0.000076
-6.109561	-0.000070
-6.107912	0.000071
-5.949771	-0.000519
-5.948750	0.000479
-5.941291	-0.001542
-5.940804	0.001609
-5.553833	0.000145
-5.553654	-0.000171
-5.238383	0.009069
-5.238106	-0.009082
-5.057761	-0.069397
-5.057488	0.069391
-4.884328	-0.013803
-4.883720	0.013841
-4.006342	0.000037
-4.005260	-0.000033
-3.377532	-0.006808
-3.376394	0.006809
-2.522515	0.011728
-2.522311	-0.011729
-2.379278	0.093575
-2.379109	-0.093594
-2.355939	-0.001214
-2.354954	0.001227
-1.983527	-0.006377
-1.982850	0.006376
-1.630491	-0.002133
-1.630099	0.002161
-1.466737	-0.001369
-1.465765	0.001366
-1.278570	-0.003337
-1.277383	0.003334
-0.409861	0.046591
-0.409408	-0.046577
-0.231304	-0.044198
-0.231179	0.044198
0.206593	0.038564
0.206760	-0.038538
0.798397	-0.013448
0.798772	0.013454
1.059330	-0.001631
1.060811	0.001609
1.171411	0.005957
1.172687	-0.005895
1.253748	-0.126887
1.253847	0.127279
1.571272	0.000085
1.572743	-0.000044
1.842265	-0.042950
1.842704	0.042979
1.982654	0.018231
1.983649	-0.018309
2.111161	-0.029261
2.111498	0.029281
2.359974	0.122306
2.360079	-0.122105
3.157030	-0.010159
3.157728	0.010361
3.347206	-0.000262
3.349241	0.000310
3.790821	-0.000220
3.792756	0.000543
4.321058	-0.018020
4.321249	0.017833
4.479432	-0.000518
4.480388	0.000665
4.619136	-0.000844
4.621058	0.000862
4.718567	0.005220
4.719780	-0.005540
4.880085	-0.006024
4.882035	0.005668
5.095802	-0.000969
5.096350	0.001019
5.362929	-0.001589
5.364474	0.001382
5.556263	0.000812
5.559435	-0.000871
5.602561	0.005567
5.604415	-0.005185
5.617379	0.002979
5.618697	-0.003088
6.038887	-0.022378
6.039106	0.021890
6.594841	-0.000525
6.605186	0.000577
6.637900	-0.003107
6.642834	0.003013
6.896655	0.000518
6.900856	-0.000626
7.378635	-0.002073
7.378959	0.001071
7.723288	-0.000196
7.731726	0.000351
7.763066	-0.000405
7.778376	0.000583
7.936852	-0.000269
7.953053	0.000054
8.108035	0.001898
8.116302	-0.001894
8.153522	-0.000840
8.159410	0.000623
8.273858	0.007210
8.276784	-0.007691
8.513019	-0.001946
8.515243	0.002239
8.529261	-0.000292
8.552041	-0.000030
8.838084	-0.001084
8.856445	-0.000194
8.959158	0.000052
9.014367	-0.000089
9.053626	0.000326
9.078616	0.000411
9.151177	0.000143
9.184812	-0.000157
9.223471	0.018693
9.225004	-0.019056
9.711501	0.000027
9.719297	0.000067
9.901578	0.001990
9.932862	-0.000918
9.996037	-0.001315
10.074782	0.000816
10.171712	0.042276
10.251555	-0.042318
10.260470	0.000003
10.470531	-0.000137
10.482194	-0.001099
10.493413	0.000967
10.835369	0.000215
10.843976	0.000067
10.974329	-0.011635
10.976095	0.012049
11.138811	0.004137
11.164100	-0.004048
11.263525	0.000812
11.263796	-0.002007
11.314104	0.000237
11.327964	0.000156
11.334426	0.000008
11.350031	0.000072
11.421909	0.000037
11.591478	-0.000192
11.680024	-0.012450
11.803493	0.000096
11.830487	-0.005939
11.834228	0.017815
11.842536	0.003336
11.872299	0.000012
11.957040	0.000221
11.974887	-0.001213
12.001213	-0.000151
12.061808	-0.001036
12.070475	0.000441
12.118974	0.000038
12.157080	0.000787
12.170994	-0.001287
12.325941	0.000061
12.397584	0.000541
12.422968	0.002486
12.445915	-0.007616
12.537423	0.014013
12.578652	0.000043
12.601372	-0.000175
12.702381	-0.001157
12.841681	-0.010198
12.845619	0.000627
12.848689	0.001790
12.869243	0.002304
13.084851	0.000096
13.218152	-0.000283
13.222510	-0.000341
13.374802	0.000072
13.397227	-0.000834
13.452531	-0.000636
13.539665	0.000082
13.574660	0.000113
13.586904	0.000266
13.605741	-0.000007
13.767560	-0.000467
13.835050	0.000192
14.074574	-0.000369
14.116491	-0.000251
14.137547	0.000337
14.317256	0.000478
14.351433	0.000269
14.412443	-0.000455
14.494777	-0.001144
14.580833	0.000713
14.587221	-0.000390
14.603925	-0.000113
14.618689	-0.000111
14.701246	0.000191
14.753852	-0.000007
14.868809	-0.000249
14.997031	0.000114
15.030624	0.000099
15.081076	0.000086
15.127914	0.000100
15.179617	0.000096
15.183727	-0.003130
15.297402	-0.000360
15.348628	0.000456
15.375546	0.000578
15.414191	-0.001410
15.485876	0.000466
15.489383	-0.000145
15.499209	0.001994
15.516114	-0.000799
15.569162	-0.000254
15.574310	0.000360
15.616671	0.000392
15.666599	0.000016
15.718863	0.000477
15.836573	0.000426
15.851556	-0.000698
15.925816	0.001712
15.962976	0.000664
16.014477	0.000608
16.014845	0.002687
16.051600	-0.005093
16.156315	-0.000242
16.184710	-0.000121
16.211924	0.000018
16.271656	-0.000317
16.323374	0.000229
16.345268	0.000776
16.462620	0.000288
16.466393	0.001247
16.472651	-0.000070
16.516882	-0.000056
16.728857	-0.001381
16.768574	-0.000052
16.772408	-0.002959
16.867590	-0.002000
17.024855	0.002442
17.029781	0.000048
17.143379	0.025759
17.146461	-0.021557
17.182127	-0.000187
17.344641	-0.001473
17.348732	-0.000039
17.599094	-0.000160
17.620062	0.000055
17.728060	0.001156
17.737885	0.000068
17.750305	0.000549
17.784225	-0.000388
17.856134	0.000379
17.930403	-0.000270
17.936665	-0.000016
17.973511	0.000853
18.041185	-0.000008
18.186249	0.000007
18.197430	0.000503
18.228745	0.000018
18.369278	-0.000056
18.423052	-0.000277
18.540180	0.001530
18.540758	-0.000946
18.572353	-0.000537
18.656654	0.000309
18.806154	0.000153
18.874025	-0.000073
18.914124	-0.001513
18.923286	0.000013
18.931673	0.000085
18.945400	0.001527
18.953461	0.001407
18.958788	0.013897
18.993784	0.000313
19.101667	-0.000050
19.122852	0.001744
19.124924	-0.016061
19.222206	0.000211
19.236341	-0.001181
19.252396	-0.000051
19.280851	-0.000006
19.412937	-0.000384
19.430988	-0.000329
19.544807	0.001661
19.561396	-0.000358
19.610641	-0.000296
19.625031	-0.000111
19.763416	0.073090
19.778111	0.000165
19.778322	-0.081096
19.853661	-0.000857
19.867161	0.005898
19.897415	-0.000177
19.945627	0.000628
20.019739	-0.000310
20.031912	-0.000222
20.066990	-0.000646
20.129456	0.001774
20.202892	0.000007
20.228168	0.000144
20.262444	0.000290
20.505125	0.000062
20.565790	0.000161
20.673685	0.000319
20.749205	-0.000036
20.803520	0.000041
20.839792	-0.000092
20.856556	-0.001332
20.880117	-0.000122
20.908255	0.001019
20.967138	-0.000409
21.097200	0.000149
21.176424	0.000328
21.206594	0.000104
21.268274	0.000051
21.338287	0.000615
21.470984	-0.000751
21.479008	-0.000714
21.494934	0.000742
21.527763	-0.000105
21.585688	-0.000322
21.767387	0.000472
21.829170	0.000123
21.833099	0.000195
21.935785	-0.000101
21.976788	-0.000039
22.127115	-0.000112
22.135143	-0.000090
22.214714	0.000273
22.241055	0.000063
22.313452	-0.000500
22.374981	0.000115
22.420013	-0.000048
22.450182	-0.000024
22.467945	-0.000633
22.559923	0.001595
22.575834	0.000127
22.590801	0.000255
22.595421	-0.000059
22.598005	-0.001231
22.609190	-0.000046
22.645027	-0.000004
22.697283	0.000918
22.705038	0.000688
22.768246	-0.000061
22.893192	0.003454
22.899569	-0.002836
22.997166	0.000241
23.042068	0.000630
23.112766	0.000131
23.149254	0.001063
23.238817	0.000087
23.290115	0.000540
23.298944	0.000140
23.379749	0.000219
23.419790	-0.002186
23.440271	0.000320
23.529282	0.000072
23.554642	0.000135
23.589422	-0.000179
23.592045	0.000643
23.608547	-0.000048
23.650267	0.000006
23.722616	0.001124
23.755550	-0.001318
23.892225	0.000113
23.915958	0.000045
23.931553	0.000184
24.141260	-0.000712
24.222460	-0.000275
24.321947	0.000015
24.373138	-0.000065
24.455818	0.000155
24.510447	0.000107
24.581045	0.000047
24.581455	-0.000065
24.615875	0.000218
24.668358	0.000255
24.686178	-0.000845
24.747051	-0.000405
24.927225	-0.000069
25.007719	-0.000184
25.017694	0.000024
25.163477	0.000496
25.165724	-0.000565
25.202831	-0.000398
25.282906	-0.000062
25.439461	0.001037
25.471809	-0.002110
25.473839	0.001560
25.502687	0.000011
25.596109	-0.000022
25.633076	-0.000124
25.756737	-0.000309
25.770721	0.000014
25.883839	-0.000476
25.932665	-0.000415
25.950956	0.000087
26.003319	0.000290
26.020527	-0.000309
26.069613	-0.000164
26.101339	0.000121
26.208429	0.000004
26.215370	-0.000580
26.225468	0.000180
26.232014	-0.000536
26.243971	0.000915
26.275013	0.000071
26.308378	-0.000377
26.401913	-0.000011
26.404465	0.000097
26.540014	-0.000546
26.564301	-0.000152
26.609465	0.000399
26.616194	0.000207
26.631014	-0.000023
26.636595	-0.000129
26.772642	0.000021
26.834541	-0.000179
26.887922	0.000022
26.980297	-0.000234
27.001490	-0.000199
27.079462	-0.000077
27.140388	-0.000321
27.207998	-0.000011
27.278288	-0.001156
27.282875	-0.001407
27.290312	0.003489
27.295431	-0.000002
27.358622	0.000252
27.377230	-0.001140
27.426016	0.000691
27.513950	0.000119
27.592527	0.000003
27.643215	-0.000195
27.669775	0.000198
27.697142	0.000405
27.867683	0.000089
28.003441	-0.000044
28.127153	0.000130
28.165104	0.000040
28.191149	-0.000386
28.314520	-0.000260
28.382553	0.000013
28.427010	0.000199
28.449316	0.000071
28.523159	0.000084
28.526665	-0.000186
28.575096	0.000180
28.727779	-0.000003
28.746586	0.000027
28.824629	-0.000253
28.838057	0.000218
29.072124	-0.000232
29.087183	-0.000019
29.107531	0.000050
29.195864	-0.000082
29.248280	-0.000262
29.310270	0.000217
29.355736	0.000182
29.358803	-0.000259
29.360098	0.000278
29.394325	-0.001420
29.428797	-0.000036
29.584482	-0.000310
29.593388	0.000360
29.600773	0.000211
29.766722	0.000037
29.813278	0.000016
29.815704	0.000934
29.836130	-0.001084
29.841480	0.000097
29.881495	0.000073
29.902964	0.000838
29.925779	-0.000471
30.015047	0.000018
30.071688	-0.000197
30.118345	-0.000019
30.187218	-0.000634
30.217926	0.000208
30.259544	-0.000118
30.348156	-0.000119
30.388233	0.000959
30.400938	0.000185
30.437349	0.000112
30.477501	0.000126
30.645668	-0.001237
30.648800	0.001103
30.681459	0.000092
30.789900	-0.000100
30.799692	0.000020
30.824667	0.000158
30.833151	-0.000327
30.933430	-0.000030
30.945665	-0.000726
31.022192	0.000320
31.040867	0.001179
31.050249	-0.000839
31.215555	-0.000017
31.231766	-0.000052
31.268320	0.000390
31.298836	0.000087
31.337461	-0.000119
31.337965	0.000038
31.427126	0.000084
31.583239	-0.000210
31.716913	-0.000143
31.796360	0.000383
31.946953	-0.000025
32.046341	-0.000023
32.069736	0.000061
32.129379	0.000113
32.136875	0.002209
32.145199	-0.002181
32.177963	-0.000192
32.341457	-0.003847
32.363140	0.000096
32.451286	-0.000273
32.504894	0.000229
32.545059	-0.000252
32.609276	0.000173
32.656940	0.000007
32.692268	0.001232
32.758095	0.003326
32.791302	0.002181
32.808197	-0.002186
32.929760	-0.000193
32.933723	0.000073
33.022717	0.000968
33.178406	0.000045
33.194618	0.000203
33.233360	0.000457
33.242783	-0.000206
33.396606	-0.004590
33.398136	0.004532
33.454319	-0.000109
33.457912	0.000055
33.474827	-0.000070
33.519844	-0.000435
33.552509	-0.000017
33.590412	-0.000237
33.605335	0.005317
33.607380	-0.000093
33.641735	-0.006000
33.781002	0.000124
33.827709	-0.002881
33.828598	0.002477
33.913746	-0.000005
33.973541	0.000240
34.053417	-0.000158
34.065208	0.000041
34.217907	-0.000966
34.233852	0.000989
34.288876	0.018054
34.289906	-0.017163
34.335880	-0.000935
34.349941	0.000676
34.454388	0.000133
34.469658	-0.000010
34.529362	0.000033
34.575016	0.000403
34.717606	-0.005423
34.722591	0.004261
34.756607	0.000015
34.800812	0.000255
34.842350	0.000069
34.876255	0.000286
34.923603	0.000012
34.930302	-0.000051
35.107784	0.000086
35.141266	0.000098
35.154041	-0.000782
35.250175	-0.000274
35.256577	0.000797
35.631771	-0.000001
35.657566	-0.000297
35.743397	-0.000057
35.759426	-0.018069
35.768925	0.017783
35.787521	-0.000155
35.799660	-0.000008
35.956699	0.000203
35.962204	-0.000186
35.969753	-0.000043
36.057568	-0.000001
36.067257	0.000678
36.132492	-0.000029
36.134361	0.000229
36.190987	-0.000178
36.225266	-0.000163
36.433434	-0.010220
36.435936	0.010669
36.628693	-0.000036
36.631962	-0.000258
36.745804	0.000041
36.755547	-0.000034
36.786381	-0.000562
36.824486	-0.000150
36.848328	0.000901
36.970585	0.000747
36.970695	-0.000743
37.035767	0.000055
37.063057	0.000610
37.144192	0.000166
37.149170	-0.000919
37.155533	0.000015
37.165455	-0.000435
37.176636	0.001504
37.184597	-0.000104
37.249390	-0.000005
37.298168	-0.000229
37.355511	-0.000183
37.396221	-0.000320
37.451607	0.000220
37.598175	0.000014
37.746727	0.000053
37.784882	-0.000039
37.860306	-0.001608
37.865547	0.000960
37.891140	0.000049
37.898716	-0.000543
37.910011	0.000733
38.006161	0.003955
38.009594	-0.003907
38.102203	-0.000084
38.103783	0.000065
38.172611	0.000223
38.274853	0.000095
38.349075	-0.000396
38.382729	0.000804
38.389187	-0.000304
38.403069	-0.000805
38.423714	-0.000003
38.593937	-0.000088
38.687496	-0.000012
38.757591	-0.000846
38.809376	0.000292
38.907970	0.000336
38.917561	-0.000045
38.934372	0.000225
39.090286	-0.000031
39.138638	0.000009
39.317802	0.000911
39.320877	-0.001012
39.360390	0.000007
39.384731	-0.000246
39.431271	0.000041
39.502666	0.000202
39.556843	0.000004
39.593830	-0.000166
39.606258	-0.000008
39.648220	-0.000171
39.694405	0.000000
39.727100	0.000101
39.748848	-0.000062
39.999851	0.000032
40.075352	-0.000386
40.080086	0.000348
40.184662	-0.000034
40.323498	-0.000007
40.376209	0.002561
40.443512	-0.000231
40.453136	-0.000019
40.460384	-0.002916
40.464958	-0.000138
40.465878	0.000238
40.540657	-0.000272
40.580357	0.000274
40.637409	-0.000130
40.672153	-0.000590
40.713421	-0.001595
40.722843	0.001616
40.752033	0.000126
40.834324	0.003413
40.836899	-0.003707
40.870426	0.000119
40.903118	-0.000571
40.920162	0.001436
41.007298	0.000049
41.089417	-0.000139
41.241093	-0.000181
41.301655	-0.000034
41.393764	-0.000075
41.429600	0.001500
41.433754	-0.001477
41.452507	-0.000024
41.487122	-0.000002
41.629776	0.000009
41.641441	0.000053
41.671658	0.000071
41.715111	0.000091
41.770439	-0.000222
41.783077	0.000005
41.786415	0.000399
41.840347	0.000008
41.980404	-0.000025
41.999775	-0.000435
42.053448	-0.107839
42.053688	0.107790
42.285015	-0.000090
42.302689	-0.000123
42.308517	0.000129
42.388443	-0.000130
42.463219	0.000012
42.647842	0.000004
42.691605	-0.000760
42.717087	0.000106
42.732098	0.000654
42.814106	0.000153
42.842609	-0.000026
42.864147	-0.000164
42.976337	0.000026
42.996967	-0.000000
43.059338	0.000066
43.126858	-0.000082
43.230469	0.000037
43.262814	-0.000187
43.289936	-0.005249
43.291775	-0.000047
43.301403	0.006188
43.443279	-0.000077
43.617798	-0.000009
43.718697	-0.001278
43.721794	0.001566
43.776024	0.000088
43.862122	0.000250
43.966171	-0.000030
43.985077	0.000029
44.072979	0.000156
44.084789	0.000635
44.114594	-0.000051
44.117054	-0.000540
44.174850	-0.000027
44.225082	-0.000044
44.275143	0.000083
44.304249	-0.001751
44.309036	0.001778
44.316189	0.000517
44.323639	-0.000029
44.428257	-0.000089
44.496212	-0.008775
44.498951	0.008869
44.530289	-0.000023
44.555134	-0.000134
44.594387	0.000313
44.629086	-0.000643
44.770008	0.000483
44.979740	0.000317
44.980881	0.001144
44.989155	-0.000786
45.000874	-0.000313
45.072075	0.000271
45.153690	0.000037
45.212193	0.000050
45.249790	0.000002
45.310883	-0.000520
45.326668	-0.000677
45.330338	0.000552
45.434399	0.000219
45.457001	0.224720
45.457314	-0.225378
45.519169	-0.000009
45.563812	0.000300
45.612061	-0.000010
45.705101	-0.001987
45.706451	0.001782
45.894192	-0.000037
45.951679	0.000055
46.013454	-0.000403
46.181450	-0.000194
46.219364	-0.000006
46.324730	-0.000330
46.346642	0.000312
46.354172	-0.000905
46.372925	0.000985
46.413132	-0.000465
46.420818	0.000004
46.590893	-0.000071
46.657829	0.000041
46.675701	-0.000001
46.679329	0.000010
46.807903	-0.000016
46.843323	0.000039
46.863918	0.000034
46.881203	-0.000126
46.973183	-0.000274
47.090569	-0.000038
47.235916	-0.000020
47.343399	-0.000484
47.352749	0.003061
47.358555	-0.003404
47.377647	0.000260
47.556892	-0.000022
47.594208	0.000001
47.691418	-0.000187
47.697186	0.000165
47.712170	-0.000199
47.765354	0.000217
47.789398	-0.000068
47.864319	-0.000258
47.892933	0.000231
47.896343	0.000321
47.939854	0.000240
47.944588	-0.000013
47.977848	-0.000210
48.017658	0.000023
48.080669	0.000235
48.128677	-0.097987
48.128944	0.098093
48.164005	0.000449
48.198849	-0.001042
48.251892	0.000234
48.496197	-0.000159
48.536934	0.010067
48.538280	-0.010410
48.591995	-0.000058
48.618221	0.000048
48.661884	-0.000112
48.784237	0.000706
48.832932	0.000079
48.837837	0.000189
48.844730	-0.000234
48.904263	0.000570
48.933350	0.000839
48.982857	-0.000197
49.047596	0.000050
49.101845	-0.001158
49.107479	0.001113
49.157864	0.000037
49.172890	0.000018
49.344044	-0.002260
49.344650	0.002422
49.526562	0.000332
49.568523	0.000091
49.595726	-0.000109
49.742966	0.000191
49.838570	0.000074
49.865044	-0.000298
49.880302	0.000088
49.948265	0.000018
50.027348	-0.000021
50.071171	0.009353
50.073814	-0.008828
50.200653	0.000052
50.202572	-0.000047
50.288822	-0.000008
50.378086	-0.000053
50.385067	0.000865
50.395714	-0.000764
50.482414	-0.000122
50.526970	0.000351
50.544933	-0.000056
50.619350	0.000043
50.842861	-0.000217
50.961506	-0.000608
50.978779	0.001268
50.996777	-0.000584
51.077381	0.000026
51.145325	-0.000016
51.161194	-0.000016
51.304100	0.000502
51.321609	-0.000656
51.325348	-0.000129
51.351139	0.000131
51.413361	-0.001405
51.428246	0.000628
51.437843	-0.000001
51.496246	0.000101
51.513321	0.000014
51.588966	0.000119
51.636536	0.001001
51.650673	-0.000156
51.739796	-0.000593
51.742264	0.000361
51.764019	-0.000608
51.797394	0.000394
51.835781	-0.000125
51.880653	0.000173
52.088741	-0.007232
52.092106	0.008263
52.125153	-0.000410
52.204872	0.002038
52.259777	-0.000044
52.294796	0.000020
52.329060	0.000241
52.360943	-0.004443
52.362671	-0.000279
52.435387	-0.000063
52.523705	0.000133
52.554214	0.000597
52.573021	-0.000061
52.677433	0.000004
52.679489	-0.000013
52.720978	0.004228
52.728825	-0.004094
52.858749	0.000027
52.966396	0.011370
52.969749	-0.011402
53.080585	-0.000042
53.201778	0.000226
53.258114	-0.000266
53.341568	-0.000185
53.360252	0.000363
53.375179	0.001071
53.387505	-0.000918
53.648468	-0.000034
53.672768	-0.001192
53.685574	0.000929
53.702305	0.000045
53.757393	-0.000004
53.806198	-0.000033
53.889847	0.000024
53.963623	-0.006292
53.969238	0.006253
54.049667	0.000064
54.070000	-0.000033
54.174294	0.000208
54.210453	0.000025
54.218407	-0.000210
54.354439	0.000238
54.595047	-0.012802
54.597733	0.012698
54.672024	0.000096
54.718925	-0.000053
54.728504	0.000388
54.834740	-0.000306
54.866215	0.000143
54.946415	-0.000324
54.948616	-0.000206
54.957596	-0.000023
54.957932	0.000826
54.993687	-0.000015
55.061489	-0.000065
55.065376	0.000226
55.104027	-0.000108
55.236645	0.000042
55.304955	-0.000084
55.331619	-0.000827
55.335892	0.001039
55.345493	-0.000880
55.421215	0.012713
55.423828	-0.012621
55.483200	-0.000385
55.516899	0.000383
55.645504	-0.004402
55.646660	0.003950
55.653877	-0.000067
55.866470	-0.000060
55.866680	0.000285
55.893707	-0.000383
55.928158	-0.000242
55.945061	0.000316
55.954128	-0.000257
56.027386	0.000037
56.115612	0.000025
56.152664	-0.000091
56.174381	0.000170
56.191143	-0.000057
56.294601	0.001955
56.309044	-0.002047
56.365131	0.000059
56.533180	-0.000034
56.578350	-0.015752
56.579502	0.015650
56.605591	-0.000100
56.862766	0.000049
56.881958	-0.000427
56.893867	0.000147
56.940529	-0.001067
56.941559	0.001077
56.969219	0.000197
57.188805	-0.000033
57.221264	-0.000435
57.260365	0.000754
57.324650	0.000051
57.407650	0.000180
57.472195	-0.000042
57.484879	-0.000193
57.547459	0.000010
57.557243	-0.000013
57.575348	-0.000274
57.760216	0.000146
57.855927	0.000001
57.870888	0.000246
57.921944	0.000100
57.943367	-0.000025
58.204025	-0.004950
58.204098	0.004971
58.266235	0.000173
58.277988	-0.000098
58.337311	-0.000241
58.419277	0.000066
58.473995	-0.000171
58.551205	0.000361
58.561817	0.000003
58.574348	0.003068
58.581806	-0.003030
58.587215	-0.000236
58.703632	0.000806
58.709419	-0.000759
58.728302	-0.000243
58.871609	0.000012
58.901180	0.000154
58.915062	-0.000216
58.937992	0.000075
59.005032	0.000460
59.045578	0.000758
59.064388	-0.001114
59.154179	0.000638
59.159920	-0.000671
59.191589	-0.000072
59.202957	-0.001361
59.214321	0.001570
59.419594	0.000018
59.444008	-0.000768
59.500523	0.000417
59.576694	-0.000009
59.600990	0.000064
59.601948	0.000466
59.609348	-0.000365
59.640137	0.000555
59.710743	0.000290
59.776661	0.000226
59.834717	0.000339
59.846481	0.000003
59.876236	-0.000164
60.033352	-0.000094
60.156811	-0.000444
60.171074	-0.024982
60.176437	0.025395
60.185360	0.000058
60.391117	0.001139
60.398808	-0.001243
60.435211	0.000145
60.592960	0.000051
60.629803	0.002833
60.633205	-0.003013
60.693741	-0.000564
60.728695	0.000070
60.818966	-0.000119
60.983803	0.000017
61.009399	0.000385
61.073189	-0.000398
61.131729	0.000127
61.143745	-0.001445
61.153690	0.001366
61.160759	0.000024
61.426128	0.000003
61.450397	-0.000053
61.539787	-0.000417
61.654308	-0.000139
61.671368	0.000158
61.735619	0.000043
61.802242	0.017563
61.803688	-0.017526
61.842701	0.000003
61.972000	0.000018
61.998760	0.000153
62.073658	0.000049
62.137226	0.000037
62.201653	0.000704
62.205460	-0.000058
62.208481	-0.000833
62.239979	-0.000005
62.315712	0.000029
62.338585	-0.000112
62.450848	0.000673
62.463757	0.000810
62.485523	-0.000647
62.499741	-0.000129
62.557961	0.000238
62.616772	-0.000476
62.657112	-0.000344
62.716042	0.000700
62.746170	-0.000738
62.765396	0.000661
62.768444	-0.000092
62.789371	0.000060
62.845440	-0.000029
62.943130	0.000143
62.972469	-0.000000
63.112038	0.000021
63.127483	0.000077
63.196228	-0.000143
63.253181	0.001318
63.264111	-0.001313
63.330715	-0.000276
63.350239	-0.000496
63.369335	0.000012
63.375301	0.000128
63.431240	-0.000421
63.494568	-0.000052
63.686958	-0.000037
63.732128	0.000220
63.754459	-0.017896
63.757282	0.017871
63.812798	0.000027
63.901970	0.001244
63.912453	-0.001217
63.999958	-0.000008
64.116127	0.000023
64.228798	0.000189
64.310677	-0.000087
64.314781	0.000474
64.324402	0.000164
64.377502	-0.000056
64.610489	-0.000248
64.633186	-0.000048
64.664017	0.000258
64.707146	-0.000100
64.748779	-0.000847
64.757301	0.000927
64.831795	-0.000043
65.023849	0.000195
65.061806	-0.000015
65.148163	0.000004
65.273849	0.000293
65.377937	-0.000877
65.387161	-0.000439
65.395386	0.008041
65.399849	-0.006825
65.421806	0.000174
65.530251	-0.000075
65.656242	0.000025
65.708237	-0.000050
65.718262	0.000317
65.828445	0.000630
65.829323	-0.000143
65.832016	0.000079
65.919411	-0.000095
65.924980	-0.000301
65.971626	0.000067
66.024124	-0.001439
66.053329	0.001274
66.114334	-0.000234
66.161964	0.000087
66.180923	-0.000326
66.213692	-0.000210
66.241196	-0.000423
66.267166	0.000024
66.316872	0.000018
66.335884	0.000143
66.352280	0.001044
66.374878	-0.000056
66.537254	0.000027
66.546379	0.000210
66.580688	-0.000319
66.654327	-0.000009
66.751953	0.000351
66.798302	-0.000322
66.888008	0.000583
66.900146	-0.000848
66.907150	0.000816
66.955856	0.000049
66.966042	0.000030
66.991646	-0.000529
67.133804	0.000037
67.139732	0.000483
67.316330	0.000137
67.323730	-0.001575
67.328316	0.014657
67.331314	-0.013608
67.428963	0.004547
67.429901	0.000512
67.434868	-0.004997
67.571388	-0.000011
67.614044	-0.000016
67.747986	-0.000783
67.949142	0.000555
67.974648	0.000184
67.977730	-0.000640
67.991730	0.000612
68.209785	0.000589
68.251808	-0.000530
68.272331	0.000056
68.294754	-0.000069
68.360939	0.000390
68.373428	-0.000458
68.484932	0.000059
68.600105	0.000061
68.604378	0.000094
68.677719	0.000030
68.978195	0.000134
68.980888	-0.006855
68.981743	0.006675
69.006737	-0.000191
69.055244	-0.000144
69.083282	0.000183
69.098846	-0.000641
69.304337	-0.000265
69.313911	0.000183
69.358391	-0.000497
69.449295	-0.001651
69.452271	0.001679
69.460938	-0.000337
69.529510	0.000221
69.588127	0.000130
69.590202	0.000406
69.596809	0.000457
69.621605	-0.000480
69.630440	0.000084
69.716705	0.000090
69.757599	-0.000083
69.803040	-0.000041
69.874222	0.000826
69.896317	-0.002259
69.914436	0.001951
69.956718	-0.000076
69.969414	-0.001810
69.970299	0.000501
70.105644	0.000016
70.210243	0.000004
70.250084	0.000472
70.273407	-0.000244
70.377014	-0.000655
70.417595	0.000471
70.443321	-0.000232
70.531952	0.002155
70.537636	-0.002156
70.556709	0.000131
70.579285	-0.000098
70.585846	0.000063
70.766090	-0.000009
70.870537	-0.001459
70.888893	0.001841
70.913902	0.000274
70.922493	-0.000824
70.938110	0.000035
70.971130	0.004519
70.979172	-0.005869
71.029411	0.000010
71.127983	-0.000013
71.139198	0.001603
71.290550	-0.000276
71.538559	0.000109
71.621742	0.000299
71.629486	-0.000137
71.633560	-0.000267
71.811371	0.000014
71.847061	-0.000028
71.897217	0.000280
71.906631	-0.000080
71.982208	-0.000226
71.994934	0.000306
72.055138	-0.000023
72.128304	0.000074
72.180695	-0.000149
72.276711	-0.000215
72.565384	0.005994
72.568077	-0.005954
72.610527	-0.000328
72.679237	0.001198
72.682549	0.000010
72.701782	0.000494
72.719124	-0.000540
72.896614	-0.000019
72.962051	-0.000259
73.011436	0.000300
73.047882	-0.000012
73.065414	0.001241
73.069145	-0.001266
73.103798	-0.000113
73.135666	-0.000674
73.171005	-0.000491
73.196472	0.000476
73.213898	-0.000411
73.238571	-0.000035
73.311996	0.000085
73.346626	-0.000106
73.391678	-0.000480
73.479843	0.000654
73.491455	-0.000029
73.506248	0.000206
73.571091	-0.000158
73.575714	-0.000234
73.685394	0.000085
73.701767	-0.000022
73.784103	0.000017
73.935921	-0.002129
73.952026	0.001902
73.998230	0.000015
74.024521	-0.000469
74.061226	-0.000062
74.126190	0.000581
74.139313	0.000034
74.155632	-0.000032
74.198402	0.000064
74.234764	0.000078
74.390831	-0.000009
74.458138	-0.114064
74.458504	0.114042
74.497772	0.000442
74.520279	-0.000065
74.537315	0.000028
74.562607	-0.000464
74.619392	0.000005
74.657448	-0.000637
74.674774	-0.000039
74.716621	0.000084
74.870865	0.000618
75.146767	-0.000060
75.218719	-0.000093
75.256210	0.000271
75.276489	0.000026
75.414398	-0.000008
75.442711	0.000026
75.509842	0.000385
75.533066	0.000054
75.551064	0.000161
75.606041	-0.000573
75.621689	0.000514
75.743088	-0.000059
75.751114	-0.000156
75.864548	0.000048
76.148384	-0.002985
76.149155	0.002983
76.221115	-0.000158
76.278305	0.000271
76.301201	-0.000471
76.336227	0.000469
76.367126	-0.000143
76.480133	0.000162
76.496193	-0.000057
76.596222	0.000448
76.657318	-0.000621
76.673462	0.002700
76.679054	-0.002744
76.742332	0.000734
76.749161	0.000213
76.758652	-0.000216
76.776733	0.000376
76.826309	-0.000054
76.862923	0.000121
76.898735	-0.000200
76.930779	0.000207
76.978149	-0.000353
77.080673	-0.000087
77.101295	-0.000677
77.112724	0.000519
77.158585	0.000283
77.192154	-0.000352
77.280884	0.000516
77.375092	-0.000009
77.428024	-0.000024
77.581558	-0.002007
77.592392	0.001689
77.611992	0.000190
77.639900	0.000398
77.701332	0.000003
77.719727	0.000045
77.728806	0.000029
77.752129	-0.000018
77.809593	-0.000066
77.894806	-0.000146
78.007790	0.000042
78.027275	0.009854
78.029503	-0.009854
78.099007	-0.000704
78.118256	0.000630
78.126472	0.000105
78.180115	0.000035
78.198769	-0.000067
78.256035	0.000033
78.307007	-0.000098
78.386986	-0.000186
78.476501	0.000203
78.758293	-0.000248
78.791702	0.000008
78.837975	-0.000033
78.900169	-0.000021
79.019791	0.000519
79.047424	-0.000543
79.107002	-0.000388
79.134865	-0.000353
79.150673	0.000015
79.229813	-0.000559
79.249908	0.000556
79.331947	-0.000376
79.341560	0.000072
79.443352	0.000169
79.729858	-0.003646
79.732178	0.003591
79.845818	-0.000019
79.846840	0.000078
79.897141	-0.000126
79.927818	-0.000073
79.980576	-0.000076
80.013016	0.000087
80.099731	0.000084
80.215988	-0.000159
80.277245	-0.016307
80.279144	0.016417
80.289215	0.000204
80.347565	0.000147
80.362328	-0.001052
80.369598	0.000861
80.388260	0.000082
80.432030	0.000013
80.469536	0.000359
80.481255	0.000128
80.511017	-0.000110
80.566132	0.000256
80.675354	-0.000561
80.725624	0.000110
80.735886	0.000172
80.737137	-0.000011
80.819092	0.000045
80.900902	-0.000070
80.983093	0.000020
81.123459	0.000022
81.195045	-0.004273
81.204109	0.003819
81.221848	0.000104
81.261238	0.000029
81.273178	0.000061
81.314316	-0.000543
81.326035	0.000506
81.357147	0.000089
81.414368	0.000017
81.539314	0.000036
81.596748	0.024645
81.600098	-0.024589
81.617592	0.000017
81.708290	-0.000194
81.742126	-0.001503
81.763664	0.001688
81.773720	0.000207
81.820961	-0.000079
81.869667	-0.000024
81.928314	-0.000116
82.091766	0.001033
82.104919	-0.000972
82.346924	-0.000310
82.352859	0.000259
82.371643	0.000293
82.502739	0.000025
82.626045	-0.000327
82.653694	0.000348
82.736504	-0.000009
82.764359	0.000192
82.772285	0.000807
82.852699	-0.000241
82.876282	0.000096
82.923012	-0.000205
82.948982	-0.000137
83.012489	0.000223
83.313972	-0.032510
83.315262	0.032467
83.374954	-0.000043
83.400612	0.000040
83.479408	-0.000305
83.535370	0.000325
83.615616	-0.000236
83.636375	-0.000395
83.708824	-0.000033
83.822960	0.000093
83.876442	0.003434
83.877266	-0.003487
83.902512	-0.000051
83.953918	-0.000224
83.968941	0.005475
83.974655	-0.005599
84.017937	0.000185
84.029739	-0.000026
84.058945	-0.000433
84.061317	-0.000199
84.087212	0.000121
84.153893	0.000375
84.265625	-0.000077
84.309036	0.000295
84.368050	0.002913
84.375381	-0.003029
84.456879	-0.000190
84.546074	0.000255
84.606926	-0.000024
84.748985	0.000025
84.783920	0.000269
84.794846	-0.000379
84.850349	0.000754
84.870087	-0.000895
84.874199	0.000882
84.888069	0.005667
84.890472	-0.005609
84.972549	-0.000298
85.014900	-0.000051
85.163445	-0.000255
85.173187	-0.020257
85.174782	0.020598
85.219521	0.000003
85.283676	0.000005
85.341827	0.000031
85.407349	-0.000007
85.447006	-0.000008
85.490120	-0.000056
85.510628	-0.000047
85.588135	0.000031
85.750366	0.000602
85.771935	-0.000820
85.895081	-0.005518
85.895554	0.005422
85.907326	-0.000541
86.090759	-0.000018
86.234032	-0.000323
86.265961	0.000349
86.368713	-0.000045
86.402779	0.000039
86.424942	-0.000525
86.473335	0.000108
86.494263	-0.000170
86.500343	-0.000036
86.573158	0.000126
86.623634	0.000103
86.889771	0.004460
86.892380	-0.005386
86.900253	-0.002465
86.902710	0.003342
87.119675	0.000090
87.185097	0.002825
87.186325	-0.002675
87.320877	0.000069
87.322891	0.000211
87.418159	-0.000050
87.471352	0.000932
87.474228	-0.000911
87.505760	0.000062
87.561272	0.000069
87.581604	-0.000767
87.593132	0.001061
87.629730	-0.000558
87.630760	-0.000268
87.637794	0.001056
87.645012	-0.000094
87.666489	0.000063
87.738342	-0.000975
87.853836	-0.001485
87.880875	0.001469
88.015366	-0.003560
88.020538	0.003505
88.101822	-0.000166
88.217438	0.000090
88.241180	0.000045
88.292061	-0.000006
88.351570	-0.001560
88.374725	0.001562
88.452118	-0.000400
88.465286	0.000406
88.476852	0.000304
88.494629	0.001968
88.508522	-0.002180
88.580597	-0.000310
88.611900	0.000055
88.751289	-0.012258
88.752464	0.012147
88.776535	0.000213
88.816887	-0.000029
88.848312	-0.000090
88.904045	0.000077
89.071823	-0.000001
89.144150	-0.000162
89.169975	0.000761
89.174278	0.000094
89.280472	-0.000008
89.398888	-0.001802
89.410080	0.001345
89.424248	0.000292
89.444038	-0.000246
89.455994	0.001123
89.666359	0.000045
89.843437	-0.000239
89.877983	0.000289
89.966644	0.000084
90.035767	0.000180
90.083633	-0.000090
90.089622	-0.000978
90.107140	0.000319
90.114609	0.000947
90.127670	-0.000590
90.345970	0.000001
90.394356	-0.000234
90.414276	0.000293
90.493073	-0.001497
90.494286	0.001473
90.730453	-0.000122
90.766441	-0.000087
90.845772	0.000070
90.940033	-0.000036
91.005249	-0.000025
91.030861	0.000180
91.060715	0.001316
91.070152	-0.001292
91.098541	-0.000030
91.167297	0.000100
91.202225	0.000100
91.203911	0.002863
91.216423	-0.000506
91.216675	-0.002743
91.221695	-0.000016
91.236801	0.000098
91.241447	0.000474
91.311630	-0.000031
91.447182	-0.000414
91.458733	0.000375
91.662994	-0.000364
91.665459	0.000417
91.753716	-0.000007
91.805626	-0.000039
91.882042	-0.000038
91.903488	0.000005
91.909866	-0.000613
91.945107	0.000522
92.017998	0.000188
92.042976	-0.000205
92.081276	0.000244
92.141144	-0.000770
92.153618	0.001144
92.190468	-0.000076
92.206917	-0.000038
92.340096	0.076225
92.344521	-0.076146
92.380196	-0.000407
92.406120	0.000147
