-21.623249	-3.458689
-19.130764	-3.457618
-16.639624	-3.456320
-14.149426	-3.454551
-13.642696	-3.042448
-11.660947	-3.452148
-11.152942	-3.040876
-9.187968	-3.238959
-9.146144	-3.041716
-8.664670	-3.038615
-7.296603	2.774204
-6.738042	-2.625599
-6.725197	-3.199254
-6.633807	-3.076087
-6.179049	-3.035414
-4.814864	2.770108
-4.321699	2.562544
-4.273221	-3.173013
-4.252561	-2.622674
-4.116580	-3.094818
-3.698525	-3.028569
-2.797105	-2.418233
-2.335994	2.764400
-1.847729	2.531165
-1.831394	-3.126576
-1.772256	-2.618062
-1.620061	2.357555
-1.598132	-3.110163
-1.224252	-3.015771
-0.910549	-2.207662
-0.306748	-2.423271
0.135109	2.755454
0.589707	-3.047501
0.622102	2.532409
0.700365	-2.608500
0.764327	2.186645
0.837618	-2.607078
0.889777	2.311853
0.963835	-2.792914
1.242467	-2.995583
1.566438	-2.202170
2.175746	-2.428018
2.265490	2.168230
2.483384	-2.007163
2.614281	2.721272
2.918662	1.929694
2.984035	-2.921852
3.076782	2.509313
3.171605	-2.590808
3.230275	2.197207
3.299744	-2.758761
3.378042	2.286008
3.536648	-2.748707
3.703346	-2.965093
3.831938	-1.794839
4.037464	-2.182763
4.426900	1.945274
4.625285	-2.408718
4.700338	2.202278
4.786308	1.711658
4.940192	-2.017208
5.115948	2.662119
5.352701	-2.776764
5.379015	1.923229
5.521995	2.462358
5.631407	-1.834461
5.652285	-2.558183
5.674742	2.194388
5.755210	-2.845143
5.836417	2.215313
6.106856	-2.759370
6.159047	-2.924977
6.272736	-1.798071
6.328725	1.774986
6.376937	1.496827
6.431934	-1.988862
6.769359	-1.741994
6.873939	1.956001
7.043673	-2.361563
7.074690	2.189118
7.236866	1.693390
7.337438	-2.001649
7.497275	-1.361132
7.633656	2.612345
7.671264	-2.528982
7.693975	1.282469
7.742762	1.745082
7.872915	1.743556
7.966437	2.371931
8.089695	-2.096598
8.135587	-2.415130
8.139915	2.110579
8.146366	-2.477798
8.302275	2.058257
8.478881	-2.418779
8.610373	-2.862223
8.637823	-1.742522
8.744443	1.070273
8.774599	-2.324848
8.795243	-1.702886
8.806393	1.477784
8.807982	1.688977
9.128242	1.785099
9.160636	-1.464687
9.175342	1.288008
9.260141	1.830868
9.298290	-1.797251
9.447467	-2.239964
9.543096	0.864710
9.586746	1.506823
9.643227	1.988753
9.795305	-1.176109
9.819220	-1.894325
9.852211	-1.159914
9.913626	-2.154626
10.017305	1.511399
10.066147	0.296045
10.100519	-0.092376
10.130458	0.689107
10.180792	2.525379
10.258140	1.459653
10.330996	1.107397
10.341832	-0.881382
10.390600	1.540796
10.457351	-2.453763
10.539373	2.129366
10.649460	0.904866
10.662481	-2.120651
10.757309	0.867989
10.769748	1.059765
10.851772	-0.270746
10.934563	-2.557966
10.988809	0.726812
11.032600	0.565791
11.074507	-2.738279
11.098234	-0.588992
11.180836	1.095223
11.234220	0.440474
11.245879	-0.057931
11.286366	-0.630799
11.416234	-2.197450
11.444653	-0.258582
11.478865	1.148626
11.492112	-0.315731
11.515981	-0.873185
11.639998	0.501325
11.664768	0.635639
11.743774	0.084881
11.822917	0.498627
11.836822	0.432233
11.855066	-1.868965
11.910411	0.225898
11.961976	-0.775453
11.977118	0.790306
12.001259	0.243149
12.067286	-0.253645
12.138714	1.502244
12.219633	-1.115426
12.293227	0.665404
12.336877	-1.005113
12.366339	-0.806127
12.459091	0.179354
12.540853	-0.186967
12.552242	-0.560839
12.569674	-1.029271
12.622953	0.693514
12.631975	0.923643
12.696166	1.223557
12.726340	0.342244
12.729068	0.295765
12.752905	2.350354
12.844687	0.131670
12.864939	0.594583
12.881777	-0.105643
12.936268	1.693916
13.016534	-1.194307
13.053719	1.618864
13.107401	-0.215884
13.195652	-2.418339
13.246066	0.156400
13.331846	-1.517311
13.339659	0.434925
13.419457	1.404850
13.503816	0.422139
13.531379	-0.820021
13.542322	-2.631302
13.563099	0.430031
13.590916	0.854876
13.609097	-0.015646
13.640811	-0.467489
13.731576	-0.723298
13.766149	-2.121256
13.926345	0.462583
13.958135	0.904287
14.017015	0.516987
14.051085	-0.915409
14.064311	0.507998
14.101492	1.110246
14.122429	0.465834
14.215504	0.475715
14.227387	-0.273876
14.260852	-0.291511
14.307063	-1.714574
14.318925	-1.359983
14.335559	0.677604
14.374701	-0.664910
14.427494	0.644291
14.508282	-0.197884
14.539682	0.357134
14.600091	-0.596691
14.610045	0.055928
14.708267	-0.100072
14.792788	0.430777
14.815098	0.685446
14.836500	-1.046021
14.868325	1.793265
14.941268	-0.243690
14.969859	-1.517338
14.978051	0.060804
14.983359	0.056715
15.052615	0.069561
15.111578	-0.108436
15.119677	0.691520
15.141483	-0.009249
15.151149	0.228356
15.196101	0.389003
15.247386	0.479319
15.308096	0.806873
15.312568	-1.249134
15.362866	0.498285
15.382932	0.623844
15.394468	0.672198
15.421188	1.010962
15.468390	0.220330
15.493778	2.165566
15.585848	0.261208
15.675307	0.471554
15.698585	0.123624
15.720613	0.521557
15.758192	-2.138540
15.775230	-0.927540
15.785527	0.044161
15.944154	-0.349324
15.998449	-0.253141
16.028584	-2.550992
16.064062	-0.359483
16.107845	-0.637793
16.146944	-0.041050
16.169025	-0.625974
16.173397	0.890920
16.227045	-1.082803
16.281586	-0.051613
16.340641	-0.438117
16.341742	0.265535
16.410410	0.736275
16.613646	-0.501553
16.637655	0.445779
16.642879	-0.158829
16.712439	0.467351
16.730743	0.216547
16.743954	0.725195
16.746264	0.880350
16.829330	0.361193
16.837326	-1.611590
16.885475	0.424724
16.913424	-0.484235
16.958149	-0.366912
16.977102	0.480555
17.032135	-0.061162
17.040024	0.678037
17.057297	0.002098
17.109022	0.505133
17.155272	-0.432779
17.188663	0.129571
17.243135	-0.253846
17.277895	0.700604
17.337921	0.011057
17.347340	-0.056765
17.412098	-0.562663
17.440832	-0.347650
17.471205	-0.509460
17.480659	0.116882
17.531879	-0.705565
17.581278	-0.285479
17.593761	0.191950
17.620338	0.569082
17.625822	-0.591761
17.659468	0.208910
17.768177	0.873646
17.805023	0.595598
17.884706	-0.250395
17.903105	0.402283
17.917343	1.115853
17.936327	-0.661858
17.947777	0.895029
17.999472	0.176054
18.049227	1.851839
18.090723	0.050337
18.103840	-0.350949
18.191702	-0.754943
18.318726	0.672412
18.333445	-0.465434
18.352873	-1.583648
18.376604	-0.097787
18.437750	-0.030702
18.481363	0.291125
18.495644	0.293853
18.539434	-2.580000
18.553045	0.365245
18.582094	0.208862
18.607639	-0.120496
18.628881	0.495393
18.695934	0.146874
18.719494	-1.425978
18.737400	-0.943240
18.753544	0.912953
18.764307	0.917365
18.908842	-0.327404
18.979021	-0.286724
19.028193	-0.261607
19.056183	0.532482
19.056873	-0.070585
19.089878	0.401540
19.151766	-1.369442
19.173933	0.426039
19.190176	-0.226358
19.205156	-0.038762
19.215157	0.540534
19.366003	-0.787162
19.386141	-0.129826
19.464176	0.882846
19.494511	0.181536
19.512022	0.220889
19.538694	0.663707
19.552198	0.288703
19.569275	-0.576716
19.595266	-0.071042
19.632071	-0.529534
19.683386	0.232139
19.693407	-0.226405
19.727283	0.748023
19.781565	0.782816
19.855400	-0.048100
19.896887	-0.829390
19.921288	-0.677070
20.019972	0.035798
20.058416	-0.121286
20.091625	-0.542162
20.103714	0.083332
20.111101	0.685144
20.128012	0.401556
20.204033	-0.651087
20.222055	0.259360
20.296011	0.188834
20.329489	1.126307
20.404493	0.690250
20.481684	0.482824
20.492191	0.788420
20.524450	0.356967
20.534655	0.291026
20.551191	1.105887
20.583635	-0.360592
20.592953	-0.682267
20.632059	0.493456
20.655333	-0.194824
20.669569	0.572819
20.716637	-1.135621
20.852991	-0.229775
20.871292	-0.584876
20.876228	0.194841
20.946615	-0.808638
20.974745	0.903639
21.010134	-0.716933
21.049065	0.373925
21.071697	-2.310258
21.082813	-0.230938
21.161451	-0.512382
21.214176	-1.169563
21.216728	0.616763
21.241928	-0.872506
21.287647	-0.766557
21.318419	0.934190
21.320948	0.194002
21.367655	0.164004
21.394464	0.524923
21.440254	0.247957
21.486488	-0.270921
21.549446	0.343756
21.605930	0.697995
21.631882	0.060974
21.632496	-0.587438
21.704426	0.395132
21.715708	-0.535854
21.829372	-0.195676
21.871494	-0.438532
21.905552	0.437859
21.924948	0.173359
21.931717	0.801295
21.974451	-1.056080
21.976448	-0.202515
22.048975	-0.029672
22.076193	-1.207713
22.161190	0.753945
22.188086	0.807453
22.202803	0.985505
22.223816	-0.218164
22.279730	0.685584
22.322474	0.438196
22.333755	0.609690
22.373249	-0.451830
22.416126	-0.041347
22.537369	-0.447058
22.599945	-1.075981
22.608198	0.680879
22.634098	0.909541
22.657558	0.028152
22.683857	-0.476873
22.684275	-0.490471
22.776245	-0.547660
22.823788	0.504932
22.875692	0.354412
22.912533	1.410228
22.968739	0.176237
23.003778	-0.130576
23.045893	-0.362157
23.066992	-0.126409
23.073631	-0.949738
23.087790	-0.033169
23.091658	0.251011
23.114315	-0.247351
23.137358	0.489567
23.141743	0.094678
23.199825	0.854508
23.229239	0.463078
23.265556	1.254097
23.334858	0.406479
23.364243	0.327629
23.427485	-0.464118
23.489079	-1.237316
23.530649	-1.755230
23.542553	0.421360
23.576342	-1.367998
23.662527	-0.512019
23.668596	0.706922
23.676840	-1.368627
23.679707	-1.418802
23.688627	0.389362
23.824743	-0.486715
23.861004	0.942810
23.889193	0.066964
23.940151	0.839149
23.993307	-0.983481
24.047731	0.782025
24.066357	0.653877
24.144232	1.172908
24.200903	-0.248292
24.208075	0.385000
24.288073	-1.731861
24.332447	0.189072
24.339277	-0.332346
24.355581	0.359742
24.380688	0.637898
24.397337	-0.499917
24.414286	-0.287242
24.440775	0.387237
24.459911	0.362020
24.498333	-1.094065
24.517160	-0.235334
24.602015	0.561818
24.637331	-1.395130
24.651785	0.845867
24.701506	0.960508
24.756178	-0.205927
24.814413	1.070104
24.871275	1.013884
24.946323	0.691335
24.967627	-0.034433
25.093266	-1.107312
25.109257	0.682022
25.167322	-0.700712
25.222946	-0.253297
25.228434	0.016298
25.252846	-1.198327
25.259409	-0.182585
25.281706	-0.184944
25.391367	-0.192151
25.392982	0.306447
25.421513	-0.469736
25.443159	-0.087070
25.451612	0.029758
25.457571	0.145916
25.489378	-0.246469
25.492104	0.270880
25.514503	-0.489567
25.545454	-0.173626
25.572199	0.136822
25.629629	1.032227
25.649412	0.203058
25.695562	0.626135
25.702751	0.608366
25.794968	1.777837
25.830879	0.860613
25.856014	0.848073
25.911221	0.694088
25.950821	-0.458512
25.983973	-0.391925
26.050371	-1.925474
26.066105	-0.659483
26.084826	-1.655244
26.122643	1.125169
26.232847	0.156875
26.235758	-1.513317
26.247747	-1.775449
26.383400	0.969441
26.400227	-0.731734
26.475889	0.753902
26.521429	0.618400
26.527100	-0.150178
26.556398	-0.019166
26.639389	-0.450139
26.668732	0.959998
26.684742	0.708056
26.700254	0.371062
26.743496	0.719844
26.823149	-0.560900
26.824219	0.963942
26.834446	-1.345193
26.843239	0.290202
26.855669	0.103772
26.874342	-0.310464
26.899084	-0.786627
26.944414	-0.448059
26.998333	0.050156
27.021000	0.050967
27.060690	-0.547372
27.134321	0.864408
27.181215	-0.725714
27.185125	-0.159317
27.309631	0.725964
27.324545	0.658950
27.384787	-0.092217
27.418730	0.936547
27.499029	-0.031070
27.500965	-1.164671
27.606916	0.682239
27.627670	1.003233
27.708633	-1.384108
27.716377	0.053104
27.746904	-0.163245
27.753437	-0.572876
27.786842	-0.260282
27.815708	-0.823210
27.851452	0.187563
27.882772	-0.795442
27.901127	-0.975972
27.925146	1.024099
27.946037	-0.430863
27.972130	-0.459055
27.973558	-0.767406
28.018562	1.254865
28.105865	-0.202543
28.142899	1.031785
28.171190	0.218560
28.197369	0.152966
28.208670	0.976458
28.220734	0.606839
28.290110	0.690454
28.325054	0.411797
28.382381	1.392545
28.426096	0.879869
28.487774	0.929654
28.545721	-0.208418
28.556568	0.367312
28.613642	-1.442552
28.628817	-1.489623
28.643356	-1.471758
28.764027	0.108493
28.784679	-1.154344
28.804367	-1.845856
28.876408	0.643680
28.891232	1.025681
28.978535	1.244574
29.002869	0.615686
29.007627	0.826724
29.086344	-0.290937
29.117123	-1.417017
29.199209	-0.306119
29.210375	0.358869
29.215767	-0.278825
29.252060	0.436338
29.268127	1.251855
29.301954	-0.439891
29.309441	-0.662219
29.334726	0.166242
29.357832	-0.206087
29.378265	-0.737859
29.404190	-0.022182
29.443857	-0.391612
29.484253	-0.251242
29.499228	1.170528
29.605787	-1.167436
29.636421	0.853892
29.692802	-0.871159
29.700245	0.037375
29.741484	-0.715053
29.750429	0.610987
29.910324	0.732338
29.968103	0.411724
29.969145	0.050146
30.005829	0.579005
30.010315	-0.024696
30.101665	-1.517826
30.106337	0.658105
30.181999	-1.417854
30.198782	-0.116394
30.206015	0.377362
30.251476	-0.657769
30.270887	0.320724
30.288990	1.288420
30.339251	-1.363308
30.365892	-0.791891
30.404140	1.181411
30.445982	-0.931526
30.518923	-1.830944
30.531712	0.980390
30.556854	0.970690
30.583815	0.123569
30.670595	0.498202
30.704956	0.063701
30.710062	0.119520
30.740744	0.182538
30.768385	0.597374
30.830420	0.423008
30.850296	0.892473
30.899426	1.054839
30.917631	1.201704
30.989965	0.621353
31.038633	0.925597
31.133476	-0.974815
31.179125	-0.454580
31.182167	-1.292245
31.213984	-1.415086
31.276953	0.103524
31.292332	0.739508
31.301495	-0.576108
31.351730	-2.098062
31.375385	1.030769
31.443897	1.381728
31.466492	0.286173
31.523569	0.579377
31.610043	0.153882
31.667368	-1.619892
31.667812	-1.541880
31.708529	1.177883
31.722767	-0.449626
31.729162	-0.454009
31.736423	0.483627
31.810680	0.540692
31.833193	0.166993
31.861246	0.442735
31.871206	0.215132
31.885624	-0.287156
31.946777	-0.366177
31.955723	-0.150654
31.975811	0.762949
31.989956	-1.246178
32.075787	-0.568057
32.104351	-0.653976
32.150200	0.827164
32.200760	-0.465486
32.300392	1.192857
32.390831	-0.335363
32.398899	0.065684
32.402733	-0.010710
32.489826	1.368606
32.497734	-1.445590
32.504803	-0.028375
32.529640	-0.896091
32.566990	-1.457408
32.603001	0.679677
32.639248	0.381670
32.668522	-0.261109
32.715427	1.427492
32.735062	-0.220318
32.809086	-0.598998
32.815739	-1.545942
32.861736	0.181282
32.875324	1.184648
32.934998	0.064554
32.964436	-0.201473
33.022556	1.276625
33.073044	-1.948908
33.120758	-0.012890
33.139923	0.028108
33.183983	0.127262
33.230751	0.468705
33.247765	1.380531
33.301109	0.575304
33.323753	-0.283389
33.353664	0.779558
33.432419	0.852263
33.476215	1.120967
33.549652	0.724267
33.557446	0.688676
33.628647	-0.798227
33.697109	0.046302
33.711914	-0.722309
33.751564	0.723032
33.761452	-1.012308
33.800083	0.286923
33.834454	-1.757430
33.847023	1.004225
33.882854	-2.083631
33.901897	1.509911
33.947418	-0.881334
34.071621	0.645433
34.085281	-0.150438
34.127514	-1.722664
34.166069	1.217540
34.174786	-0.360941
34.189877	-0.978234
34.204895	-0.743827
34.239079	0.343941
34.295528	0.728236
34.315899	0.093760
34.336853	1.168123
34.352528	0.130575
34.389511	-0.042786
34.468277	0.988059
34.500126	-0.267595
34.539619	-0.581498
34.561623	-0.469329
34.632530	-0.726789
34.668938	0.741221
34.671921	-0.461025
34.726196	-0.607439
34.788738	0.558184
34.812778	-0.603456
34.870266	-1.343472
34.921753	-0.638547
34.987843	-0.032935
34.990273	-0.014813
34.995472	-1.012971
35.027596	1.476904
35.036755	0.765993
35.102001	0.681400
35.112873	-0.955703
35.144207	-0.367814
35.171520	-0.122396
35.181896	1.428005
35.268692	-0.461766
35.296112	-1.731328
35.348488	1.094051
35.356560	0.104656
35.451782	0.959220
35.465618	0.554686
35.494984	-0.389729
35.585068	-0.921597
35.639893	0.133648
35.644329	0.265947
35.660397	0.785723
35.682156	-0.895191
35.803566	1.079087
35.855927	0.693219
35.870922	1.409500
35.944458	-0.639827
36.014431	0.220303
36.025230	1.321723
36.038658	0.309898
36.079987	-0.168046
36.128380	-0.362242
36.153305	0.235637
36.181595	0.867763
36.232094	-1.895921
36.286320	0.023207
36.308090	-0.421605
36.322063	0.993916
36.353325	0.530044
36.357868	1.745020
36.402187	-2.104872
36.432377	-2.250955
36.566319	-1.925050
36.590096	-0.666507
36.603245	1.206318
36.648140	0.666336
36.666409	-0.687139
36.701874	-1.104038
36.719547	-0.014935
36.727116	0.341971
36.744259	0.898398
36.749752	0.554719
36.868362	1.347823
36.884453	0.044643
36.922447	0.086686
36.951885	0.963564
36.962166	0.534362
37.077377	-0.628903
37.078320	-0.581399
37.157372	-0.496319
37.184849	-0.415276
37.186718	0.671439
37.225822	-0.521290
37.275284	-2.083045
37.328552	-1.474953
37.352333	0.185116
37.406044	0.863552
37.418011	-1.730365
37.464680	-0.044194
37.529922	0.754317
37.544601	0.277249
37.571999	0.614444
37.599655	0.680355
37.603146	0.223346
37.621784	-0.334809
37.626701	1.061530
37.680309	-0.483618
37.726227	-0.178957
37.772041	-1.650073
37.795662	-0.313614
37.825787	1.166098
37.894417	1.018549
38.011845	-0.173142
38.047024	0.431348
38.095966	0.784402
38.099186	0.076589
38.168888	0.553263
38.186554	-2.115919
38.315815	1.396412
38.336128	-0.060963
38.374966	0.413418
38.440971	0.391066
38.457905	1.169355
38.496319	0.114037
38.511505	1.580644
38.549133	-1.647373
38.616810	0.035093
38.647942	-0.120740
38.660007	-0.232461
38.674591	0.415398
38.705338	-0.299440
38.734287	-1.356516
38.802696	0.988654
38.812740	1.878218
38.903366	0.773211
38.914959	0.537332
38.952496	-2.368480
38.986382	-1.880931
39.005932	-1.744313
39.079678	1.425344
39.081654	-0.946543
39.128101	-0.082882
39.139992	-0.523357
39.186226	-0.256901
39.189285	0.353432
39.215805	-0.221696
39.223877	0.393584
39.260662	1.016799
39.326172	1.140776
39.406204	0.467360
39.413410	0.722923
39.417179	-0.040765
39.453857	0.201935
39.550968	-0.261803
39.605217	-0.260409
39.613503	-0.241466
39.642223	-0.317076
39.700859	0.778206
39.715672	-2.060672
39.732262	-1.655492
39.745056	-0.472238
39.883892	1.303008
39.937866	-0.069021
39.948380	-2.106944
39.972210	-0.397281
40.004398	-0.092484
40.038624	1.545929
40.076897	1.724850
40.098625	0.674551
40.107723	-1.562509
40.117043	-0.564942
40.173275	-0.091888
40.210464	-0.068760
40.253456	-1.090551
40.255672	-0.415382
40.289169	0.068291
40.310841	1.142610
40.378403	1.281967
40.496136	0.080473
40.582115	0.067204
40.601639	0.274075
40.604511	0.426233
40.705555	1.120362
40.759956	-2.202075
40.784042	0.141229
40.841343	0.766448
40.872795	-0.398748
40.918812	0.305873
40.941227	-0.026208
40.947605	-0.019956
40.996368	1.786154
41.045395	0.238936
41.081932	0.069753
41.186409	0.487123
41.217083	-0.931028
41.237316	0.024754
41.252361	0.590427
41.282314	0.446242
41.288628	0.551187
41.292099	0.927065
41.426716	-1.964938
41.455269	0.434195
41.495255	-2.316111
41.513401	-1.568771
41.548946	0.775017
41.556839	1.181066
41.575275	0.753310
41.588829	-0.439366
41.591591	-1.046712
41.680752	-0.208022
41.694096	0.156360
41.701355	0.362477
41.711044	-0.575857
41.721779	0.947554
41.743290	0.502000
41.885201	0.509883
41.894917	0.153910
41.944248	-0.112563
41.978607	0.292128
42.065971	-0.238320
42.067596	-0.739520
42.089718	0.089862
42.116631	-0.166522
42.155396	-1.787476
42.179829	-0.183450
42.208771	0.777136
42.302223	-0.431323
42.394234	0.583806
42.410904	-0.698491
42.413628	-0.089444
42.497948	1.488157
42.510448	-0.103676
42.548897	-0.530174
42.558784	-0.803180
42.596867	0.678897
42.614944	-0.634782
42.641495	-1.793050
42.721035	-0.852992
42.729736	-0.589108
42.740074	0.377743
42.786537	-0.517442
42.801548	1.093421
42.877899	0.783183
42.909863	1.510363
42.963203	0.202748
43.081284	0.189889
43.134659	0.391623
43.154457	-0.057973
43.188744	0.752438
43.247581	0.126337
43.263546	-0.435891
43.334602	-1.228127
43.345207	-1.137015
43.381897	1.546293
43.406517	0.395073
43.424900	-0.171886
43.492287	1.184417
43.561535	0.834435
43.614601	0.233080
43.674625	0.320275
43.689156	-1.083330
43.697632	0.780129
43.751740	1.836256
43.786560	0.987765
43.826595	-0.168441
43.853432	0.467537
43.873386	-2.063226
43.945820	0.184783
43.986107	0.159035
44.001842	-1.451588
44.011246	-0.152861
44.069439	-1.390436
44.095482	0.577339
44.101707	-0.958566
44.147923	-0.760290
44.159889	0.498957
44.188969	0.823336
44.191868	1.442474
44.200054	0.367167
44.227959	-1.668723
44.268658	0.541137
44.392597	0.492794
44.463085	-0.145588
44.473999	-0.799881
44.493416	0.121861
44.494930	0.325975
44.522179	-1.983787
44.537395	0.283462
44.583820	1.325813
44.595310	-1.613499
44.711193	0.781374
44.759796	0.383833
44.825954	-0.352356
44.890892	-0.864158
44.894600	-0.114645
44.951832	0.171761
44.955761	1.290710
44.997013	0.768436
45.054417	-0.777886
45.095371	0.674630
45.104931	-1.791981
45.115898	-0.681096
45.168110	-2.257458
45.237202	-1.226246
45.249847	-0.765365
45.263317	0.935194
45.300140	1.020846
45.327900	-0.458315
45.439022	0.295747
45.445389	1.444698
45.461483	0.957473
45.580887	0.338433
45.594292	-0.841832
45.633938	0.758347
45.649441	0.424403
45.671112	0.013102
45.800198	0.644237
45.813717	2.044225
45.901360	-0.875968
45.902580	-0.479723
45.906403	-1.162466
45.954056	0.446193
45.971336	0.452546
46.045521	1.599889
46.083263	0.346408
46.153133	0.719043
46.162849	-1.509658
46.169559	0.731476
46.247845	1.704330
46.288372	0.989987
46.322815	-1.984974
46.325493	0.585012
46.334000	0.368522
46.405201	-0.264538
46.443233	0.814411
46.450203	-0.966654
46.472965	-0.374078
46.587761	-1.351827
46.609962	-2.238830
46.636856	1.137635
46.649639	-0.070857
46.686134	0.443700
46.699871	0.363640
46.705410	-0.790685
46.780727	0.575589
46.784161	-1.474239
46.801254	1.599420
46.921646	0.253912
46.929581	-2.610679
46.950527	0.243837
46.970001	-0.132938
46.996616	0.277502
46.999760	0.310160
47.031933	1.423158
47.051682	-1.278387
47.120827	-0.394791
47.208141	0.784803
47.320663	-0.233351
47.329403	0.915871
47.383831	-0.128711
47.406002	-0.443519
47.422897	0.566546
47.455078	-1.121879
47.500488	0.932269
47.577126	-1.975642
47.593571	0.679500
47.624184	-0.711544
47.630192	-0.411543
47.720745	-0.716943
47.745148	-2.489449
47.760010	-1.018879
47.797977	0.860441
47.808136	0.896453
47.862793	-0.531258
47.929859	0.377610
47.969296	1.388035
47.999931	-0.534521
48.042183	0.133192
48.069538	-0.137093
48.083649	0.449682
48.113235	1.651029
48.157143	0.526186
48.255806	2.177309
48.356712	0.788113
48.384773	-0.496268
48.396206	0.587759
48.440262	-0.262979
48.490627	1.105236
48.501453	-0.506281
48.522167	-1.163404
48.541893	1.302829
48.631664	1.544677
48.637924	-1.793002
48.690018	0.043239
48.747654	1.271469
48.778210	-2.004798
48.788788	1.896631
48.796028	0.994105
48.806690	0.172217
48.864017	-0.570798
48.903862	0.963233
48.939480	-0.726726
48.947731	-0.989340
49.083572	-1.273162
49.129425	-1.272361
49.158253	-1.590579
49.172958	1.103229
49.181725	0.470272
49.205215	0.359282
49.278759	0.434942
49.280174	-0.934431
49.329029	-0.957859
49.361980	-2.620800
49.396702	1.391414
49.429707	0.496299
49.465897	0.029594
49.467636	0.008459
49.487610	1.135657
49.495258	0.116194
49.499817	0.114631
49.552452	-0.601521
49.686932	-0.453598
49.701233	0.789439
49.797657	-0.215532
49.822803	1.565748
49.882286	-0.108094
49.885822	0.973983
49.931656	-1.400869
49.954800	-0.989503
50.040882	-2.301137
50.071529	0.408769
50.092812	0.678868
50.142323	-0.726156
50.161034	-0.537132
50.207584	-0.518929
50.289757	-0.971787
50.311722	0.891098
50.346447	-2.372506
50.351330	0.776021
50.369827	-0.611830
50.437027	0.421389
50.452160	-0.440410
50.468678	1.244418
50.494930	-0.415962
50.567833	0.475588
50.583477	1.569564
50.596146	0.615425
50.616062	0.613631
50.707325	2.316910
50.865856	-0.528613
50.894814	0.888653
50.905106	0.945119
50.937195	0.504643
50.977459	1.172608
51.023491	0.297546
51.041691	0.638343
51.077576	-1.934001
51.106686	-2.246746
51.114975	1.776537
51.206970	-0.177261
51.230972	1.214961
51.236607	-1.929597
51.273327	2.100444
51.274715	0.576825
51.308746	0.998226
51.335468	-0.775820
51.365467	0.887683
51.412426	-0.731620
51.521278	-1.170970
51.558052	-1.216827
51.616108	-0.672158
51.682610	-2.388784
51.695202	0.418574
51.701382	0.912154
51.710522	0.374814
51.765240	0.719773
51.822395	-2.052706
51.836880	-2.927570
51.876225	0.189627
51.934746	1.541801
51.950813	0.226677
51.952946	0.278683
51.984718	-0.108897
51.987705	0.031712
51.995228	1.157043
52.032707	0.256579
52.100220	-0.464903
52.159969	-0.571355
52.193123	0.797835
52.263096	-0.364787
52.306580	1.920183
52.357368	1.148798
52.387272	-0.124660
52.431641	-1.653761
52.479996	-2.260480
52.511917	-1.009694
52.592571	0.679087
52.641228	0.294907
52.661419	-0.724731
52.677864	-0.463041
52.721165	-0.557509
52.819965	-0.967241
52.828053	0.874235
52.851440	-0.643122
52.895897	0.853662
52.901798	-0.267234
52.935966	-0.827553
52.943489	1.060677
52.954521	0.438822
52.969070	-2.085848
53.036148	0.325525
53.062183	1.459317
53.069347	0.957786
53.103786	0.457757
53.164459	2.442234
53.349190	-0.473236
53.418606	1.365434
53.442936	0.704974
53.451756	1.004966
53.463367	-0.207561
53.484737	0.805074
53.531013	1.587331
53.571762	-2.399656
53.648373	1.011286
53.657848	-1.715344
53.682899	0.103006
53.690357	1.508057
53.703320	-1.816537
53.772293	0.344842
53.788048	1.655914
53.804989	-0.190405
53.821754	1.000938
53.841629	0.396203
53.888840	-0.759430
54.022842	-1.259947
54.056084	-0.650114
54.136711	-1.669383
54.209625	0.821577
54.219440	0.345108
54.230526	-1.907385
54.238327	0.248616
54.253815	0.979030
54.323246	-2.134749
54.352734	-3.097532
54.422844	1.268330
54.426044	0.368021
54.451283	0.793819
54.470982	-0.272872
54.475712	-0.287231
54.511898	1.152183
54.544453	0.129731
54.593479	0.295287
54.596664	-0.641710
54.651119	-0.328006
54.683468	0.811734
54.719807	-0.522123
54.815495	2.108227
54.837883	1.312728
54.897362	-0.115562
54.915642	-2.293435
