-13.737385	0.000004
-13.737228	0.000001
-11.249410	-0.000003
-11.248405	-0.000001
-8.762117	-0.000002
-8.761905	0.000002
-8.513695	0.000004
-8.513596	-0.000002
-6.278884	-0.000012
-6.278587	0.000019
-6.027575	0.000047
-6.027212	-0.000053
-3.896973	0.000138
-3.896187	-0.000142
-3.800704	0.005447
-3.799960	-0.005447
-3.543552	-0.004488
-3.543208	0.004491
-2.845382	0.011085
-2.845189	-0.011086
-1.417252	0.000022
-1.416886	-0.000028
-1.330845	0.025935
-1.329876	-0.025942
-1.064861	-0.010599
-1.064308	0.010631
-0.356580	0.004010
-0.355621	-0.004012
0.116880	0.000080
0.117238	-0.000078
1.054345	-0.005981
1.054732	0.005978
1.130312	0.003338
1.131791	-0.003330
1.157898	-0.008060
1.158510	0.008051
1.424014	-0.028581
1.424257	0.028558
2.124735	0.020413
2.125817	-0.020383
2.587523	0.026864
2.587618	-0.026865
3.503680	-0.008040
3.504572	0.008051
3.525507	0.007466
3.525771	-0.007461
3.576259	0.128014
3.576306	-0.128050
3.608680	0.027181
3.608908	-0.027192
3.933729	-0.004158
3.934978	0.004164
4.572697	-0.005454
4.575039	0.005344
4.588430	0.005861
4.589645	-0.005852
5.042830	-0.000080
5.043530	0.000077
5.656391	0.104443
5.656600	-0.104502
5.922846	0.002100
5.926394	-0.002004
5.973251	0.002508
5.974028	-0.002513
5.998303	0.007047
6.000711	-0.007050
6.050808	0.002329
6.054054	-0.002533
6.335036	-0.000949
6.337319	0.000937
6.455863	-0.000482
6.456102	0.001070
6.993831	0.035361
6.994304	-0.034937
7.037777	-0.005480
7.040342	0.005361
7.276685	-0.017589
7.277001	0.017540
7.609455	0.009494
7.610878	-0.009155
8.100578	0.002649
8.104940	-0.002366
8.169259	0.000209
8.176344	0.000184
8.363160	0.000592
8.367048	-0.000611
8.393265	-0.000869
8.400188	0.001068
8.486118	0.003527
8.488867	-0.029283
8.491040	0.028378
8.493618	-0.003573
8.602567	0.011454
8.603924	-0.011473
8.794692	-0.000960
8.801951	0.000854
9.010516	0.000124
9.013381	-0.000545
9.335134	-0.000387
9.373838	0.000232
9.386352	0.001629
9.401008	-0.000988
9.490043	0.000254
9.530203	-0.000234
9.620550	0.000032
9.647135	-0.000049
10.014657	-0.000055
10.119839	-0.000014
10.165511	0.000193
10.168298	-0.000799
10.214668	-0.000139
10.339531	0.000050
10.342678	0.000238
10.436725	0.000197
10.528812	0.002158
10.562071	0.000077
10.671991	0.001736
10.747843	-0.003101
10.767015	0.010960
10.836926	-0.055157
10.839703	0.048330
10.844892	0.000455
10.864429	-0.007138
10.887860	-0.000460
10.945647	0.009622
10.946599	-0.009772
11.029304	-0.000703
11.072123	0.002187
11.091873	-0.000747
11.185924	0.000866
11.265785	0.006467
11.288388	-0.006445
11.417615	0.000849
11.455887	-0.000415
11.524870	0.000209
11.548516	-0.000328
11.590088	0.000472
11.593696	-0.000491
11.612155	0.000650
11.622561	0.003624
11.652837	-0.005669
11.671395	0.000231
11.751754	0.000183
11.838628	0.000972
11.849859	-0.002218
11.856742	0.002412
11.892570	-0.000909
11.918864	-0.000379
11.973983	-0.000499
12.128159	-0.000057
12.232810	0.000162
12.363847	0.000245
12.391429	-0.000615
12.432623	0.000514
12.444745	0.000548
12.460888	-0.000217
12.502929	-0.001573
12.560887	0.000284
12.730396	0.000139
12.768225	-0.000611
12.827685	-0.007235
12.890014	0.000424
12.914212	0.000077
13.012858	-0.000068
13.020653	-0.000019
13.065908	0.000801
13.128471	-0.000274
13.187603	0.000392
13.222668	0.000234
13.302354	-0.001446
13.321021	-0.000165
13.334778	-0.002673
13.339442	0.003265
13.382135	0.006211
13.422954	-0.008804
13.424574	0.008708
13.437936	0.001812
13.448962	-0.000812
13.584723	-0.000589
13.682329	0.000015
13.736864	0.000197
13.745605	0.000195
13.778432	0.000175
13.810160	-0.000399
13.897772	0.000251
13.917909	0.000122
13.944659	0.000308
13.983839	-0.000357
14.011585	0.001844
14.078120	0.000790
14.113104	-0.000122
14.117238	0.000547
14.183206	-0.000759
14.196467	-0.000097
14.221073	-0.000289
14.281815	0.001650
14.287745	-0.001943
14.309871	-0.000245
14.311548	0.001366
14.339762	0.000116
14.434927	0.000184
14.446491	0.000339
14.467296	-0.000082
14.521504	0.000074
14.591117	-0.000208
14.662398	-0.000579
14.701117	-0.000102
14.812374	0.000286
14.899454	-0.000942
14.904516	-0.000014
14.964297	-0.000269
14.998322	-0.000305
15.010553	0.000043
15.036817	-0.000487
15.199292	0.001207
15.223665	0.000376
15.279427	-0.000079
15.296426	0.000228
15.339599	0.000041
15.446583	0.000146
15.461403	0.000149
15.495549	0.000082
15.579438	-0.000167
15.636861	0.001511
15.648650	0.000111
15.705428	0.000923
15.713792	0.000199
15.805777	0.000554
15.827347	-0.000099
15.844816	0.000337
15.870424	-0.000104
15.883442	0.000435
15.887650	0.000083
15.901560	0.004245
15.908725	-0.004319
15.926732	0.000139
15.934393	-0.001159
15.936875	0.000476
15.990510	-0.000467
16.116451	-0.000006
16.171209	0.000244
16.175943	0.000067
16.298922	0.000168
16.409212	-0.001323
16.428856	-0.001510
16.460512	-0.000325
16.475222	-0.000012
16.484255	-0.000002
16.517208	0.000087
16.549652	0.000194
16.559433	-0.000014
16.620201	-0.000133
16.669466	0.000187
16.704699	0.000481
16.713861	0.000235
16.760193	0.000237
16.811489	-0.000270
16.841467	-0.000688
16.867704	-0.000400
16.883797	-0.000335
16.901611	0.000472
16.942690	-0.000265
17.040894	-0.000587
17.058123	0.000058
17.125532	0.001019
17.128012	0.000037
17.162804	0.000119
17.252802	-0.000202
17.290236	-0.000071
17.326859	-0.000243
17.395348	0.000028
17.424601	-0.000394
17.467892	0.000012
17.478992	-0.000007
17.512136	-0.000209
17.544214	-0.000036
17.639927	0.000227
17.681126	0.001291
17.688099	-0.000526
17.845411	-0.000270
17.853010	0.000138
17.861927	0.000879
17.935686	0.000060
17.981031	-0.000433
17.981083	0.000255
18.019766	0.000153
18.099281	0.000183
18.163553	0.000825
18.171080	-0.000689
18.275236	0.000660
18.286081	-0.000659
18.296972	0.000272
18.316809	-0.000388
18.336300	-0.000284
18.374277	-0.001385
18.387007	0.001059
18.417210	0.000617
18.439671	-0.000473
18.441797	-0.002051
18.469738	0.000007
18.505543	0.000379
18.536848	0.000191
18.674831	0.000080
18.720995	-0.000081
18.726616	-0.000079
18.728464	0.000477
18.777229	-0.000347
18.830963	-0.000893
18.941736	0.000078
18.975330	-0.000507
18.981588	0.000623
18.993397	0.000781
19.000568	-0.000232
19.012432	0.000411
19.048967	0.000326
19.073141	0.000139
19.121271	-0.000009
19.158306	-0.000388
19.207937	0.000108
19.216124	0.000336
19.229015	0.000369
19.247082	0.000168
19.326984	-0.000066
19.390757	-0.001855
19.457127	0.000069
19.521242	0.000104
19.541012	0.001355
19.583826	0.000209
19.636066	0.000672
19.657593	-0.000204
19.683933	-0.000196
19.730749	-0.000124
19.764717	0.000256
19.794685	0.000038
19.820345	-0.000283
19.893648	0.000153
19.909840	0.000640
19.916712	0.000020
19.963493	0.000134
20.038322	0.000029
20.052372	0.000191
20.101160	0.000147
20.126986	0.000031
20.218266	0.000023
20.273458	0.000915
20.324509	-0.000108
20.414347	-0.000033
20.447653	0.000431
20.481562	0.000757
20.505241	0.001161
20.569912	-0.000313
20.577799	0.000389
20.615316	0.000011
20.700356	-0.095270
20.700388	0.094798
20.702679	0.000064
20.810280	0.000975
20.849722	0.000128
20.907188	-0.000506
20.922489	-0.000251
20.932924	-0.000289
20.943750	-0.000257
20.969288	0.000627
20.982853	-0.000857
21.008163	-0.004057
21.023119	0.000165
21.071896	0.001763
21.092951	0.000538
21.202528	0.000350
21.252089	-0.000387
21.274239	-0.000094
21.312370	-0.000009
21.319485	0.000105
21.356812	-0.000216
21.360840	-0.000066
21.377279	0.000045
21.418159	-0.000201
21.435696	0.000461
21.465811	-0.000557
21.490475	-0.001748
21.505239	0.000162
21.509211	0.000248
21.628220	0.000344
21.673409	0.000019
21.682262	-0.000051
21.699701	0.002543
21.700321	-0.002447
21.761431	0.000310
21.885876	0.000283
21.886698	0.000013
21.988462	0.000373
21.990952	0.000225
22.080826	-0.000002
22.127699	0.001025
22.140118	-0.000946
22.160004	-0.004045
22.162588	0.003847
22.234268	0.000023
22.262085	0.000136
22.288822	0.000291
22.303946	-0.000079
22.340355	-0.000184
22.396023	-0.000255
22.500694	0.000001
22.529655	-0.000018
22.555489	-0.000547
22.582882	-0.000077
22.632898	-0.001442
22.718426	-0.000140
22.719913	-0.000031
22.733599	0.000045
22.791565	-0.000463
22.859913	-0.000478
22.865320	0.000505
22.895508	-0.000241
22.947124	0.000127
22.992317	0.000059
23.141472	0.000762
23.159817	0.000047
23.189445	0.000468
23.201885	0.000078
23.232191	-0.000508
23.255722	-0.000084
23.356520	-0.000173
23.378050	0.000285
23.459856	-0.009574
23.460829	0.008990
23.505886	0.002710
23.516785	-0.001988
23.522190	0.000013
23.531805	0.000049
23.568583	0.000262
23.625307	-0.000129
23.652645	-0.000058
23.679369	-0.000100
23.706306	-0.000010
23.725592	0.000314
23.766472	0.000498
23.778250	-0.000020
23.789804	-0.000717
23.833950	-0.000132
23.892799	-0.000374
23.894300	0.000054
23.913218	0.000196
23.929415	-0.000002
24.011208	0.000221
24.016071	-0.000291
24.026413	0.000045
24.077662	-0.000415
24.143644	0.001909
24.144342	-0.001715
24.259209	-0.000700
24.269060	0.000036
24.364189	-0.000608
24.403671	-0.000069
24.425701	0.000108
24.474680	-0.000256
24.562012	0.000897
24.582676	-0.000288
24.587364	-0.000041
24.587368	-0.000570
24.599890	0.000456
24.629158	-0.000170
24.687561	0.000200
24.793066	-0.000045
24.838297	0.000056
24.869310	0.000508
24.918745	-0.000198
24.937370	-0.000024
24.977568	-0.000221
25.019073	0.000200
25.051527	0.000179
25.099579	-0.000045
25.139566	-0.000208
25.179361	0.000039
25.223278	0.000027
25.278589	-0.000206
25.280611	0.000066
25.313072	-0.000418
25.386904	0.000105
25.407572	-0.000122
25.413565	-0.000033
25.418173	-0.000030
25.474548	0.000000
25.649633	-0.001819
25.679750	-0.000067
25.741230	-0.000232
25.760609	0.000789
25.793344	-0.000029
25.854137	0.000334
25.885145	0.000228
25.934591	0.000092
25.952208	-0.000275
26.008280	-0.000415
26.019463	-0.000748
26.054464	0.000298
26.090908	0.000127
26.114252	-0.000085
26.114790	0.000346
26.123611	-0.000149
26.156919	-0.000221
26.167252	0.000101
26.207321	0.000645
26.259991	-0.000007
26.271936	0.000168
26.331209	0.000193
26.367496	0.000192
26.408394	-0.000260
26.449373	0.000159
26.462152	0.000280
26.482840	0.000460
26.494947	0.002578
26.495338	-0.001847
26.518188	-0.000239
26.550493	-0.000012
26.575497	-0.000107
26.651825	0.000109
26.761751	0.000793
26.784264	-0.000053
26.865669	0.000471
26.949955	-0.000078
26.971359	-0.000078
26.973410	0.000235
26.980577	-0.001254
26.990545	0.000595
27.018631	-0.000043
27.071224	0.000039
27.137465	-0.000039
27.194117	0.001100
27.200132	-0.000767
27.275101	0.000423
27.329000	-0.000092
27.418409	-0.000022
27.441774	-0.000125
27.453146	0.000504
27.535910	-0.000251
27.538067	0.000002
27.568651	0.000073
27.629017	-0.000223
27.654020	0.000060
27.663942	0.000086
27.699516	-0.000212
27.706665	-0.000159
27.717752	-0.000067
27.731031	0.000105
27.845446	0.000003
27.854164	0.000288
27.879719	0.000136
27.923635	-0.000202
28.092670	0.000001
28.143852	0.000933
28.146025	-0.000182
28.189058	0.000011
28.254398	0.000326
28.319704	-0.000635
28.373240	-0.000414
28.404322	-0.000615
28.457975	0.001641
28.463173	-0.001716
28.495871	0.000043
28.515221	0.002082
28.562061	0.000035
28.592836	-0.000052
28.592894	-0.000212
28.655481	-0.000247
28.663549	0.000701
28.683710	-0.000374
28.741940	-0.000103
28.751968	0.000217
28.805243	-0.000977
28.811892	0.000876
28.835609	-0.000044
28.855127	-0.000213
28.862986	0.000176
28.888617	0.000510
28.937164	0.000088
28.952532	-0.000010
28.975424	-0.000036
29.022388	0.000090
29.038422	-0.000009
29.196011	0.000092
29.203571	0.000180
29.219398	-0.000109
29.240261	0.000390
29.293066	-0.000638
29.310247	0.000023
29.372435	0.000133
29.404001	-0.000070
29.411659	0.000139
29.421812	-0.000153
29.454100	0.000072
29.454430	0.000083
29.571014	-0.000014
29.707636	-0.000477
29.734457	0.000004
29.788029	0.000022
29.817410	0.000033
29.831770	-0.000352
29.888073	0.000026
29.925182	0.000244
29.947718	-0.000058
29.968576	0.000388
30.037788	0.000102
30.070904	-0.000313
30.075563	-0.000134
30.103024	-0.000253
30.141064	-0.000654
30.141258	0.000178
30.169462	-0.000026
30.205521	-0.000675
30.212646	0.000195
30.350494	0.000271
30.351049	0.000022
30.379486	-0.000085
30.400013	0.000125
30.514633	0.000888
30.570362	-0.000015
30.708509	-0.000150
30.728228	-0.000247
30.747505	-0.000124
30.777746	-0.000084
30.886656	-0.000138
30.911657	-0.005146
30.914003	0.005242
30.983330	-0.000065
31.032330	0.000071
31.044943	0.000202
31.072161	0.000036
31.108561	-0.000102
31.120382	-0.000882
31.142862	-0.000063
31.227242	0.000065
31.254635	-0.000110
31.256281	0.000202
31.279633	-0.000778
31.334108	0.000227
31.352528	-0.000205
31.358000	-0.000268
31.358965	0.000040
31.372963	0.000133
31.394449	-0.000166
31.449484	0.000231
31.480673	-0.000029
31.522310	-0.000014
31.542299	-0.000158
31.635700	-0.000492
31.653275	-0.000209
31.697525	0.000105
31.720716	0.000065
31.740227	0.000237
31.791941	-0.000441
31.831593	0.000337
31.848148	0.001287
31.848410	-0.002732
31.926842	0.000137
31.936068	0.000129
31.947296	-0.000042
31.947647	-0.000015
32.069485	0.001685
32.112545	-0.000032
32.194393	0.013344
32.337097	-0.018314
32.337940	0.004582
32.342415	-0.000109
32.367538	-0.000270
32.386215	-0.000096
32.401424	0.000455
32.440147	-0.000118
32.540344	0.000014
32.582794	0.000002
32.589439	0.000754
32.595501	0.000136
32.638664	0.000166
32.653339	-0.000058
32.656113	0.000009
32.690311	0.000191
32.740883	-0.000055
32.766525	-0.000203
32.817783	0.000017
32.902210	-0.000016
32.930790	-0.000665
32.934734	-0.000021
33.113705	0.000137
33.149754	0.000182
33.224312	-0.000114
33.226173	0.000014
33.303310	-0.000019
33.304760	0.000322
33.340187	0.000531
33.340317	-0.000803
33.413170	-0.000094
33.573818	-0.000342
33.593918	0.000117
33.604313	-0.000009
33.658920	0.001206
33.696575	0.000205
33.704124	-0.000056
33.744068	-0.000120
33.768204	0.000075
33.771915	0.000089
33.834789	-0.005102
33.847637	0.000426
33.867771	0.000114
33.881397	-0.000168
33.904018	-0.000379
33.911194	-0.000171
33.941765	0.006620
33.946907	0.000046
33.998730	0.000450
34.023563	-0.000242
34.057751	0.000162
34.089527	-0.000013
34.152718	0.000272
34.160553	-0.000150
34.175541	-0.002720
34.192341	-0.000278
34.206718	-0.000067
34.262257	0.000133
34.263897	0.000185
34.345173	-0.000181
34.429958	-0.000042
34.436974	0.000058
34.464985	-0.000029
34.531326	0.000078
34.602394	-0.000165
34.627125	-0.000064
34.677528	0.000192
34.750828	0.000000
34.847683	-0.000798
34.858044	-0.000004
34.883350	0.000655
34.898685	-0.000098
34.939053	0.000012
34.989788	-0.000054
35.070301	0.000754
35.075706	-0.000731
35.114052	-0.000038
35.126564	-0.000046
35.150558	0.000642
35.162823	0.000149
35.184196	0.000012
35.200344	0.000149
35.238483	-0.000007
35.270065	0.000776
35.322010	0.000061
35.362118	-0.000955
35.439270	-0.000037
35.498138	-0.000025
35.550743	-0.000065
35.609028	0.000012
35.666698	0.000046
35.728973	0.000003
35.735760	-0.000010
35.744507	0.000016
35.762341	0.000089
35.900814	0.000114
35.954971	0.000021
36.087261	-0.000451
36.100868	0.000655
36.113060	0.000086
36.192715	0.000134
36.210873	-0.000054
36.231136	0.001595
36.285332	-0.000360
36.285866	-0.052278
36.295399	0.052133
36.349178	-0.000078
36.368397	-0.012385
36.378391	0.009953
36.384087	-0.000095
36.393440	0.001345
36.396526	-0.000652
36.449123	0.002848
36.449940	-0.000390
36.466175	-0.000172
36.494469	-0.000150
36.521679	0.000197
36.550358	0.000216
36.579853	-0.000565
36.584843	0.000443
36.626724	-0.001249
36.643696	-0.001062
36.685326	0.000045
36.706985	0.000457
36.710682	0.000079
36.904362	0.000023
36.950558	-0.002261
36.951374	0.002435
36.970676	-0.000197
37.103317	0.000108
37.123371	0.000273
37.233562	0.001009
37.241711	-0.000149
37.253212	-0.000264
37.325649	-0.000348
37.346176	0.000480
37.367023	0.000094
37.389507	-0.000310
37.408417	0.000036
37.513630	-0.000037
37.540058	-0.002159
37.546944	0.002227
37.586697	-0.000115
37.590282	0.000004
37.678909	-0.000020
37.707767	0.000421
37.720680	-0.000865
37.741108	-0.000172
37.801079	-0.000231
37.810993	-0.000201
37.912682	-0.000318
37.914810	0.000240
37.981876	0.000033
37.989731	0.000085
38.086075	-0.000002
38.092018	-0.000065
38.175682	0.002716
38.177834	-0.001873
38.194363	-0.000895
38.235867	0.000003
38.238914	0.000001
38.351357	0.000800
38.546322	-0.000047
38.592899	-0.000496
38.601097	0.000256
38.632339	0.000190
38.674828	-0.000100
38.691368	0.000009
38.693439	0.000034
38.728912	-0.000334
38.740116	0.000666
38.807049	0.000019
38.815456	-0.000001
38.851963	0.001834
38.861973	-0.000322
38.867764	-0.000462
38.872902	-0.000873
38.878384	-0.000012
38.901352	0.000027
38.930458	-0.000071
39.015137	0.000369
39.015213	-0.000868
39.024406	0.000033
39.040794	0.000273
39.090370	0.000332
39.099155	-0.000016
39.107246	-0.002201
39.107658	0.001567
39.123695	0.000099
39.175220	0.000571
39.225311	-0.000226
39.373314	-0.000473
39.415237	-0.000005
39.470665	-0.000005
39.581688	-0.001105
39.646660	-0.000162
39.660728	-0.000105
39.773155	-0.004368
39.776852	0.004009
39.825279	-0.000380
39.827835	1.057079
39.827858	-1.055288
39.832794	-0.000252
39.878899	-0.000102
39.889526	-0.000975
39.968182	0.000569
39.994209	-0.000935
40.002632	0.000321
40.053970	-0.000104
40.082832	0.000017
40.172665	0.000053
40.232590	-0.001529
40.243675	-0.000127
40.247845	0.001589
40.261879	0.000004
40.351372	0.000035
40.479942	-0.002114
40.495712	0.002160
40.523106	-0.000031
40.579636	0.000089
40.587654	0.000349
40.620281	-0.000014
40.620865	-0.000208
40.730324	0.000920
40.731781	0.000705
40.739346	0.000016
40.748245	-0.000877
40.804688	0.000132
40.992680	-0.000038
41.023380	-0.004260
41.044373	0.000048
41.102428	0.000051
41.107048	0.003238
41.125046	-0.000020
41.170826	0.000074
41.216335	0.000014
41.268463	-0.000087
41.283203	-0.000379
41.324600	-0.000043
41.342632	0.000044
41.361221	-0.000879
41.378605	-0.000067
41.383049	0.001145
41.404602	0.000823
41.415524	-0.000008
41.452259	-0.001180
41.491402	-0.009798
41.498020	0.012923
41.524860	-0.000115
41.587502	0.008272
41.589031	-0.006893
41.589245	-0.001469
41.610767	-0.000589
41.641155	0.000058
41.695717	-0.000011
41.715061	0.000001
41.759331	-0.002177
41.843204	0.000027
41.875301	0.000154
41.972748	-0.000171
42.076653	-0.001173
42.081009	0.001048
42.206902	0.000274
42.215427	-0.001806
42.216732	0.001978
42.258423	0.000010
42.307587	0.000149
42.388859	-0.000013
42.391621	0.000095
42.400528	-0.000117
42.411163	-0.000094
42.457695	-0.000042
42.502319	0.000089
42.522495	0.000133
42.522625	0.000096
42.629116	-0.000134
42.633511	0.000130
42.696438	0.000108
42.734741	0.000027
42.785423	-0.000054
42.826374	0.000036
42.855175	-0.000030
42.994171	-0.000086
43.029709	0.000468
43.039337	-0.000062
43.054195	-0.000451
43.059097	0.000043
43.136066	0.000198
43.171841	-0.000068
43.173603	0.000058
43.216019	-0.000019
43.247585	-0.000007
43.324795	-0.000047
43.408527	-0.000046
43.441986	-0.000255
43.454525	0.000082
43.470757	0.000064
43.498962	-0.000053
43.553753	0.000044
43.585316	0.000903
43.667027	0.000025
43.739044	-0.000022
43.744987	0.000204
43.818932	-0.000255
43.830719	-0.000787
43.840961	-0.000256
43.848255	0.001201
43.916985	0.000038
43.924572	0.000235
43.939060	-0.000935
43.978340	0.005852
43.980919	-0.004674
43.997677	-0.000125
44.003853	-0.001463
44.024067	-0.000119
44.073330	0.000066
44.075832	-0.000077
44.136658	0.000013
44.157955	0.000047
44.173485	-0.000084
44.184586	-0.000019
44.268738	-0.000067
44.310719	0.000366
44.329021	-0.000019
44.375713	0.000043
44.469784	-0.000044
44.487408	-0.000043
44.559464	-0.000091
44.590141	-0.000062
44.652130	0.000403
44.652237	-0.000370
44.723248	-0.000092
44.781277	-0.000001
44.853878	0.000113
44.928528	0.000154
44.937107	-0.000225
44.959641	0.000812
44.966457	-0.001002
45.000275	-0.000013
45.095482	0.000049
45.097710	-0.000031
45.129581	0.000016
45.159237	-0.000002
45.166363	0.000263
45.222820	-0.000088
45.242783	0.000227
45.314770	-0.000114
45.431496	0.000017
45.435108	0.000063
45.470306	-0.000860
45.489452	0.000586
45.537582	0.000168
45.589821	0.000052
45.670712	-0.000002
45.692635	-0.000058
45.694141	0.000238
45.730999	-0.000062
45.761055	-0.000015
45.790051	-0.000224
45.874035	0.000142
45.888729	0.000004
45.915638	-0.000082
45.974178	-0.000037
46.010639	0.000008
46.120201	-0.000170
46.169422	-0.000118
46.186138	-0.000387
46.219669	0.000019
46.229416	0.000134
46.291447	0.000144
46.302666	-0.000127
46.328579	0.000312
46.350021	0.000129
46.429649	-0.000093
46.452843	0.000002
46.480480	0.008816
46.482876	-0.007027
46.486858	0.000069
46.523335	0.000134
46.527790	-0.000928
46.557541	0.000186
46.566025	-0.000047
46.633793	-0.000998
46.646320	0.000464
46.657639	0.000000
46.708447	0.000189
46.766415	-0.000093
46.778782	-0.000223
46.779949	-0.000080
46.835217	-0.000034
46.901150	-0.000032
46.920929	0.000045
46.939308	-0.000010
46.965725	0.000050
47.091434	0.012004
47.092339	-0.011896
47.127529	-0.000032
47.157547	0.000138
47.274689	-0.000007
47.362572	-0.000221
47.454681	-0.000120
47.464592	0.000169
47.488785	0.000042
47.503265	0.003745
47.506725	-0.003451
47.571632	-0.000003
47.604210	0.000236
47.625935	-0.000408
47.644829	-0.000405
47.665253	0.000037
47.692417	0.000260
47.731808	-0.000024
47.818520	-0.000278
47.839710	0.000189
47.911949	-0.008389
47.914219	0.008354
48.006668	0.000050
48.083344	-0.000094
48.102985	-0.000009
48.114677	-0.000091
48.161072	0.000097
48.185017	0.000104
48.289181	0.000029
48.291019	0.000463
48.355270	0.000037
48.374737	0.000600
48.385612	-0.000471
48.440136	-0.000109
48.440933	0.000086
48.533234	0.000026
48.664848	-0.000091
48.676731	-0.000149
48.694923	0.000312
48.732037	0.000377
48.753136	0.001618
48.790535	-0.000142
48.792076	-0.002920
48.852554	-0.000002
48.882561	-0.000025
48.929234	-0.000034
48.958458	0.000009
48.968697	-0.001988
48.970985	0.001792
48.998703	-0.000514
49.022598	0.000373
49.041599	-0.004094
49.046242	0.003894
49.055950	0.000577
49.141663	0.000610
49.157120	-0.000050
49.219296	-0.000008
49.239147	0.000055
49.241390	-0.000993
49.250298	0.000650
49.315742	-0.000007
49.342812	0.000047
49.386497	0.000015
49.396919	0.000112
49.444160	0.000028
49.452156	-0.000014
49.532829	0.000523
49.536209	-0.000635
49.590900	0.000221
49.686115	-0.000080
49.802261	0.000049
49.900879	0.000009
49.947659	-0.000024
49.987633	0.000107
50.006954	-0.000099
50.024857	0.000630
50.046261	-0.000534
50.057911	-0.000028
50.066906	0.032385
50.067287	-0.032646
50.075645	0.000345
50.143948	-0.000123
50.153870	0.000018
50.251087	0.000026
50.291065	-0.000079
50.302792	0.000152
50.369259	-0.000006
50.373264	-0.000017
50.497978	0.000053
50.560497	0.000285
50.626160	-0.003511
50.627140	0.003505
50.681400	0.000083
50.689156	-0.000009
50.827427	-0.000337
50.837955	0.000300
50.845825	-0.000169
50.920372	0.000005
50.935989	0.000181
50.987392	0.000295
50.999779	-0.000461
51.030449	0.000010
51.141468	-0.000256
51.152172	-0.000012
51.201317	-0.000672
51.210941	-0.000356
51.246799	0.000364
51.255482	0.000130
51.270836	0.000006
51.351433	0.000026
51.425503	-0.000028
51.436359	0.000007
51.447716	-0.022243
51.449043	0.022168
51.472363	-0.000081
51.514439	0.000019
51.518379	-0.000299
51.536476	-0.000145
51.565132	-0.001062
51.590820	0.001387
51.655952	-0.000617
51.680618	0.000153
51.722542	-0.000062
51.730064	-0.000178
51.744713	0.000045
51.772907	0.000855
51.812355	-0.000320
51.847874	0.000105
51.920788	0.000251
51.931637	0.000003
51.939083	-0.000238
51.946568	0.000191
51.978138	2.207871
51.978146	-2.207972
52.045933	-0.000065
52.247654	-0.000079
52.353638	0.000076
52.401527	-0.000237
52.424232	0.000015
52.486366	-0.000028
52.504471	0.024826
52.510532	-0.025639
52.518818	0.001147
52.552666	0.005122
52.553543	-0.005013
52.561607	0.000080
52.575344	-0.000119
52.627129	0.000134
52.631119	-0.000073
52.708366	-0.000001
52.788303	-0.000009
52.791351	0.000398
52.842949	0.002149
52.846077	-0.002271
52.944553	0.000006
53.086536	0.000219
53.103535	-0.000034
53.134373	-0.000232
53.182259	0.000068
53.277012	-0.000133
53.329163	0.000074
53.373737	-0.000035
53.422508	-0.000050
53.426197	-0.000097
53.475887	-0.000337
53.498688	-0.000064
53.543568	0.001252
53.582176	-0.002180
53.588261	0.000297
53.623829	0.000047
53.680279	-0.001076
53.717094	0.000280
53.723164	-0.000194
53.735291	0.000109
53.767937	0.000188
53.845245	0.000066
53.895916	-0.000162
53.917076	0.002954
53.918388	0.000284
53.920174	-0.004199
53.923126	-0.001295
53.977062	0.000129
54.017769	0.000107
54.036171	-0.000137
54.131989	-0.000702
54.133072	-0.003896
54.199417	0.003707
54.204670	0.000131
54.230251	-0.000002
54.247665	0.000012
54.300327	0.009977
54.300716	-0.002425
54.310249	0.000292
54.393486	-0.000144
54.413013	-0.000466
54.423092	0.003083
54.425964	-0.000277
54.434589	-0.003771
54.442886	0.000133
54.516529	-0.000274
54.522919	0.000124
54.811104	-0.000077
54.823639	0.000012
54.890774	-0.000004
54.910225	0.000010
54.939453	0.052431
54.946091	-0.052823
54.984673	-0.000020
55.001907	-0.000068
55.055916	0.000080
55.076797	-0.000040
55.091015	-0.000052
55.105030	-0.000060
55.123051	-0.000036
55.144737	0.000060
55.166992	0.000013
55.288185	-0.000532
55.310017	0.000104
55.337193	-0.891425
55.337238	0.891484
55.422531	-0.000382
55.545593	-0.000103
55.625740	-0.000053
55.636280	0.000116
55.669266	0.000016
55.821617	0.000003
55.877529	-0.000112
55.884075	-0.000036
55.922749	-0.000127
55.944344	0.000052
55.957947	0.000169
56.001331	0.000016
56.071316	0.000075
56.097458	-0.000178
56.118202	0.000577
56.159733	-0.000011
56.194836	0.001915
56.201141	-0.000636
56.202908	-0.001280
56.243927	-0.000083
56.291847	0.000112
56.335110	-0.000526
56.338940	-0.000018
56.343060	0.000212
56.389378	0.000647
56.392097	-0.000543
56.410839	0.000026
56.429562	0.000016
56.513828	-0.000029
56.546387	0.000004
56.677509	0.041400
56.678783	-0.000053
56.681156	-0.044428
56.706161	0.002567
56.762817	-0.000691
56.779999	0.000685
56.827049	-0.000008
56.851444	-0.000253
56.856110	0.000236
56.881016	0.000318
56.888340	0.000298
56.902626	-0.000451
56.912746	-0.000092
56.933437	-0.000492
56.952610	0.000112
57.005058	0.000009
57.155014	0.000072
57.237495	-0.000002
57.348537	-0.000025
57.368893	0.000034
57.391003	-0.001275
57.405430	0.001393
57.422852	-0.000062
57.482746	0.000046
57.490116	-0.000035
57.545513	-0.000019
57.549103	-0.000069
57.568764	0.000050
57.606152	0.000253
57.666161	0.000003
57.684361	-0.000048
57.746841	0.000355
57.789249	-0.000130
57.827515	-0.001235
57.835503	-0.043919
57.835831	0.045254
57.921341	0.000104
58.006062	0.000071
58.133057	-0.000031
58.143078	-0.000016
58.163883	0.000016
58.274940	-0.000284
58.309269	-0.000012
58.392792	-0.000006
58.457928	-0.000517
58.461285	0.000277
58.466946	0.000115
58.494503	-0.000086
58.571156	0.000009
58.645542	-0.000865
58.662533	0.000605
58.678024	-0.000096
58.690628	-0.000007
58.726814	0.000209
58.755112	-0.001910
58.759991	0.001242
58.765881	-0.000043
58.789864	-0.000081
58.813034	-0.000038
58.823803	0.000212
58.865833	0.002649
58.871910	-0.002667
58.876503	-0.000143
58.898708	-0.000157
59.009182	0.000158
59.068310	0.000083
59.161041	0.000203
59.200275	0.000062
59.240395	-0.003725
59.250950	0.003789
59.263088	0.000134
59.324394	-0.003559
59.328213	0.000384
59.347157	0.000815
59.348709	0.000101
59.379829	0.001031
59.399536	0.000020
