-0.743613	0.000055
-0.743322	-0.000054
2.056831	-0.000164
2.058540	0.000167
2.800699	0.000363
2.803136	-0.000361
4.535164	-0.036275
4.535505	0.036251
5.205806	-0.002498
5.208513	0.002513
5.559900	-0.210132
5.560160	0.210118
6.409069	0.011112
6.410827	-0.011050
6.679938	0.014036
6.680666	-0.013966
7.381674	-0.065325
7.381807	0.065272
7.955043	0.022399
7.957663	-0.022606
8.417610	0.003878
8.425800	-0.003883
8.486255	0.026388
8.487485	-0.026466
9.089871	-1.607833
9.089927	1.607758
9.268720	0.133279
9.272066	-0.133464
9.863635	0.000528
9.877667	-0.001999
9.885394	0.002905
9.895880	-0.001633
9.966217	0.132889
9.967048	-0.132833
10.094726	0.003253
10.127150	-0.002893
10.306151	-0.008392
10.310810	0.008243
10.820574	0.001463
10.857224	-0.002244
11.043470	0.014285
11.052119	-0.014784
11.128908	0.001858
11.261916	0.006529
11.304107	-0.001610
11.328532	0.000138
11.371517	-0.006699
11.593029	-0.004625
11.643457	0.004780
11.670705	-0.005894
11.745760	-0.004291
11.783559	0.001495
11.860986	-0.000405
11.873353	0.011676
11.996716	-0.000969
12.170753	-0.000884
12.195798	0.000305
12.204365	0.000414
12.289123	0.002048
12.333827	0.000129
12.408352	0.001400
12.434967	-0.003105
12.538283	0.000273
12.678223	-0.003854
12.691352	0.006030
12.743140	-0.002288
12.903174	-0.000441
12.977886	-0.000706
13.039363	0.000058
13.066004	0.000067
13.140599	0.000348
13.214354	0.000340
13.329310	-0.001441
13.409824	0.000344
13.540799	-0.000098
13.628334	-0.000225
13.676433	0.000459
13.712928	0.002285
13.747602	-0.001312
13.784373	0.000930
13.794953	-0.000844
13.872667	0.000456
13.894867	0.000810
13.992990	-0.000241
14.064696	-0.000495
14.156147	0.000215
14.284101	0.000831
14.384645	0.000290
14.399690	-0.000725
14.597308	-0.000395
14.646046	-0.000057
14.776518	-0.020921
14.784327	0.021098
14.836483	0.001044
14.869446	-0.000633
14.877406	0.000988
14.928398	-0.001998
15.018670	-0.001010
15.080518	0.000144
15.099088	0.000901
15.195180	-0.000325
15.324788	0.000240
15.447927	-0.001200
15.486937	0.000480
15.511168	-0.000396
15.528241	0.000664
15.569521	-0.002668
15.601334	0.002412
15.689831	-0.143880
15.690008	0.143825
15.721096	0.000899
15.850398	0.000678
15.878196	0.000165
15.977186	0.000048
16.015369	-0.000143
16.106682	-0.000225
16.112495	-0.000614
16.172205	-0.000180
16.243240	-0.000466
16.309843	-0.001046
16.317905	0.001746
16.363243	-0.013218
16.369644	0.009668
16.395044	0.003245
16.495823	0.000016
16.556604	0.000062
16.689543	0.000435
16.717489	0.000463
16.784599	0.000001
16.887880	0.001008
16.915228	-0.001222
16.988499	0.000041
17.027575	0.000046
17.147863	0.001756
17.156551	-0.002619
17.218437	0.000083
17.284370	0.000434
17.329926	-0.000563
17.366491	0.000033
17.413490	0.000832
17.464050	0.000670
17.512274	-0.000356
17.590611	-0.000436
17.606392	-0.000149
17.661623	0.000324
17.755232	-0.000193
17.861607	-0.000019
17.894665	0.000460
17.970484	-0.000218
18.017099	-0.000199
18.046749	-0.000587
18.262461	-0.000616
18.303535	-0.000383
18.381577	0.000096
18.426945	-0.000659
18.497120	0.000464
18.502287	-0.000973
18.552204	0.001410
18.600800	-0.000868
18.676455	0.001569
18.700161	0.000448
18.789724	-0.000213
18.797052	0.000371
18.851198	0.001429
18.879990	0.004708
18.887602	-0.006258
19.142740	0.001261
19.168837	-0.001297
19.233255	-0.001032
19.267174	0.001462
19.315617	0.000395
19.335632	0.000788
19.357683	0.000053
19.386595	0.000068
19.499292	0.000701
19.569904	-0.000842
19.605867	0.000301
19.632952	-0.002021
19.657171	-0.000280
19.704756	0.004309
19.712591	-0.004371
19.821335	-0.000212
19.901627	-0.000236
19.930023	0.000435
19.959167	0.000649
20.048212	-0.001876
20.059692	0.003958
20.065538	-0.003385
20.110924	-0.000397
20.133650	0.000743
20.184166	0.000446
20.193552	-0.000628
20.252205	0.000052
20.342083	-0.000110
20.464897	-0.000397
20.607254	-0.000153
20.636732	-0.000070
20.666821	0.000585
20.713442	-0.000398
20.760000	0.000835
20.795948	-0.000747
20.853777	0.000044
20.889374	0.000760
20.963638	-0.000410
21.071629	0.001244
21.102331	-0.001382
21.117210	-0.000047
21.184607	0.000268
21.225943	-0.000295
21.325766	-0.000209
21.348612	0.001896
21.356485	-0.002137
21.407293	0.000321
21.433947	-0.000237
21.601068	0.000316
21.634296	0.000317
21.681395	0.000822
21.719761	-0.001159
21.893688	-0.000013
21.958723	-0.000221
22.001362	0.000281
22.046255	-0.000570
22.205051	-0.014158
22.206648	0.013620
22.262403	-0.000116
22.297119	0.001318
22.319117	-0.000331
22.384083	-0.000367
22.398838	0.000098
22.417555	-0.000074
22.532438	0.000279
22.562693	-0.000308
22.584047	-0.000043
22.653345	-0.000014
22.699764	0.000444
22.822556	0.000830
22.964655	0.007124
22.975805	-0.005200
23.010561	-0.002596
23.078644	0.000400
23.098318	-0.001442
23.159857	0.000382
23.229561	-0.000376
23.291494	0.000904
23.342613	0.001220
23.372978	-0.000548
23.455944	-0.000118
23.526503	0.000059
23.543777	-0.000882
23.566198	0.001006
23.640869	-0.000228
23.692743	-0.000771
23.712961	0.001311
23.715298	-0.000396
23.765444	0.068958
23.765778	-0.069496
23.821131	0.000352
23.896769	-0.000229
23.921198	0.000600
23.990192	-0.000708
24.132380	-0.000044
24.161104	0.000182
24.190258	0.000171
24.277910	-0.000261
24.288906	0.000127
24.351873	0.001589
24.357454	-0.001697
24.485468	-0.000067
24.537498	-0.000435
24.559082	-0.000560
24.643282	0.000440
24.652483	-0.000510
24.757061	0.000787
24.774105	0.001218
24.828009	0.000310
24.865355	-0.000859
24.875879	0.000616
24.942396	0.000152
25.015123	0.000300
25.072247	0.000389
25.141329	-0.000131
25.213184	-0.000352
25.234726	-0.000055
25.327787	0.000007
25.400002	0.000026
25.420633	0.000113
25.576107	-0.000059
25.611830	0.001520
25.626343	-0.001574
25.809767	0.001364
25.860796	-0.000678
25.928881	-0.000424
25.954971	-0.000275
25.962276	0.001230
26.018543	-0.001553
26.079422	0.000124
26.120270	-0.000681
26.156656	-0.000111
26.188412	0.000507
26.240637	0.001011
26.255665	-0.000160
26.447371	-0.000314
26.497953	0.000068
26.590151	-0.002008
26.664505	0.000680
26.684824	0.000851
26.705351	0.000537
26.775566	0.000508
26.877596	-0.001209
26.913366	0.000728
27.007856	0.001225
27.030825	-0.000899
27.037228	-0.002322
27.098322	0.000251
27.120113	0.000031
27.184582	-0.000524
27.318398	0.000890
27.344742	-0.000212
27.386278	-0.019757
27.389471	0.017775
27.441545	0.002483
27.448465	0.000377
27.515001	-0.000835
27.543291	-0.000253
27.629700	0.000987
27.649475	0.000337
27.717468	-0.000417
27.770678	0.000251
27.836359	0.000014
27.858202	-0.000441
27.859522	-0.000581
27.902161	0.000111
27.961203	-0.000457
27.986134	0.000141
28.167873	0.000377
28.203209	-0.000925
28.262037	-0.000144
28.299841	0.001011
28.349886	-0.000577
28.376841	-0.000409
28.443045	0.000760
28.485155	-0.012968
28.487110	0.011423
28.557419	0.003143
28.581606	-0.001400
28.599705	-0.000381
28.731380	-0.000127
28.768251	-0.000529
28.847227	-0.000091
28.892212	0.000194
28.959595	0.000223
29.027611	-0.000179
29.110199	0.000183
29.184711	-0.001280
29.229246	0.000894
29.315620	-0.000012
29.418388	0.000380
29.523838	-0.001248
29.536953	0.001735
29.595503	0.000697
29.674610	-0.000180
29.708618	0.000573
29.745344	0.002196
29.779293	-0.002510
29.828909	-0.000517
29.867125	-0.000283
29.879286	-0.000739
29.919064	0.000072
30.043432	0.000834
30.201113	0.000743
30.248470	0.000338
30.263481	-0.000417
30.317118	-0.000956
30.381180	-0.000457
30.429266	0.000838
30.482481	0.000685
30.595263	-0.004544
30.626194	0.003761
30.669357	-0.000191
30.696112	-0.000887
30.751404	0.001060
30.758211	0.000733
30.783304	0.001482
30.978735	0.000064
31.028353	-0.000113
31.108801	0.000781
31.119440	0.012647
31.124245	-0.011317
31.139059	-0.003578
31.192675	-0.000143
31.242949	-0.000319
31.301832	-0.000917
31.327114	-0.000728
31.351250	0.002122
31.483191	0.062790
31.484627	-0.062821
31.497887	-0.000442
31.508387	-0.000144
31.518372	0.000715
31.584297	0.000256
31.790987	0.000725
31.807518	-0.000673
31.869331	-0.000609
31.895809	-0.000113
31.956430	0.000421
31.992176	0.000301
32.091606	0.003159
32.103477	-0.003930
32.152431	0.002247
32.202602	-0.001440
32.239437	0.000241
32.259659	-0.000911
32.331963	0.000757
32.407551	0.004548
32.412041	-0.003826
32.563343	-0.000114
32.571209	-0.000120
32.618198	0.000076
32.687038	-0.000863
32.787033	0.000857
32.819138	-0.000805
32.843956	0.000676
32.993378	-0.000250
33.129501	0.000444
33.131271	-0.000863
33.218662	0.000238
33.247707	-0.001807
33.317650	0.002694
33.356453	-0.009223
33.367611	0.009123
33.456200	0.000195
33.475559	-0.001243
33.493164	-0.000636
33.536491	0.002090
33.615757	-0.001073
33.700733	0.000247
33.795734	-0.000215
33.835651	-0.000862
33.904881	-0.000001
33.961922	-0.000340
34.028309	-0.000166
34.044636	0.000180
34.106380	0.000972
34.184387	-0.000396
34.239952	0.000077
34.303215	0.001228
34.339916	0.012343
34.347404	-0.013660
34.390823	-0.000962
34.489853	0.000095
34.637421	-0.000486
34.714474	-0.000417
34.764202	0.005925
34.771732	-0.003081
34.796131	0.004430
34.802116	-0.004117
34.868633	-0.000664
34.923962	-0.002567
34.932278	0.001515
34.948448	0.000946
35.009537	-0.000892
35.110294	-0.007347
35.116657	0.008693
35.126156	-0.002034
35.178391	0.000397
35.214291	-0.000384
35.409008	-0.000367
35.427090	-0.000086
35.478233	0.001629
35.481220	-0.002100
35.582592	-0.000129
35.656967	0.000025
35.743847	0.000199
35.807991	0.000596
35.808582	0.000161
35.881233	-0.000578
35.905174	0.002871
35.921577	-0.002289
35.987419	0.001069
36.030563	-0.001749
36.042118	-0.000017
36.181034	-0.131081
36.181137	0.131844
36.245457	-0.000041
36.262642	-0.000282
36.337624	-0.000184
36.446110	-0.000698
36.511417	-0.000151
36.608353	0.000247
36.674522	-0.000003
36.734814	0.000188
36.760334	-0.000116
36.891705	-0.001163
36.939053	0.001623
36.971767	0.026757
36.972622	-0.027189
37.026173	0.000656
37.066685	-0.000529
37.103420	0.001631
37.122814	-0.001860
37.203129	-0.003448
37.214508	0.004066
37.394760	0.000241
37.442661	0.000406
37.464657	-0.000703
37.495720	-0.000350
37.578865	0.003094
37.594604	-0.001682
37.680954	-0.000669
37.730888	-0.000021
37.837959	0.000903
37.847855	-0.000795
37.918129	0.001608
37.950748	-0.001706
38.015640	0.001407
38.026318	-0.000618
38.181095	-0.000110
38.275677	0.000786
38.365189	-0.003461
38.379143	0.004090
38.402588	-0.000902
38.462021	-0.004689
38.482796	0.003600
38.521080	-0.001080
38.528675	0.000060
38.551212	0.000547
38.615273	0.001726
38.716515	0.000166
38.736710	-0.022260
38.741150	0.022510
38.843300	-0.002151
38.843971	0.001615
39.026661	0.000487
39.089966	-0.044971
39.090595	0.044907
39.108639	0.000178
39.209339	-0.000369
39.335262	0.000857
39.371361	0.000474
39.388203	0.000233
39.465111	0.000532
39.569168	0.004103
39.573029	-0.007191
39.614323	-0.004386
39.621037	0.005502
39.636143	0.001044
39.665215	0.000202
39.736610	0.000648
39.781349	-0.001700
39.828300	-0.000306
39.895744	0.000421
39.985165	0.000181
40.080532	0.000433
40.213459	0.001199
40.237591	0.000940
40.257011	-0.001783
40.356686	0.000518
40.378944	-0.001358
40.507885	0.002507
40.528835	-0.003494
40.548424	0.000008
40.566498	0.000477
40.593971	0.005799
40.600143	-0.007181
40.615742	0.000894
40.732941	-0.000327
40.828205	0.001903
40.859268	-0.001885
40.980190	-0.000670
40.998283	0.001485
41.040550	0.000455
41.049740	0.000044
41.152081	-0.000447
41.198242	-0.000103
41.299366	0.001269
41.314594	0.003196
41.321182	-0.003520
41.437481	-0.000174
41.530437	0.005315
41.544544	-0.005524
41.613159	0.000022
41.627090	-0.001341
41.672264	0.001143
41.863503	0.002242
41.902428	0.001473
41.924706	-0.003655
42.008327	-0.000027
42.078472	-0.000099
42.085011	0.000891
42.112083	-0.000346
42.176388	0.000132
42.198822	-0.000521
42.257378	0.000543
42.309574	-0.000064
42.342941	0.000677
42.355068	-0.000595
42.485531	0.000653
42.500973	-0.000218
42.642090	-0.000985
42.695835	-0.000878
42.737896	0.000667
42.741581	0.000837
42.864983	-0.000832
42.922245	0.000104
42.992241	-0.001618
43.019917	0.000715
43.045837	0.000670
43.157093	0.000502
43.211643	-0.000503
43.243572	0.001384
43.267235	0.000179
43.270329	-0.002885
43.289909	-0.000694
43.325649	-0.000042
43.405659	0.002351
43.469139	0.000075
43.533623	-0.000330
43.571041	-0.000370
43.712040	0.000071
43.850193	-0.001627
43.896492	0.002788
43.936638	-0.001816
44.008068	-0.000050
44.022152	0.000485
44.044754	0.003424
44.072117	-0.002940
44.104488	0.002905
44.121174	-0.003791
44.152966	0.000193
44.174343	0.006780
44.197109	-0.005577
44.391232	0.000335
44.495564	-0.007464
44.507648	0.007925
44.540554	0.000442
44.597107	-0.007679
44.603035	0.007108
44.658531	-0.000217
44.767014	0.000224
44.833900	-0.000251
44.883350	0.001313
44.915138	-0.000663
44.948521	-0.000749
45.040703	0.000662
45.103287	-0.002956
45.132275	-0.002903
45.138710	0.005764
45.227695	-0.000188
45.291557	-0.000643
45.375202	-0.002612
45.420200	0.002220
45.506882	0.000478
45.608021	0.000293
45.662022	-0.003430
45.670692	0.001030
45.705536	0.001074
45.836147	0.003165
45.862015	-0.004676
45.895741	-0.000502
45.914608	0.001447
45.934795	-0.002138
45.963127	0.002442
46.125374	-0.000668
46.155396	0.000181
46.254932	0.000629
46.297089	0.000188
46.339699	-0.000026
46.372192	-0.000695
46.492161	0.000675
46.532284	-0.000507
46.553444	0.000278
46.602001	0.000435
46.644833	-0.000737
46.745480	-0.001388
46.784889	0.000622
46.852058	-0.001675
46.872524	0.001292
46.897285	-0.000441
46.931786	0.003035
46.944508	-0.000650
47.026814	-0.000494
47.117241	0.000629
47.159206	-0.000275
47.171284	0.000398
47.337753	0.000534
47.405361	0.000129
47.519985	0.000072
47.539738	-0.003209
47.552158	0.003319
47.603573	-0.002154
47.616329	0.001756
47.680435	-0.001264
47.730846	-0.001294
47.739941	-0.003937
47.757904	0.002819
47.771374	0.003767
47.776691	-0.001196
48.075562	-0.000167
48.088459	0.001596
48.166328	-0.006083
48.170525	0.000194
48.193287	0.001348
48.208767	0.002398
48.265442	0.000026
48.432957	0.003855
48.439243	-0.003633
48.527794	-0.000048
48.545483	-0.001610
48.591698	0.002246
48.647671	0.000950
48.656609	-0.001420
48.710991	-0.000639
48.770733	-0.000513
48.820747	-0.000257
48.892075	0.005742
48.903790	-0.003081
48.973324	-0.001741
49.082218	-0.000939
49.192680	0.000148
49.243408	0.001569
49.254631	-0.000833
49.310448	0.000356
49.483295	0.002710
49.491840	-0.002950
49.516987	-0.000804
49.523857	-0.000803
49.567242	0.002717
49.574249	-0.000627
49.758690	0.000239
49.797615	0.000810
49.851566	-0.000101
49.894211	-0.000434
49.926765	-0.000118
49.966511	-0.000838
50.060925	-0.000500
50.080711	0.000702
50.143074	-0.000174
50.222065	0.000629
50.268932	0.000108
50.331203	-0.002156
50.368935	0.001646
50.461487	-0.001607
50.496639	0.001770
50.516121	0.000139
50.542294	-0.000359
50.564552	-0.000198
50.632095	0.000825
50.668907	-0.000615
50.743149	0.000339
50.878910	-0.000214
50.889172	0.000003
50.934181	-0.000252
51.068367	-0.000009
51.131641	0.005489
51.140270	-0.006224
51.170948	0.001920
51.232529	0.000414
51.256939	0.001054
51.300343	-0.002401
51.309853	-0.002871
51.345474	0.003344
51.456764	-0.000443
51.512386	0.000266
51.668148	-0.000351
51.757320	0.002243
51.783062	0.005638
51.791702	-0.006319
51.858227	-0.021742
51.859955	0.020607
51.876236	-0.001297
52.045521	-0.006467
52.061848	0.007083
52.134403	0.001011
52.162758	-0.000165
52.220402	-0.000059
52.255417	0.000285
52.284687	-0.000510
52.343723	0.000028
52.403839	-0.001108
52.448223	-0.002041
52.467346	0.002840
52.520916	0.000514
52.578465	0.000773
52.643291	0.000005
52.770817	0.000127
52.834614	-0.005968
52.844135	0.005217
52.911568	0.000094
53.069130	-0.000125
53.096886	-0.000285
53.129467	0.000631
53.172073	0.000115
53.179394	-0.000658
53.226883	0.000388
53.366005	-0.000618
53.430084	-0.001094
53.444962	0.001028
53.484863	-0.001348
53.500969	0.002044
53.514481	-0.000082
53.607990	-0.000329
53.647945	0.000075
53.773323	0.000186
53.848965	-0.001363
53.881851	0.000919
53.916168	0.000094
53.970535	-0.000006
54.071892	0.000740
54.098656	0.001006
54.128323	0.002402
54.134552	-0.002940
54.156551	-0.000201
54.228127	0.000127
54.234642	-0.000571
54.324173	0.000379
54.367409	-0.000573
54.513126	0.000227
54.572403	-0.000162
54.654110	0.000201
54.710770	0.002207
54.739029	-0.000573
54.740223	-0.002684
54.780472	0.000037
54.853386	0.000387
54.894489	0.000419
54.908195	0.000190
54.941666	-0.000352
55.135841	-0.000131
55.241570	-0.000080
55.265965	-0.000185
55.361488	-0.000766
55.432255	-0.000478
55.459827	0.000004
55.488796	0.000900
55.497036	-0.000588
55.535183	0.001438
55.573650	0.000465
55.621643	-0.000949
55.742905	-0.000108
55.800957	-0.000382
55.859665	-0.000630
55.883293	0.000262
55.936073	0.000894
55.982948	-0.000010
56.030670	-0.000093
56.088280	0.001007
56.093189	-0.000822
56.144085	0.000664
56.197605	-0.002661
56.305084	-0.000025
56.360653	0.000842
56.431175	0.000490
56.439133	-0.000360
56.511208	-0.000053
56.652405	0.000023
56.672836	-0.000722
56.756599	0.001160
56.800175	-0.019706
56.801979	0.018901
56.870560	0.000327
56.935776	0.001006
57.020485	0.003585
57.022919	-0.002862
57.042637	-0.000798
57.079948	-0.000956
57.108364	0.000114
57.164330	-0.000134
57.233479	-0.000368
57.428883	-0.000433
57.445049	-0.000384
57.465302	0.000403
57.531174	-0.001039
57.587257	-0.000192
57.597435	0.002914
57.675900	-0.001049
57.705196	0.000534
57.719696	-0.001893
57.762611	0.000125
57.805428	0.000854
57.838230	-0.000594
57.911110	0.002629
57.920509	-0.002339
58.112720	0.000097
58.217064	0.024448
58.218040	-0.024653
58.281303	0.000368
58.295742	0.001065
58.323540	-0.000082
58.393875	0.000012
58.423569	-0.001474
58.487122	0.001652
58.538452	-0.001785
58.559792	-0.000114
58.770504	-0.000195
58.885601	0.000789
58.961140	-0.000476
58.969776	-0.000528
59.046124	0.000305
59.078102	0.000894
59.106171	-0.000056
59.128418	0.007056
59.134705	-0.004977
59.152042	-0.001974
59.244308	-0.000454
59.345814	0.000301
59.462662	0.000228
59.501152	0.000167
59.528023	-0.001093
59.571487	-0.000494
59.595352	0.001021
59.624905	-0.000845
59.670784	0.001004
59.755707	0.000040
59.777191	0.001916
59.868168	-0.000165
59.959976	0.000383
60.028027	-0.000846
60.035576	-0.003085
60.043777	0.000059
60.109570	0.001631
60.233467	0.000561
60.257381	0.001716
60.361450	-0.004411
60.392452	0.004249
60.445095	-0.000164
60.500587	-0.008885
60.505989	0.008606
60.575031	0.000327
60.588932	0.000128
60.634750	0.001190
60.686157	0.001595
60.718899	-0.001394
60.744644	-0.001054
60.823517	-0.000348
61.029896	-0.003395
61.040867	0.003494
61.074615	-0.003236
61.082253	0.001936
61.159061	0.000975
61.172638	-0.000691
61.231750	0.000587
61.263123	-0.000027
61.338310	0.000647
61.392738	-0.010545
61.396938	0.010409
61.442268	0.000299
61.509533	-0.000453
61.513577	0.000472
61.730358	-0.000301
61.764942	0.000792
61.802078	-0.000634
61.856636	-0.000508
61.861347	0.000975
61.909519	0.000311
62.005737	0.000218
62.049431	-0.000095
62.087936	-0.000289
62.135429	0.000662
62.204132	-0.000032
62.370464	-0.000033
62.521416	-0.001408
62.525036	0.000571
62.580467	-0.000231
62.681297	0.009090
62.681740	-0.008362
62.719334	0.070494
62.720070	-0.071049
62.777508	-0.016112
62.778500	0.015530
62.943256	-0.000070
62.952282	0.001182
63.117207	0.000373
63.122990	-0.000789
63.167183	0.000859
63.207020	0.000499
63.219517	0.003469
63.243370	-0.003707
63.248276	-0.001051
63.315750	-0.000892
63.432446	-0.000056
63.567692	0.001794
63.625999	0.026934
63.629841	-0.028276
63.632481	-0.000027
63.716385	-0.000414
63.736755	-0.000572
63.812145	0.000383
63.844868	0.000323
63.922150	0.005504
63.943371	-0.005663
64.100983	-0.013085
64.106354	0.013430
64.146042	-0.000043
64.147713	-0.001881
64.179955	0.000107
64.216614	0.000998
64.293663	0.000369
64.331497	-0.002996
64.333412	0.002205
64.413925	0.000022
64.565521	-0.000677
64.617813	-0.020536
64.623039	0.020181
64.625038	0.000183
64.752014	0.000419
64.809151	-0.000469
64.822205	0.001535
64.865334	-0.001984
64.945686	0.000373
64.987320	0.000711
65.017052	-0.000879
65.043671	0.000119
65.111313	-0.012836
65.115913	0.012809
65.308922	0.005495
65.341919	-0.005361
65.357254	-0.000543
65.444237	0.002676
65.465004	-0.002180
65.502495	-0.000111
65.590317	-0.000249
65.691528	-0.005916
65.702972	0.000026
65.734962	0.006019
65.842690	0.000110
65.934937	0.000133
66.020645	0.000170
66.173256	-0.000591
66.195839	0.000458
66.246803	-0.000184
66.339043	0.000683
66.346649	0.000368
66.372482	0.000077
66.412857	-0.347953
66.413261	0.348142
66.558876	-0.000978
66.631035	-0.000140
66.735687	-0.002667
66.772339	0.012316
66.776344	-0.011757
66.811272	-0.047295
66.816048	0.050539
66.877975	-0.000050
66.890579	-0.000911
66.902069	-0.000026
67.099785	-0.000007
67.178291	0.000050
67.223984	-0.087015
67.224335	0.087204
67.324844	0.000808
67.357506	-0.000855
67.392776	0.001153
67.420166	-0.000721
67.430573	0.000428
67.462982	-0.002537
67.490585	0.001924
67.701500	0.002045
67.703598	0.010289
67.704826	-0.012428
67.798210	0.000640
67.802338	-0.000814
67.868263	-0.000244
67.899864	-0.003141
67.926323	-0.005255
67.942642	0.007675
68.007507	0.001693
68.073692	-0.000730
68.115898	0.000949
68.208046	-0.671384
68.209099	0.670827
68.375801	-0.000203
68.396233	-0.000014
68.456963	0.002818
68.500214	-0.002974
68.541733	0.000345
68.572083	-0.000126
68.630943	0.000835
68.653305	-0.000389
68.710556	0.016320
68.712860	-0.016222
68.859741	-0.003485
68.884750	0.003788
68.983025	-0.000185
69.048538	-0.000156
69.082024	0.000450
69.098618	0.000604
69.175163	-0.000091
69.297363	-0.006085
69.335732	0.005103
69.344688	-0.000005
69.472450	0.000009
69.484093	-0.002171
69.529861	0.002357
69.813461	0.023723
69.824715	-0.023862
69.834679	-0.000987
69.960449	0.007762
69.964905	-0.009737
70.037857	-0.216457
70.038666	0.216057
70.048607	0.000940
70.166229	0.002150
70.296677	-0.000233
70.354729	0.002005
70.382462	-0.006174
70.383842	0.005096
70.405830	-0.001066
70.436195	-0.000980
70.484154	0.001079
70.541565	-0.010927
70.545105	0.010807
70.764572	0.000072
70.788971	0.006048
70.817421	-0.016953
70.822929	0.010262
70.938477	-0.000856
70.965515	0.000449
71.005043	-0.030839
71.006256	0.032464
71.042130	-0.000089
71.057663	-0.000550
71.129120	-0.000072
71.261856	-0.001011
71.299042	0.085093
71.300476	-0.085132
71.376694	0.000587
71.423218	0.000309
71.500198	0.000610
71.520050	-0.000205
71.547607	-0.000178
71.587639	-0.001299
71.589417	0.001816
71.607147	-0.000014
71.624405	-0.000556
71.802788	-0.081791
71.804840	0.081865
71.938431	-0.000185
72.035851	0.000022
72.092087	-0.001487
72.130463	-0.004167
72.134628	0.005425
72.162003	0.000051
72.229904	0.000021
72.264374	-0.000415
72.304512	-0.057928
72.305229	0.057811
72.422417	0.007886
72.440155	-0.007713
72.584656	-0.000052
72.684669	-0.000716
72.696724	0.002303
72.711739	-0.001622
72.760880	-0.000044
72.905396	-0.002129
72.938782	0.002258
72.967224	0.000260
73.030968	-0.001692
73.062737	0.001459
73.095352	-0.000050
73.427368	0.000277
73.434601	0.000848
73.470497	-0.000344
73.577240	0.000125
73.584526	-0.000237
73.652847	-0.306818
73.653328	0.306902
73.706886	-0.000041
73.774574	-0.000895
73.939018	-0.000935
73.966759	-0.172574
73.969772	0.172512
74.000801	0.000083
74.013931	0.000779
74.081848	0.001172
74.093506	-0.001121
74.183128	-0.001122
74.184120	0.001202
74.401184	-0.001047
74.411232	0.002706
74.419151	0.000047
74.424530	-0.000412
74.547882	0.010479
74.564827	-0.010521
74.568733	-0.008752
74.578903	0.007042
74.652283	-0.000651
74.683495	0.000663
74.823387	0.000924
74.829399	-0.000015
74.893387	-0.033821
74.894821	0.033814
74.958313	-0.000995
75.040230	0.000075
75.094788	0.004694
75.115150	-0.003461
75.148026	0.035134
75.150932	-0.008190
75.157272	-0.026159
75.198570	-0.000577
75.291161	-0.000101
75.405235	0.234593
75.409859	-0.234567
75.504364	-0.000283
75.661346	-0.000014
75.703453	0.001211
75.725227	0.000621
75.757263	0.000318
75.759735	-0.002017
75.825111	-0.000122
75.869690	-0.001236
75.886940	-0.013785
75.891220	0.015450
76.001099	-0.010785
76.013916	0.011084
76.181435	0.000004
76.293282	0.000367
76.326920	-0.001653
76.344604	0.006964
76.353043	-0.005579
76.517487	0.001174
76.546288	-0.001281
76.557068	0.000969
76.595154	0.000216
76.641754	-0.000931
76.708138	-0.000038
77.024879	-0.000047
77.056175	-0.000064
77.112778	-0.000016
77.180885	0.000796
77.212074	-0.002660
77.258453	0.016528
77.261337	-0.016516
77.342072	0.000015
77.384071	0.001740
77.553871	0.006108
77.556892	-0.006773
77.570946	0.001786
77.626450	0.000819
77.632820	0.000232
77.712013	0.000931
77.716293	-0.003193
77.805725	-0.007180
77.813469	0.007242
78.006287	-0.008002
78.010117	0.008538
78.028503	-0.000385
78.053436	-0.000124
78.138481	0.000428
78.147812	0.000241
78.166023	-0.000474
78.190430	0.000105
78.256279	-0.000193
78.321381	-0.000259
78.383972	-0.000570
78.482605	-0.089821
78.483635	0.089805
78.502617	-0.000003
78.541016	-0.000156
78.653122	0.000226
78.683372	-0.000658
78.705284	0.001633
78.723442	-0.001786
78.747002	-0.000847
78.748184	0.000953
78.793854	-0.000140
78.969398	-0.000018
79.011864	-0.083539
79.014397	0.083760
79.073807	0.000304
79.280098	0.000656
79.295624	-0.000947
79.307098	0.000609
79.367020	0.011461
79.375008	-0.010877
79.415459	-0.000293
79.468727	0.006933
79.471123	-0.087311
79.472870	0.080405
79.603935	0.025495
79.612427	-0.025967
79.775902	-0.000019
79.884659	0.000267
79.931847	0.001953
79.964752	-0.168037
79.965668	0.166172
80.131393	-0.007545
80.150833	0.001057
80.155144	0.007437
80.190659	-0.001389
80.248055	0.000464
80.312088	0.000062
80.623711	0.000156
80.677101	0.000342
80.743408	0.000706
80.776573	-0.000796
80.840439	0.000205
80.857483	0.361030
80.857849	-0.361150
80.964012	0.000004
80.994514	-0.000698
81.152985	-0.088311
81.155670	0.088007
81.189056	-0.001427
81.245911	-0.000105
81.252594	0.000586
81.337112	-0.002184
81.341171	0.003777
81.418564	-0.006449
81.423218	0.006497
81.602638	0.001900
81.617188	-0.002377
81.633919	0.000571
81.675362	0.000313
81.734642	0.003370
81.758102	-0.002391
81.773315	-0.000263
81.810852	0.000327
81.869278	0.000253
81.938492	0.000386
81.950630	-0.000693
82.069771	-0.114645
82.070152	0.114713
82.121613	0.000969
82.146133	-0.000020
82.263596	-0.000052
82.273674	0.000196
82.297516	-0.000240
82.337280	0.001703
82.347961	-0.000407
82.371376	-0.000588
82.397141	-0.000961
82.615082	0.000035
82.623909	0.221870
82.626427	-0.216935
82.648399	-0.005304
82.885605	-0.066118
82.885826	0.066617
82.892250	0.001187
82.961433	0.007563
82.971069	-0.007848
83.003532	-0.001910
83.048943	-0.092006
83.050041	0.091956
83.073013	0.000548
83.227356	-0.014654
83.234100	0.014555
83.378571	-0.000029
83.475044	-0.000318
83.524216	-0.000505
83.557457	-0.019235
83.561989	0.019566
83.746582	0.035563
83.766502	-0.036476
83.777740	-0.001113
83.830315	-0.000638
83.863144	0.001775
83.908379	-0.000058
84.226219	-0.000063
84.296333	-0.002996
84.351944	0.002026
84.378448	0.000960
84.449585	-0.072064
84.450874	0.072490
84.468132	-0.003846
84.567772	-0.000073
84.606544	0.002842
84.755630	-0.009718
84.767044	0.009937
84.801193	0.000500
84.861732	0.000418
84.872223	-0.000460
84.948120	-0.000562
84.967125	0.000384
85.015434	0.011913
85.022705	-0.011926
85.200905	0.002941
85.221741	-0.002064
85.241478	0.000106
85.292236	-0.000141
85.343765	-0.000543
85.382629	0.001466
85.384773	-0.000866
85.429085	-0.000587
85.496307	-0.000587
85.518753	0.000510
85.543877	-0.000198
85.655457	-0.057341
85.656685	0.057352
85.705879	0.000538
85.758728	-0.000036
85.862534	0.000424
85.869072	0.000438
85.915726	0.001185
85.945793	-0.000712
85.981781	0.000506
85.990166	-0.001316
86.032883	-0.000505
86.216599	-0.001785
86.235107	-0.001238
86.241333	-0.325169
86.242714	0.328543
86.473045	0.000709
86.483986	0.001864
86.488121	-0.002831
86.546127	-0.003889
86.561523	0.004004
86.592155	0.000291
86.624420	-0.003944
86.628067	0.003699
86.676270	0.000357
86.865753	0.033503
86.869713	-0.033544
86.981201	0.000100
87.060638	0.000087
87.118973	0.001419
87.141579	-0.011589
87.144630	0.010146
87.364769	0.014630
87.380699	-0.014132
87.405556	0.000033
87.492020	-0.023532
87.497902	-0.000282
87.502068	0.023758
87.828461	0.000071
87.913979	-0.003650
87.933289	0.005223
87.992203	-0.001612
88.035461	0.033602
88.038132	-0.033624
88.100639	0.001223
88.164375	0.000112
88.220528	-0.000419
88.366127	0.075390
88.382683	-0.076348
88.402000	0.001533
88.468407	0.000904
88.496010	-0.001081
88.542595	-0.000820
88.600319	-0.000251
88.608490	0.041561
88.609818	-0.042222
88.800713	-0.018959
88.825974	0.019743
88.849571	0.001006
88.892288	-0.000097
88.966759	-0.000224
89.007751	-0.000715
89.023796	0.000620
89.042839	-0.000400
89.091202	-0.001750
89.133682	0.000214
89.137856	0.000482
89.240303	0.045462
89.241341	-0.045410
89.289841	0.000104
89.344910	-0.000002
89.453026	0.000374
89.473953	-0.000151
89.542183	0.001089
89.544579	0.001330
89.583649	0.000321
89.664101	-0.004969
89.694237	0.004532
89.793922	0.000072
89.833244	0.000143
89.857780	-1.060227
89.859726	1.059641
90.062103	0.000023
90.079987	-0.014547
90.080795	0.014485
90.125107	-0.004373
90.150482	0.005534
90.173698	-0.000280
90.198021	-0.059438
90.199112	0.059506
90.275551	-0.000567
90.507889	0.004555
90.515999	-0.004510
90.592987	0.000015
90.638298	-0.000159
90.712730	-0.000482
90.724274	-0.011035
90.729721	0.011252
90.982635	-0.003331
91.001862	0.002940
91.008011	-0.000168
91.078384	-0.000090
91.163887	0.010248
91.170387	-0.010015
91.438347	0.000024
91.507156	0.000394
91.526825	-0.001292
91.602066	-0.000240
91.622818	-0.040652
91.623978	0.040512
91.729362	0.003390
91.745934	-0.000055
91.834938	-0.003690
91.985954	0.015575
91.988792	0.011453
92.008087	-0.026478
92.079147	-0.001238
92.122681	-0.000530
92.133789	0.001072
92.190613	0.002789
92.192009	-0.002789
92.233658	-0.000290
92.403778	0.007335
92.433891	-0.007806
92.462502	0.000115
92.480133	0.000156
92.599136	-0.000729
92.633064	-0.000588
92.647545	0.000348
92.674049	0.003658
92.677490	-0.003234
92.738029	0.000378
92.775398	-0.000104
92.824547	-0.017447
92.826637	0.017293
92.875847	-0.000142
92.909332	-0.000012
93.046013	-0.000285
93.076286	0.000426
93.142464	-0.000042
93.176155	0.000002
93.188889	-0.000293
93.355515	-0.004188
93.363991	0.005919
93.370430	-0.000507
93.411972	-0.000370
93.472961	0.429266
93.473862	-0.430012
93.652100	-0.000357
93.672943	0.008812
93.677162	-0.012634
93.707352	0.007319
93.739067	-0.003770
93.753685	-0.000134
93.770805	0.026029
93.774284	-0.025949
93.871498	0.000359
94.146965	0.005900
94.167839	-0.006018
94.204140	0.000376
94.217934	0.000191
94.299622	0.000157
94.317795	-0.000978
94.331703	0.000345
94.600456	0.012424
94.601929	0.017633
94.616798	-0.028063
94.656250	-0.001592
94.827065	0.001151
94.853798	-0.001471
95.052994	0.000238
95.074440	0.000219
95.138535	0.001929
95.203117	-0.052783
95.204170	0.055891
95.209114	-0.004298
95.325195	-0.000057
95.360939	0.004448
95.449379	-0.004396
95.557487	-0.000086
95.615082	-0.004549
95.637177	0.004701
95.693443	-0.001300
95.719452	0.001190
95.751053	0.001351
95.764565	0.009769
95.774986	-0.009777
95.869141	-0.001006
96.008827	0.000081
96.038589	-0.000424
96.054382	-0.000253
96.070480	-0.000407
96.231834	-0.000717
96.235641	0.000792
96.266167	-0.000543
96.282135	0.000350
96.331306	-0.000771
96.338455	-0.000062
96.401253	0.001382
96.413055	-0.001727
96.433311	0.001317
96.460281	0.000252
96.460670	0.000396
96.641800	0.000479
96.676903	-0.000373
96.738396	-0.001345
96.794739	0.000430
96.814087	-0.000199
96.949394	-0.000240
96.966125	-0.000008
97.043098	0.009029
97.046654	-0.009186
97.089882	-0.023901
97.095169	0.023844
97.247887	-0.001660
97.260773	-0.002295
97.274551	0.007638
97.297066	-0.007105
97.331787	-0.006205
97.336136	0.007630
97.346169	1.907586
97.346207	-1.904630
97.464226	-0.000482
97.776688	-0.001016
97.790543	-0.000424
97.823158	-0.001693
97.824379	0.002206
97.888649	-0.000599
97.913490	0.000424
97.947784	0.000477
98.185104	-0.000163
98.212097	-0.003619
98.231720	-0.066563
98.233299	0.070446
98.478310	0.000453
98.538521	-0.000301
98.637222	-0.000635
98.686661	-0.000180
98.744995	-0.001230
98.789055	-0.123467
98.792168	0.122879
98.810524	0.002120
98.895309	0.000033
98.989952	-0.004188
99.064667	0.003969
99.116623	0.000024
99.248268	-0.006932
99.272629	0.006620
99.304146	-0.008026
99.309830	0.007994
99.339027	-0.001197
99.354851	0.001327
99.381653	0.001439
99.503342	0.000980
99.614082	-0.004524
99.623314	0.000286
99.643570	0.002359
99.679771	0.000024
99.811562	0.001467
99.878395	-0.000044
99.898483	0.001780
99.900963	-0.000483
99.940285	0.000211
99.968529	0.001514
99.986076	-0.002787
100.003571	-0.001724
100.028419	0.001526
100.047493	-0.002084
100.077408	0.000014
100.238365	0.003508
100.278999	0.000642
100.335808	-0.004065
100.405434	-0.000120
100.446510	-0.000326
100.515427	0.000073
100.527443	0.000159
100.704445	-0.017684
100.716400	0.017853
100.718880	0.005535
100.731232	-0.005345
100.847313	-0.001630
100.858269	-0.001112
100.871536	-0.012725
100.889145	0.013613
100.910698	-0.000073
100.919327	0.007302
100.926231	-0.005287
100.941391	0.000165
101.057396	-0.000055
101.361855	0.001287
101.395554	-0.000381
101.436447	-0.000780
101.476112	0.001252
101.486435	0.000431
101.518990	0.000986
101.575058	-0.000839
101.769196	0.000178
101.787872	0.006775
101.846649	-0.014198
101.854729	0.006910
102.105606	-0.000316
102.195808	0.000403
102.226173	-0.000429
102.334206	0.000647
102.351486	0.003578
102.367210	0.008736
102.375259	-0.010518
102.408676	-0.000793
102.465775	-0.000004
102.619370	-0.001657
102.670410	0.000108
102.680725	0.001704
102.886131	0.101930
102.888474	-0.004183
102.907944	-0.099438
102.909424	0.003234
102.928596	0.002933
102.939980	-0.004543
103.014275	-0.000545
103.137840	-0.000696
103.186462	-0.000244
103.223579	-0.000922
103.251167	0.001841
103.287453	-0.000392
103.393044	-0.001312
103.508858	0.001502
103.520653	-0.000002
103.537910	-0.031118
103.539032	0.017413
103.542480	0.014914
103.565498	-0.001504
103.583649	-0.000574
103.633774	0.002167
103.679726	0.000827
103.728844	-0.001426
103.838120	0.000811
103.878548	0.000800
103.935013	-0.001817
104.020920	-0.000703
104.052444	-0.000014
104.082230	-0.000320
104.106895	0.000111
104.318031	-0.044590
104.339005	0.046960
104.377396	0.000753
104.396164	-0.000179
104.450356	-0.005168
104.473625	-0.088500
104.473679	0.078538
104.483635	0.014434
104.491188	-0.000279
104.507851	0.001137
104.519234	-0.001589
104.552200	-0.000662
104.646439	-0.000091
104.932533	-0.000464
105.005951	0.000211
105.045670	-0.000535
105.102608	0.000316
105.122284	-0.000835
105.133415	-0.000310
105.213989	-0.000120
105.347542	-0.000264
105.350876	0.000125
105.464737	-0.003841
105.473373	0.004408
105.717842	-0.000317
105.751816	0.000738
105.909187	0.000513
105.949112	-0.098015
105.951569	0.078258
105.964142	-0.021744
105.999046	0.001927
106.008125	0.037747
106.030533	-0.000022
106.212624	0.000141
106.246574	0.025205
106.297089	-0.025845
106.466209	0.001142
106.484726	-0.002467
106.521408	0.002917
106.525223	0.012367
106.546844	-0.004268
106.547676	-0.009529
106.647781	-0.001041
106.751747	0.000282
106.769264	0.001371
106.833282	0.004528
106.857872	-0.003515
106.895355	0.000300
106.975151	-0.000066
107.049438	-0.000023
107.135780	-0.024415
107.140877	0.025932
107.145508	-0.004470
107.161057	0.003682
107.176552	0.000031
107.195877	-0.000858
107.222389	-0.000544
107.336250	0.001312
107.379768	-0.001145
107.439156	0.002334
107.483383	-0.001047
107.534073	-0.002560
107.590744	0.000066
107.639389	0.000632
107.687698	-0.000106
107.711945	0.000183
107.927521	-0.003318
107.959763	0.002373
107.982399	0.000058
108.036697	-0.000231
108.052620	-0.005607
108.061951	0.000344
108.068741	-0.001022
108.072456	-0.003154
108.080803	0.011313
108.116081	0.001839
108.168686	-0.001258
108.179489	-0.001334
108.235489	-0.000695
108.500305	0.000106
108.611290	-0.000126
108.647209	-0.000247
108.724106	-0.000056
108.737144	0.000683
108.783424	0.000414
108.854439	-0.000179
108.909668	-0.000005
108.926552	0.000294
109.084824	0.010036
109.091141	-0.010411
109.304047	-0.000133
109.320145	-0.000040
109.531738	-0.001177
109.540749	0.000974
109.566223	0.007027
109.583023	-0.001137
109.604591	0.000312
109.604874	-0.004408
109.662880	-0.000293
109.754791	-0.000169
109.872612	0.006756
109.911125	-0.006498
110.034668	0.000316
110.058182	0.002759
110.108482	-0.002825
110.163559	-0.000060
110.166519	0.015690
110.187210	-0.015646
110.283920	0.001457
110.320992	-0.000129
110.398895	-0.005557
110.446281	-0.002938
110.465118	0.001278
110.503708	0.004194
110.557671	0.001031
110.570946	-0.000037
110.719757	-0.002864
110.734428	0.012469
110.751099	-0.010511
110.772934	0.000213
110.812866	-0.000369
110.816635	0.001357
110.828773	-0.000523
110.983475	0.000231
111.031769	0.000421
111.041084	-0.000080
111.094246	-0.000088
111.129196	-0.000077
111.133125	0.000838
111.263115	-0.000983
111.265907	-0.000312
111.344093	-0.000464
111.538925	0.000335
111.573334	0.000753
111.581497	0.000952
111.635399	-0.001299
111.641617	0.002400
111.653198	-0.004378
111.657242	0.001913
111.679787	0.009190
111.682846	-0.009055
111.778137	0.000511
111.790207	0.000716
111.824341	0.001169
111.856018	-0.000599
112.067574	-0.000025
112.215134	-0.000387
112.251144	0.000528
112.347954	-0.001932
112.356239	0.001300
112.430534	-0.000761
112.468979	0.000146
112.496315	0.000759
112.506477	0.000150
112.702881	-0.099992
112.708824	0.099414
112.855812	0.000041
112.917519	-0.000030
113.114899	0.003210
113.127831	-0.004103
113.158356	-0.000214
113.169815	0.013038
113.201393	-0.012774
113.268448	0.000550
113.293037	0.000070
113.329887	-0.000290
113.495384	-0.002671
113.527008	0.002810
113.594757	0.000137
113.637703	-0.001077
113.693306	0.000911
113.783569	-0.000224
113.806816	-0.000676
113.824188	0.000459
113.900124	0.000056
113.915855	-0.000485
114.024971	0.001881
114.061203	-0.006647
114.072289	0.007014
114.088127	-0.000032
114.110321	-0.000275
114.145050	-0.000166
114.297905	0.000172
114.326378	0.003431
114.338821	-0.003026
114.401955	-0.000589
114.404846	0.001664
114.450027	-0.000478
114.465919	-0.000592
114.614555	0.001285
114.649193	-0.001426
114.681923	0.001994
114.682434	-0.002050
114.723427	-0.000794
114.732849	0.000642
114.850204	0.000273
114.891129	-0.000034
114.970894	-0.000060
115.147446	0.006792
115.164787	0.000553
115.202057	-0.009179
115.214813	-0.001245
115.223244	0.000836
115.240944	-0.001075
115.254974	-0.002542
115.286751	0.008403
115.292717	-0.003887
115.411438	-0.002937
115.416420	0.001573
115.447502	0.000895
115.538918	-0.000973
115.634743	-0.000548
115.817001	0.000005
115.856514	0.000394
115.962761	-0.000363
115.988014	0.000026
116.027763	0.001067
116.062195	0.001218
116.100822	0.000300
116.138214	-0.001328
116.322266	0.238695
116.325729	-0.237885
116.405724	-0.000290
116.511147	-0.000175
116.703117	0.006533
116.717308	-0.004808
116.726791	-0.001746
116.773582	0.004108
116.801193	-0.003863
116.829109	-0.000067
116.940750	0.003655
116.990768	-0.003528
117.115341	0.001578
117.140884	-0.001797
117.146301	0.000125
117.217766	-0.000758
117.283394	0.000846
117.400032	-0.001273
117.446243	0.004814
117.460869	-0.004330
117.485306	0.001000
117.549004	-0.000775
117.603874	-0.000154
117.648361	-0.001715
117.678383	-0.105455
117.679474	0.106399
117.718605	0.000621
117.735725	-0.001021
117.862602	0.000762
117.918228	0.006623
117.926003	-0.007404
117.994293	0.000401
118.040466	-0.000425
118.084183	0.000466
118.099716	0.001595
118.228729	-0.001470
118.245491	-0.000459
118.257278	0.000550
118.329834	0.006287
118.331329	-0.007088
118.362465	0.001048
118.435516	0.000094
118.523430	-0.000115
118.598740	-0.000793
118.753738	0.000332
118.758133	-0.000230
118.790268	-0.000609
118.816254	-0.005050
118.822098	0.004229
118.831558	0.001599
118.858437	-0.000904
118.891388	0.003070
118.905701	-0.002651
119.000847	0.000532
119.044556	0.000347
119.119553	-0.001020
119.202713	0.000421
119.212646	0.000943
119.420166	0.000534
119.467407	0.000346
119.575706	-0.000280
119.583221	-0.001005
119.624046	-0.000290
119.651245	-0.000231
119.732567	-0.002500
119.776108	0.002639
119.939140	-0.259323
119.941109	0.258628
119.956818	0.001004
120.105370	-0.000199
120.290405	-0.000884
120.290596	-0.008923
120.310638	0.010229
120.364639	-0.000746
120.380432	0.001444
120.400223	-0.000920
120.602654	0.000970
120.644638	-0.001401
120.697411	0.000212
120.736282	0.007475
120.755966	-0.007458
120.802879	-0.000594
120.871750	0.000730
121.016380	0.000655
121.080093	-0.000285
121.085121	0.012610
121.098274	-0.013422
121.119736	0.000165
121.177505	0.001704
121.269165	0.000555
121.286697	-0.008101
121.300232	0.006021
121.322510	0.001018
121.327209	0.001025
121.410011	-0.000321
121.510735	0.015053
121.516304	-0.014811
121.590561	0.001121
121.673180	-0.000482
121.712822	0.000878
121.729599	0.000751
121.826256	-0.000865
121.835701	-0.000934
121.870705	-0.002149
121.931976	0.001462
121.982864	-0.001892
122.007332	0.001961
122.021637	-0.000386
122.159966	-0.000090
122.221222	0.000308
122.347176	-0.000267
122.367516	0.006455
122.369957	0.000702
122.402443	-0.007507
122.422203	0.007914
122.440681	-0.006786
122.465126	-0.001984
122.497940	-0.000277
122.519852	0.001309
122.587921	-0.000580
122.677780	-0.000361
122.771446	-0.000248
122.786163	-0.000321
122.883881	0.000411
123.024269	-0.000846
123.081177	-0.000306
123.140160	0.000228
123.190437	0.000508
123.232712	-0.000177
123.256302	0.000257
123.370705	0.001226
123.413155	-0.001136
123.507065	-0.000009
123.554893	0.148575
123.558601	-0.149113
123.697548	0.000326
123.859581	-0.000104
123.883865	-0.018128
123.896461	0.016710
123.909737	0.001731
123.983231	-0.001710
124.000595	0.001809
124.226326	0.000555
124.260223	-0.002030
124.307800	0.001102
124.353828	-0.046681
124.368965	0.045897
124.393562	0.002308
124.464539	-0.002426
124.630775	-0.000469
124.638985	0.001251
124.675598	-0.001219
124.720383	0.007814
124.728485	-0.007820
124.802773	0.000426
124.887215	-0.028841
124.893250	-0.003298
124.906136	0.000877
124.932838	0.027994
124.939247	0.001139
124.945557	0.000051
125.106697	-0.010718
125.109261	0.010682
125.183586	-0.001320
125.306976	0.001012
125.339966	-0.002009
125.354752	0.000020
125.416763	0.002117
125.438301	0.000219
125.482269	0.000003
125.532448	-0.000501
125.613983	-0.000672
125.630615	0.000003
125.651855	0.000096
125.798523	0.000227
125.843910	-0.000065
125.941223	-0.000471
125.944168	0.000590
125.984039	0.000038
125.994186	0.001421
126.015167	-0.000833
126.059311	0.000677
126.075455	0.002219
126.105644	-0.001703
126.134880	-0.000381
126.177910	0.000548
126.312157	0.000265
126.343361	0.000058
126.453400	0.000525
126.546112	-0.000530
126.629608	0.001452
126.698318	-0.000852
126.699867	-0.000517
126.799202	0.001405
126.816780	-0.000992
126.890884	-0.000100
127.006790	-0.000616
127.042694	0.000424
127.062958	0.000160
127.170952	-0.040978
127.174034	0.041433
127.292297	-0.000047
127.428581	0.000107
127.438423	0.000570
127.477997	-0.000211
127.501938	0.000124
127.588921	0.019411
127.601250	-0.019560
127.770103	-0.000024
127.904884	-0.001403
127.943687	0.001085
127.968994	-0.025470
127.981514	0.025666
127.994904	0.000982
128.057877	-0.000309
128.159897	0.000187
128.245132	0.001611
128.276093	-0.001544
128.352554	-0.024905
128.359787	0.024848
128.420807	0.000949
128.476501	-0.000360
128.500671	0.008052
128.503235	-0.002542
128.506424	-0.009236
128.538696	0.003244
128.567886	0.000306
128.703125	0.022460
128.706238	-0.022290
128.780426	0.000041
128.938202	0.000149
128.962158	0.001596
128.976852	-0.000388
129.014664	-0.001455
129.041245	0.000192
129.095901	0.000462
129.132935	0.000150
129.210678	0.000605
129.274536	0.002562
129.292847	-0.002596
129.437607	-0.000095
129.463409	0.001272
129.524734	-0.000252
129.540512	-0.000263
129.594025	-0.005515
129.599823	0.002630
129.609329	0.006463
129.675980	-0.003414
129.683273	-0.003056
129.712784	-0.000367
129.746338	0.002486
129.768646	-0.000804
129.918076	-0.000236
129.948944	0.000001
130.114777	-0.000112
130.204239	-0.000077
130.238815	-0.000821
130.257950	0.000682
130.319702	-0.000216
130.390656	-0.000502
130.421906	0.000466
130.520233	0.000268
130.613495	-0.000279
130.638397	0.002244
130.676575	-0.001783
130.784653	-0.159049
130.786819	0.159024
130.887695	0.000011
130.978683	-0.000734
131.001907	-0.000188
131.073074	0.001575
131.100311	-0.001883
131.193329	0.005174
131.203400	-0.005085
131.314392	0.000275
131.537674	0.001805
131.555130	-0.000465
131.580765	-0.081466
131.591675	0.081902
131.615463	0.003132
131.653275	-0.003865
131.694931	-0.000578
131.857697	-0.000863
131.878433	0.000829
131.980835	0.291956
131.985092	-0.291947
132.003464	-0.000188
132.033035	0.001163
132.106125	0.082426
132.106674	-0.082817
132.117432	-0.000891
132.145569	-0.000101
132.201096	0.001204
132.303665	0.000753
132.304916	-0.000828
132.378738	-0.000555
132.565216	-0.000349
132.581436	0.001820
132.595047	0.001132
132.614746	-0.001696
132.644623	-0.001190
132.709793	0.002401
132.733780	-0.002330
132.817184	0.000596
132.915863	0.003637
132.929733	-0.003716
133.075363	0.000953
133.082718	0.002889
133.105164	-0.000381
133.139908	-0.002889
133.198441	-0.004353
133.212067	0.004334
133.220917	-0.001223
133.292206	0.017105
133.294434	-0.013482
133.323944	-0.000835
133.358078	0.053455
133.358734	-0.054723
133.500290	0.000399
133.586227	-0.000153
133.775986	-0.000097
133.819275	-0.000211
133.850784	-0.000303
133.851303	0.000327
133.943146	0.000846
133.974686	0.000492
134.031174	-0.000964
134.150772	-0.000098
134.174957	0.000393
134.265701	-0.000561
134.300735	0.000131
134.398361	-0.022214
134.400223	0.021914
134.487579	-0.000352
134.521667	0.000425
134.576630	0.000081
134.670959	0.002795
134.701431	-0.002333
134.800690	-0.063255
134.806732	0.062921
134.860657	0.000033
135.131622	0.002228
135.158386	-0.001406
135.199188	0.021119
135.203079	-0.021005
135.235977	0.000232
135.246780	-0.000959
135.275681	-0.000131
135.468750	0.001087
135.483078	-0.001035
135.534302	0.000204
135.604919	-0.777414
135.606064	0.778075
135.638855	-0.001046
135.705475	-0.083415
135.710724	0.083320
135.729141	-0.030372
135.752579	0.030915
135.836548	-0.001291
135.909103	0.036133
