2.983558	0.061194
2.983665	-0.061405
5.009015	-1.753705
5.011297	1.753572
6.447326	-1.450585
6.448142	1.450830
6.760544	-0.283870
6.760850	0.283802
8.004860	1.622968
8.006524	-1.622801
8.228518	0.641995
8.230355	-0.642048
8.383204	0.349128
8.387177	-0.349095
9.412052	-0.170280
9.422728	0.170396
9.539998	0.111084
9.547539	-0.111350
9.924090	-0.001624
9.945108	0.001590
9.951581	1.457379
9.954192	-1.457801
10.296429	-0.000934
10.346043	0.001049
10.851933	-0.002308
10.854204	0.002854
10.871013	0.024027
10.914990	-0.023159
10.935952	-0.013229
10.946564	-0.002784
11.033518	0.002348
11.095653	0.013012
11.127078	-0.000928
11.247408	-0.000161
11.293674	-0.000000
11.302775	0.000000
11.477992	-0.000644
11.495175	-0.002771
11.536301	0.000906
11.697452	0.002646
11.826358	0.000733
11.916453	0.000142
11.963333	0.000661
12.047643	0.015936
12.085321	0.000932
12.112982	0.002587
12.122393	-0.000357
12.170926	-0.015304
12.204803	-0.000062
12.215534	-0.000001
12.291656	-0.000939
12.316757	-0.000236
12.668342	0.000002
12.699263	-0.000843
12.738786	-0.000708
12.877986	-0.000584
12.925792	0.002386
13.071068	-0.004173
13.155059	0.000109
13.272573	0.007643
13.305662	-0.001777
13.398610	-0.000009
13.451309	-0.001860
13.532731	-0.003804
13.546985	0.000043
13.554143	-0.000622
13.659909	0.000423
13.728883	-0.000650
13.873347	-0.000408
13.944381	0.001178
13.958385	-0.002053
13.985452	-0.007363
14.090391	-0.000029
14.125484	0.005231
14.318210	0.001749
14.535551	0.001438
14.631658	0.001657
14.670118	-0.001132
14.755282	0.005070
14.755617	0.000685
14.826063	-0.004805
14.850463	-0.000275
14.867101	0.000272
14.871395	0.002753
14.908281	0.000000
14.910335	-0.000917
14.923429	-0.000701
14.976329	-0.000003
14.994205	-0.000102
15.011482	-0.003207
15.059856	0.000095
15.239719	0.000351
15.291046	-0.001035
15.419706	0.001656
15.518316	-0.002042
15.544642	0.000155
15.611719	-0.000194
15.669459	-0.001759
15.723315	0.000983
15.747779	0.000003
15.867184	-0.000093
15.879614	0.000636
15.883076	0.000249
15.928504	0.000692
15.981470	-0.033630
15.995037	-0.000450
16.059177	-0.001475
16.093468	0.036743
16.122463	-0.004251
16.270599	0.000319
16.366068	0.000296
16.402441	0.003593
16.551046	-0.005337
16.570740	0.001173
16.579031	0.005344
16.615938	-0.000257
16.760952	0.000113
16.770164	0.006115
16.886866	0.000109
16.954269	-0.000278
17.062849	-0.009637
17.071985	-0.000651
17.101822	0.000795
17.206755	-0.000367
17.213173	0.002147
17.240299	0.000950
17.322485	0.000788
17.473742	-0.000256
17.488611	-0.002285
17.526478	0.001065
17.567745	0.000396
17.624922	-0.004134
17.739643	0.001844
17.773670	-0.000943
17.901766	-0.001372
17.916504	0.004822
17.940449	0.000462
18.027903	0.001392
18.254934	-0.000905
18.273121	0.004682
18.377602	0.000466
18.395281	0.003211
18.426493	0.000454
18.446070	-0.002230
18.513876	-0.000001
18.544218	-0.002331
18.566738	-0.002313
18.614141	-0.002277
18.619791	0.000070
18.651806	-0.000001
18.692150	0.000396
18.725006	0.000162
18.784098	0.003103
18.795418	-0.001543
18.915878	0.000545
18.919165	-0.001796
18.924232	-0.000118
19.115179	-0.000256
19.167370	-0.000244
19.244137	0.005696
19.254725	0.001403
19.287704	-0.000002
19.290529	0.001450
19.339094	-0.007024
19.448519	-0.001901
19.513645	0.000558
19.581001	0.001990
19.644547	-0.000130
19.697830	0.000477
19.712358	0.001132
19.870472	-0.000116
19.875959	0.014510
19.879034	0.001030
19.898275	-0.013881
19.983610	0.001546
20.018322	-0.000268
20.053530	-0.000579
20.094185	0.000095
20.209436	0.004492
20.245380	-0.012489
20.309477	-0.008006
20.310839	-0.000889
20.341658	0.009713
20.458138	-0.000353
20.502958	-0.000102
20.617424	-0.048107
20.716703	0.046840
20.827087	-0.000169
20.866926	-0.008023
20.872347	0.006885
20.887064	0.000055
20.891575	-0.000883
20.905357	0.005870
21.002289	-0.000980
21.049774	0.001371
21.118591	0.000544
21.152594	0.000860
21.204693	-0.005067
21.473484	0.001982
21.481108	0.002578
21.632519	-0.009350
21.634239	0.000515
21.649790	0.000634
21.717461	-0.000221
21.721609	0.009185
21.742105	-0.002511
21.870384	-0.000220
21.908373	0.000790
22.047976	-0.002004
22.111181	-0.002000
22.119558	0.000001
22.180000	-0.024907
22.191538	-0.001075
22.241634	0.024288
22.320004	-0.000008
22.341358	0.002631
22.386921	0.000646
22.432627	-0.000074
22.433901	-0.001620
22.443373	-0.000099
22.567358	0.001585
22.591488	0.001351
22.605089	0.004093
22.606537	-0.001094
22.735767	-0.003059
22.784273	0.000173
22.808187	-0.000952
22.833591	0.000017
22.926334	-0.000353
22.933859	-0.011905
23.022121	0.010826
23.060566	0.000287
23.119188	0.000064
23.275185	0.000417
23.363131	-0.001522
23.369400	-0.000495
23.372889	0.001192
23.476973	0.000302
23.508448	0.008549
23.525759	0.003421
23.590942	-0.000183
23.637566	-0.004606
23.661219	-0.000172
23.729563	-0.009547
23.811092	0.002030
23.838741	0.000389
23.974697	-0.002261
23.975948	0.002719
24.058720	0.001383
24.160805	-0.007967
24.166523	0.003135
24.216536	-0.009488
24.309217	0.001556
24.318636	0.000984
24.324881	-0.000053
24.397676	0.021424
24.543812	0.006815
24.619373	0.000811
24.628105	-0.002914
24.629637	-0.001028
24.672131	-0.000414
24.704969	0.000456
24.736511	-0.009281
24.762531	-0.001733
24.974812	-0.001397
25.045115	0.000092
25.150560	-0.000048
25.257030	0.035757
25.290562	0.000763
25.312441	-0.039262
25.323849	-0.048785
25.367464	0.000031
25.388636	0.047354
25.534969	-0.000437
25.656490	0.000639
25.720287	-0.006479
25.724985	-0.000000
25.777554	0.000599
25.781740	0.001608
25.828289	0.004584
25.883945	0.033461
25.911823	-0.033882
25.982519	-0.000002
26.030684	-0.000040
26.081715	-0.000040
26.145912	0.000911
26.146263	-0.012385
26.233976	-0.000054
26.244591	0.012525
26.323914	-0.012510
26.331480	-0.000221
26.340384	-0.000034
26.374563	0.000596
26.384068	0.000000
26.394295	-0.000855
26.481548	0.014677
26.570293	0.002951
26.645792	0.000104
26.754692	0.001246
26.888090	-0.001493
26.955822	0.000133
27.031094	0.000664
27.086596	-0.000717
27.095839	0.005121
27.097071	0.000011
27.100502	0.000565
27.119703	-0.000114
27.298922	0.036862
27.301292	-0.001028
27.357681	-0.035457
27.418560	-0.004056
27.481991	-0.003657
27.624161	0.001575
27.624847	-0.000180
27.646294	0.002664
27.785339	0.000043
27.810532	-0.001472
27.893534	-0.005274
27.896580	0.001163
27.953188	0.001043
27.992548	0.000766
28.003796	0.001426
28.103567	-0.000530
28.204468	0.002884
28.227840	0.008029
28.243807	-0.000114
28.249212	0.000649
28.368158	-0.001120
28.383358	-0.000570
28.393909	-0.009891
28.467916	-0.000411
28.634003	0.000929
28.738163	-0.004514
28.742455	-0.000188
28.882980	0.001975
28.943060	0.003128
28.972961	0.010099
28.982548	0.005151
29.042267	-0.010571
29.157936	-0.000093
29.181818	-0.000075
29.258253	-0.000050
29.328444	-0.006796
29.330091	-0.000002
29.342949	-0.005361
29.446257	0.002795
29.488585	0.002321
29.552866	-0.190825
29.564108	0.190822
29.639202	0.000014
29.700830	-0.006663
29.762779	-0.001188
29.827162	-0.001397
29.833141	-0.000731
29.881338	0.001054
29.895836	0.005894
29.898748	0.001949
29.940672	-0.000015
29.941072	-0.001571
30.006496	0.000917
30.009527	0.004313
30.171535	0.010017
30.198248	-0.004874
30.228231	-0.008359
30.442627	0.000921
30.451855	0.000472
30.503832	-0.000294
30.520540	-0.000531
30.628151	-0.000261
30.654488	0.000153
30.730101	-0.000287
30.771559	-0.001200
30.802652	0.000856
30.907816	0.000627
30.937824	0.001125
31.014038	0.064838
31.040686	-0.065264
31.152281	-0.001972
31.178608	-0.001679
31.200916	-0.001504
31.266689	-0.000129
31.308868	-0.004059
31.366180	0.004825
31.434206	0.003995
31.576729	-0.001450
31.644684	-0.001430
31.647535	-0.001062
31.702581	-0.006010
31.711182	0.000362
31.801210	-0.079991
31.817221	0.091613
31.840527	-0.000039
31.887854	0.008633
31.919716	0.000328
31.977692	-0.000653
32.023987	-0.006786
32.146774	-0.004741
32.202953	-0.002378
32.300869	0.005439
32.412102	0.000074
32.417374	0.001654
32.515545	-0.000520
32.591503	0.002572
32.667599	-0.003251
32.673130	0.008447
32.687386	-0.008043
32.726471	-0.003073
32.800220	-0.001282
32.869846	0.000418
32.936100	0.000002
32.975376	-0.010648
33.052917	0.010495
33.159218	-0.000135
33.192413	-0.390063
33.199909	0.390429
33.243439	0.002262
33.291645	0.000003
33.350864	0.000378
33.478786	-0.000385
33.483978	-0.048805
33.487015	-0.000927
33.500759	0.000007
33.503803	0.001602
33.513023	0.049221
33.574303	0.007227
33.613583	-0.001908
33.678387	-0.001810
33.801861	0.001800
33.813438	0.036711
33.827759	-0.007563
33.834957	-0.029462
34.090298	-0.002802
34.122093	-0.004806
34.140533	0.004704
34.173069	0.000374
34.201199	-0.006201
34.321629	-0.000077
34.382141	0.000255
34.481529	-0.001798
34.512684	-0.000049
34.572235	0.001599
34.653194	0.001988
34.672436	0.251393
34.682117	-0.251189
34.766827	-0.000101
34.782780	0.000215
34.809586	0.000648
34.954391	0.005441
34.962696	0.006683
34.997189	-0.006646
35.010090	-0.005095
35.225361	0.003376
35.387539	-0.001125
35.392773	-0.008364
35.400234	-0.000141
35.432999	-0.001161
35.455467	0.238577
35.458023	-0.236500
35.471741	0.000342
35.523842	0.005845
35.594772	0.000912
35.617687	-0.000099
35.641571	-0.001943
35.883694	-0.001093
35.957470	-0.001496
35.959820	0.002778
35.983646	-0.000073
36.183514	0.001382
36.213203	0.009567
36.248333	-0.008849
36.286453	-0.258577
36.288795	0.257969
36.338650	0.002223
36.476845	-0.001173
36.509724	-0.000690
36.541817	0.000003
36.574337	-0.000027
36.592171	0.000950
36.638577	-0.002906
36.819637	-0.220574
36.820499	0.220286
36.940617	0.000021
36.993523	0.008869
37.040974	-0.000390
37.045113	0.001260
37.065746	-0.000032
37.078098	-0.006266
37.119274	-0.105049
37.133476	0.104661
37.155880	-0.000381
37.199757	-0.002143
37.219318	0.000283
37.269283	-0.003326
37.338779	0.001678
37.409832	-0.337117
37.419823	0.335581
37.464737	0.005257
37.667248	-0.000737
37.737350	-0.000306
37.738953	-0.000269
37.762939	-0.000594
37.768963	-0.038372
37.774300	0.036413
38.044762	-0.000570
38.156868	0.008186
38.167789	0.001571
38.200943	-0.010027
38.205078	0.001825
38.281799	0.000278
38.287693	0.770416
38.290462	-0.770948
38.300179	0.000735
38.378357	-0.000385
38.522301	0.034908
38.550182	-0.034835
38.610748	0.039948
38.614895	-0.039874
38.782776	-0.000380
38.916290	-0.000022
39.059811	0.282412
39.060265	-0.352490
39.072662	0.085340
39.095257	-0.002990
39.124481	-0.016086
39.132046	0.000641
39.132179	0.001339
39.137142	0.001060
39.216801	0.000467
39.263275	0.003618
39.461712	0.000430
39.527885	-0.003939
39.573318	0.063469
39.598038	-0.062515
39.820080	-0.785810
39.824474	0.785764
39.887989	-0.374998
39.890846	0.375498
39.923393	-0.009038
39.982090	0.008355
40.069550	-0.000478
40.147213	-0.000001
40.150776	0.002896
40.184578	0.001170
40.189713	-0.000001
40.210102	-0.003135
40.431118	-0.784844
40.431503	0.785056
40.582867	0.000052
40.593056	-0.001786
40.622993	-0.000566
40.634033	-0.000029
40.671253	0.066930
40.685371	-0.067066
40.739769	-0.029328
40.742970	0.029865
40.786110	0.000255
40.823349	-0.000197
40.834511	0.001258
40.972713	0.075612
40.976471	-0.084622
40.982281	0.014262
40.984497	-0.011811
41.107059	0.005435
41.197083	-0.000266
41.259045	-0.001087
41.322277	-0.000194
41.360996	0.001687
41.402588	0.176499
41.404907	-0.176888
41.714176	0.000262
41.721714	0.000499
41.728081	-0.000625
41.807442	0.031558
41.813126	-0.000182
41.820641	-0.031516
41.869904	-0.147531
41.872471	0.000943
41.872597	0.145606
41.981346	0.001112
42.126053	0.023550
42.150608	-0.023033
42.255600	-0.102660
42.265411	0.040490
42.266163	0.061889
42.472809	0.000321
42.623585	-0.110837
42.632462	0.110779
42.728073	0.038148
42.734398	-0.046774
42.739807	-1.549099
42.742348	1.559481
42.814438	0.011509
42.820213	0.000785
42.844341	-0.011641
42.917900	0.000371
42.963123	-0.000692
43.119274	0.000422
43.221577	-0.028868
43.226540	0.028444
43.422318	-0.135882
43.439751	0.136037
43.482239	0.130572
43.483349	-0.130830
43.567570	-0.149166
43.573452	0.149390
43.601612	0.000063
43.752609	-0.000005
43.767658	0.007810
43.806370	-0.007928
43.895153	-0.001017
43.907204	0.000429
44.032394	0.790891
44.033932	-0.790389
44.086754	0.000686
44.206161	0.000100
44.223072	-0.000126
44.226490	-0.000365
44.280060	-0.100327
44.293537	0.100769
44.345638	0.110247
44.347645	-0.110380
44.397545	0.009294
44.427044	-0.009311
44.507362	-0.064272
44.519489	0.064800
44.566769	0.001192
44.607212	-0.001244
44.701889	0.003153
44.718250	0.000274
44.752548	-0.004137
44.891453	-0.002990
44.927200	0.000207
45.008877	0.000463
45.026196	0.045021
45.029858	-0.044803
45.189907	0.000143
45.310680	0.002685
45.356449	-0.003889
45.388023	0.004074
45.429817	0.045734
45.432152	-0.045142
45.432888	-0.132445
45.435890	0.132637
45.501034	0.000540
45.588230	-0.000801
45.725216	-0.064694
45.738899	0.064996
45.780727	0.000777
45.901897	0.032116
45.913521	-0.032071
46.074196	-0.000239
46.136215	-0.177537
46.150177	0.176797
46.309452	0.446799
46.311764	-0.447010
46.404072	-0.072018
46.415016	0.072864
46.466022	-0.063698
46.471710	0.065130
46.487972	0.000608
46.523804	-0.000388
46.561363	0.000510
46.730244	-0.000431
46.841328	-0.220825
46.842735	0.220020
47.037945	0.032638
47.059803	-0.033933
47.069550	0.152912
47.070000	-0.152778
47.094341	-0.450575
47.098885	0.451127
47.201702	0.000121
47.358299	0.000001
47.434498	0.054280
47.443039	-0.054326
47.578926	-0.000502
47.593735	0.000925
47.628040	0.516311
47.628159	-0.515291
47.628826	-0.002590
47.781738	-0.000014
47.848080	0.001039
47.858864	0.000013
47.903275	0.097069
47.904675	-0.097503
47.941776	-0.112532
47.948284	0.113453
47.993717	-0.010825
48.029850	0.011107
48.035309	-0.120987
48.045448	0.121184
48.196796	-0.049516
48.206039	0.048783
48.315083	-0.000071
48.389759	0.429230
48.391304	-0.430402
48.546062	-0.000091
48.555660	0.000924
48.642315	0.042147
48.644634	-0.042309
48.699429	0.003652
48.724930	-0.002728
48.914639	-0.000068
48.936867	-0.001328
48.979515	0.337732
48.982052	-0.337465
49.035027	0.011347
49.053005	-0.012043
49.060032	-0.000765
49.094673	0.002316
49.199772	-0.002328
49.326294	0.521323
49.327625	-0.521032
49.375782	-0.000504
49.549568	-0.093733
49.558121	0.093143
49.625931	-0.019446
49.645988	0.019155
49.716198	0.000400
49.876789	-0.627743
49.878441	0.627337
50.034744	0.001065
50.078304	-0.129084
50.080223	-0.563790
50.092163	0.621759
50.112431	0.068854
50.164371	-0.001031
50.232788	-0.000718
50.355976	0.001342
50.444763	0.350306
50.448364	-0.349892
50.596016	-1.026286
50.597397	1.025953
50.654285	-0.243574
50.654835	0.243398
50.666271	0.011473
50.682098	-0.009090
50.866203	-0.000255
50.964172	0.000005
51.065121	0.002416
51.118011	-0.002201
51.133862	0.000428
51.188148	0.000839
51.218540	0.198196
51.218861	-0.198082
51.360023	-0.000013
51.376495	0.000449
51.475838	-0.000950
51.492146	0.000018
51.519550	-0.058057
51.531914	0.056872
51.534241	-0.108222
51.544270	0.107378
51.564495	0.043563
51.572800	-0.042474
51.579277	-0.001019
51.634304	0.000678
51.771362	-0.075285
51.786823	0.075785
51.993473	0.000070
52.015537	-0.010899
52.054440	0.011820
52.174061	0.000108
52.198326	0.000236
52.253471	0.252940
52.253906	-0.251727
52.265205	0.000264
52.481377	0.000344
52.494667	-0.000605
52.517803	0.350967
52.519249	-0.350881
52.591946	-0.000203
52.628716	0.000720
52.662067	-0.000111
52.671345	0.005402
52.730469	0.000227
52.815094	-0.004966
52.907566	0.040046
52.917679	-0.042249
53.037682	0.019640
53.099014	-0.013822
53.159557	-0.005456
53.195583	-0.550712
53.198650	0.550812
53.379681	-0.000280
53.434525	0.168602
53.440151	-0.167724
53.600037	0.000552
53.676147	0.001245
53.740784	0.001294
53.744148	-0.000188
53.757877	0.866714
53.766407	-0.868982
53.941978	-0.000727
53.986660	-0.001075
54.041557	-0.116293
54.046558	0.118139
54.075638	0.581955
54.083050	-0.583621
54.234024	-0.074078
54.235180	0.074349
54.296410	-0.044136
54.302719	0.042741
54.567917	0.000194
54.569393	0.000003
54.682812	-0.002203
54.701824	-0.000471
54.757118	-0.000680
54.782227	0.001303
54.804890	0.082861
54.806599	-0.083155
54.941139	-0.000083
55.043774	0.000510
55.089901	-0.003253
55.100216	-0.000866
55.121532	0.000033
55.122864	-0.002915
55.138500	0.004073
55.151119	-0.034073
55.162560	0.005882
55.162739	0.033289
55.168892	0.003490
55.235241	-0.006024
55.320217	-0.016409
55.354919	0.016169
55.633522	-0.001812
55.706295	-0.001488
55.728352	-0.000110
55.803238	-0.000175
55.806778	-0.000018
55.859047	0.145601
55.862671	-0.146315
55.876751	0.002484
56.053665	0.000016
56.055298	-0.000823
56.056831	0.001079
56.216019	0.004813
56.239048	0.001143
56.257015	0.000477
56.265442	-0.004338
56.279114	-0.000466
56.396812	-0.000060
56.431053	-0.001071
56.490372	0.030835
56.505505	-0.029646
56.565094	0.119438
56.571011	-0.120023
56.835155	-0.093773
56.838989	0.093376
56.864193	0.000155
56.991894	-0.020539
57.001884	0.019712
57.051208	-0.000342
57.180580	-0.000244
57.263561	0.000140
57.306694	0.000250
57.367367	-0.000578
57.433544	0.855029
57.434612	-0.853997
57.558693	0.080586
57.564518	-0.080297
57.622601	-0.000166
57.633430	0.226218
57.645466	-0.000188
57.649193	-0.226109
57.815845	0.114934
57.817398	-0.114969
57.922943	0.043050
57.929165	-0.042063
58.174599	-0.000012
58.279938	0.000901
58.281918	-0.000231
58.294666	-0.000114
58.312878	0.000399
58.392113	0.124740
58.394436	-0.124503
58.436852	-0.000872
58.525726	0.000035
58.561619	0.004302
58.613129	-0.004401
58.710320	0.024349
58.730793	-0.024446
58.731026	-0.000126
58.742645	0.000144
58.748463	0.000021
58.768650	0.000496
58.816757	-0.000183
58.838249	-0.000241
58.864437	-0.002229
58.895634	-0.000263
58.917755	0.002441
59.259811	-0.013374
59.354801	0.014038
59.390644	-0.000154
59.440121	0.000015
59.460220	0.027033
59.467503	-0.026672
59.483391	-0.000133
59.508778	-0.000541
59.586323	0.776004
59.589989	-0.775907
59.639526	-0.000637
59.797379	0.000658
59.806286	0.000503
59.868908	-0.001196
59.900570	0.000038
60.016167	0.027627
60.043633	-0.014348
60.045124	0.002722
60.058296	-0.000171
60.073658	0.012014
60.090553	-0.031641
60.123600	0.003055
60.460804	-0.031252
60.480114	0.032323
60.550880	-0.025140
60.563969	0.025023
60.650368	0.000082
60.723610	0.000331
60.773037	0.000179
60.842144	-0.003672
60.872753	0.000473
60.985729	0.004820
61.039410	0.006965
61.046795	-0.006912
61.097614	0.387075
61.099422	-0.387056
61.226139	0.047486
61.245140	-0.044821
61.257984	-0.001895
61.330978	-0.004011
61.395248	0.019343
61.413120	-0.015307
61.537209	0.002452
61.564026	-0.003689
61.780495	-0.000001
61.864967	-0.001194
61.867645	-0.001451
61.904789	-0.000230
61.977531	-0.211524
61.981602	0.212704
61.996002	-0.001192
62.071251	-0.011094
62.079487	0.001031
62.113285	-0.000000
62.135765	0.013276
62.297100	0.007853
62.323364	-0.008050
62.324257	-0.000333
62.344311	0.036725
62.372711	0.000006
62.386795	-0.036644
62.408852	-0.019315
62.441566	0.000479
62.472889	0.000368
62.480179	0.018903
62.637421	-0.000039
62.901531	0.001364
62.972160	-0.002699
63.004269	0.012299
63.056969	0.004991
63.072098	-0.000379
63.072113	-0.005034
63.123787	-0.645595
63.126259	0.646077
63.151695	-0.013009
63.224564	-0.000274
63.242405	0.000170
63.376686	-0.000177
63.377327	0.000314
63.436462	-0.030387
63.468639	0.000073
63.513481	0.030070
63.615002	0.001899
63.661396	0.000173
63.676094	-0.003642
63.688614	0.001850
63.713139	0.000281
63.886940	0.001756
64.081429	-0.002487
64.115601	-0.044049
64.117294	0.000524
64.129501	0.046947
64.373451	0.000080
64.392036	-0.000153
64.416985	-0.001262
64.440300	0.000123
64.445015	-0.000709
64.523216	0.128950
64.531860	-0.128619
64.602066	0.000643
64.755310	-0.031811
64.761139	0.032728
64.826385	-0.093711
64.848915	0.092276
64.892296	-0.000478
64.954819	-0.007856
64.976776	0.007687
65.062271	-0.000061
65.146942	0.012245
65.200127	-0.012299
65.385887	0.000016
65.425919	-0.001686
65.445099	0.002121
65.526115	-0.000791
65.564003	0.023920
65.570114	-0.023952
65.585350	0.009094
65.662270	-0.008757
65.702362	-0.000038
65.706490	0.000018
65.721657	-0.002456
65.883629	0.002166
65.908066	0.000721
65.916946	-0.002057
65.958046	0.005353
65.968086	0.012992
65.994858	0.000006
65.999557	-0.004683
66.043411	-0.000720
66.047852	-0.014066
66.129250	0.000509
66.369659	0.000080
66.547920	0.000922
66.553963	0.009973
66.651993	-0.048898
66.654129	-0.009587
66.665543	0.209212
66.666504	-0.204525
66.672401	0.044029
66.702499	0.000268
66.792282	0.000231
66.816551	-0.000056
66.922707	-0.000986
66.950516	-0.000451
66.955307	0.000110
66.994148	-0.000266
66.998299	0.001061
67.069786	-0.000384
67.193558	-0.005800
67.263260	0.005216
67.276085	-0.000006
67.357994	0.000273
67.363937	-0.000594
67.661827	-0.000266
67.683357	0.056814
67.697311	-0.036054
67.698135	-0.058800
67.744003	0.037105
67.979263	-0.000169
67.990685	0.000237
68.009674	0.000567
68.012840	0.058193
68.021538	-0.058148
68.055862	0.000532
68.214661	0.000821
68.230797	-0.000378
68.404930	-0.076800
68.414406	0.077019
68.432312	-0.043623
68.457634	0.043128
68.523010	-0.000243
68.544350	0.003680
68.558220	-0.004392
68.738503	0.000097
68.750565	0.001421
68.843842	-0.001211
68.983223	0.003879
68.991585	-0.000004
69.016029	-0.001443
69.102753	0.005349
69.151260	-0.000115
69.152641	0.028576
69.159233	-0.028903
69.199417	-0.007938
69.293976	0.000041
69.353882	0.001762
69.407631	-0.000502
69.471436	0.004148
69.494148	0.000119
69.510712	-0.004252
69.539146	-0.000098
69.571625	0.000025
69.613060	-0.000380
69.613480	0.000015
69.621681	0.000400
69.647415	-0.000087
69.779228	-0.000552
70.087570	0.000099
70.124161	0.002643
70.210785	-0.248336
70.216858	0.274580
70.217201	-0.061308
70.247963	-0.012207
70.273682	0.011351
70.302269	0.019050
70.330139	-0.000305
70.399857	0.037660
70.411270	0.000579
70.430946	0.015148
70.486153	-0.037737
70.527077	0.000109
70.537315	0.000197
70.669312	-0.000734
70.733879	0.000475
70.772270	-0.031611
70.849327	0.031163
70.890800	0.000182
71.007919	0.000633
71.033028	0.000576
71.259293	-0.046091
71.271492	0.046739
71.300926	-0.005841
71.370262	0.005614
71.421730	0.000392
71.513763	0.097750
71.524551	-0.097998
71.567459	0.000049
71.585838	-0.001055
71.589157	0.000262
71.712021	0.000067
71.825783	-0.000227
71.990929	0.004483
72.046783	-0.191500
72.048141	-0.122385
72.068687	0.137730
72.070297	0.172746
72.132698	0.013338
72.143120	-0.012591
72.152512	-0.000443
72.350296	-0.011589
72.409546	-0.000292
72.491737	0.011335
72.540962	-0.002270
72.589844	-0.000580
72.596779	-0.000004
72.623650	0.000616
72.739883	0.000224
72.743217	-0.017235
72.749695	0.017479
72.788719	0.000197
72.887985	-0.000027
72.981094	-0.000690
73.061050	0.000100
73.081810	0.000146
73.097328	0.000434
73.106239	0.000284
73.130196	-0.049789
73.187180	0.005389
73.207291	0.048861
73.222656	-0.004875
73.230576	-0.000012
73.250336	-0.000226
73.425964	-0.000051
73.694183	0.000577
73.753593	0.013019
73.762001	-0.012739
73.804840	0.000175
73.841423	0.001731
73.874352	-0.002618
73.878815	0.003491
73.884056	-0.002949
73.950607	-0.003853
73.954033	0.000164
73.986107	0.002250
74.007561	0.000519
74.065933	0.000689
74.109955	-0.000534
74.119972	-0.000705
74.269806	0.001205
74.356239	-0.012138
74.439003	0.012902
74.462746	-0.000640
74.502579	0.000425
74.646500	-0.000577
74.701279	-0.000185
74.838318	0.058526
74.849411	-0.059084
74.901756	-0.000413
74.988586	0.000316
75.015091	0.135293
75.025688	-0.134949
75.142365	-0.000640
75.165047	0.000167
75.170837	-0.000051
75.198792	-0.000028
75.362656	-0.000137
75.434784	-0.000601
75.664894	-0.836639
75.668159	-0.011519
75.672485	0.826548
75.685333	0.012909
75.721771	-0.026791
75.729385	0.026653
75.768890	0.007770
75.777222	0.000676
75.945084	0.001782
76.072197	0.000415
76.096489	0.002545
76.142532	-0.000235
76.148514	-0.002456
76.158638	-0.002305
76.202660	-0.000001
76.298523	0.003442
76.334450	0.008801
76.342850	-0.008672
76.421143	0.000774
76.483932	-0.000024
76.602501	0.000344
76.653244	0.002483
76.673111	0.000199
76.703522	-0.003053
76.735916	-0.004328
76.776588	-0.000407
76.798401	0.015767
76.801559	0.004644
76.831207	-0.016657
76.845383	0.000019
76.853813	-0.000221
77.067284	0.000495
77.257645	-0.000958
77.315437	-0.712041
77.322235	0.711002
77.377975	0.001052
77.436462	0.002920
77.473900	-0.003037
77.493446	0.000459
77.507317	-0.000523
77.541870	-0.057997
77.575890	0.000114
77.593475	0.049751
77.606400	-0.000494
77.693344	0.008633
77.695953	0.000257
77.705963	0.001303
77.871040	-0.000994
77.944519	-0.003595
78.028694	0.003365
78.114388	0.000034
78.171425	0.000426
78.278191	0.000351
78.362442	-0.000115
78.423637	-0.041068
78.430870	0.041555
78.498901	0.000752
78.535858	-0.360095
78.543251	0.357750
78.601089	0.001588
78.721786	-0.000216
78.748405	0.000061
78.810196	-0.000137
78.898659	-0.000213
79.004379	-0.000435
79.041847	-0.000159
79.288635	0.412091
79.290726	-0.413187
79.296829	-0.002194
79.311165	0.003263
79.313469	-0.015261
79.319046	0.015197
79.398827	-0.000406
79.485786	0.001850
79.536919	-0.003397
79.651268	0.037050
79.685028	-0.034456
79.724976	-0.000451
79.733612	-0.000198
79.788803	0.000198
79.807770	-0.000002
79.865128	-0.004189
79.928711	-0.005027
79.936722	0.005090
80.051292	-0.000215
80.081963	0.000044
80.221863	0.000150
80.246872	0.000978
80.266495	0.000143
80.301826	-0.000950
80.358009	0.000788
80.410286	0.025806
80.413704	-0.001287
80.438568	-0.024059
80.443512	-0.000407
80.456169	-0.000079
80.458206	-0.000022
80.700806	0.000716
80.813103	0.002625
80.881989	0.008036
80.882141	1.136054
80.883430	-1.146736
81.031670	0.002847
81.045532	0.000467
81.073540	-0.002972
81.171272	0.000088
81.194275	0.000048
81.199059	0.015433
81.207954	0.000271
81.226715	-0.009544
81.285980	-0.000316
81.294258	-0.001762
81.320778	-0.007856
81.472237	0.001847
81.538857	0.004085
81.622292	-0.001235
81.723656	-0.000535
81.868889	-0.000240
81.905350	-0.000438
82.011192	-0.000980
82.013298	-0.057427
82.018593	0.057915
82.062012	-0.006968
82.067413	0.008249
82.095100	0.000738
82.209435	-0.000138
82.305534	0.000087
82.336136	0.000254
82.421043	-0.000015
82.609444	0.000187
82.639053	0.000290
82.648903	0.000508
82.901581	0.884805
82.905846	-0.886180
82.908234	-0.050848
82.912010	0.050901
82.928680	-0.597396
82.937065	0.599052
83.016800	-0.000207
83.124641	0.021004
83.183739	-0.018176
83.206673	0.048964
83.226929	-0.047384
83.311676	-0.001374
83.368393	0.000265
83.413750	0.000005
83.442558	-0.000708
83.442680	-0.000642
83.524864	-0.002737
83.534523	0.002856
83.680916	0.000039
83.681488	-0.000065
83.834480	0.001278
83.843864	0.003896
83.863106	0.000131
83.901764	-0.002703
83.999176	-0.002697
84.020241	0.002339
84.033440	0.001829
84.041008	-0.003513
84.061485	0.000029
84.069542	-0.000021
84.099953	0.000180
84.328743	-0.000004
84.360023	-0.002054
84.396942	-0.006597
84.456764	0.534826
84.458519	-0.535446
84.604492	0.007589
84.628868	0.005275
84.671669	-0.005180
84.809479	-0.000398
84.809799	-0.000042
84.836052	0.000500
84.841896	0.005714
84.848564	-0.005520
84.879265	-0.000241
84.886993	0.000341
84.950012	-0.002359
85.074524	-0.000108
85.139923	0.004474
85.212410	-0.001792
85.332321	0.000598
85.526749	0.000394
85.548584	0.001103
85.606293	0.148505
85.609329	-0.149370
85.610550	1.144623
85.612007	-1.144107
85.656380	-0.000215
85.690399	0.003467
85.812485	-0.004741
85.893288	0.000043
85.927315	-0.001111
86.029846	0.000458
86.254082	-0.000972
86.267189	0.000120
86.298866	-0.000029
86.504776	-0.018413
86.507370	0.018085
86.509430	-1.881626
86.511322	1.881534
86.560501	-0.545971
86.564804	0.546043
86.631676	0.000251
86.717430	-0.006646
86.768349	-0.165418
86.778374	0.165060
86.846680	0.005430
86.896790	0.000571
87.003159	-0.000306
87.019501	-0.000002
87.028717	-0.000641
87.093925	0.000485
87.123749	-0.008618
87.133766	0.008428
87.283165	0.000017
87.301857	-0.000276
87.443024	-0.002639
87.445374	-0.000377
87.461792	0.000243
87.503311	0.000965
87.628059	-0.025471
87.642586	0.027564
87.644615	-0.026603
87.665199	0.025124
87.666229	-0.000201
87.678734	-0.000005
87.743202	0.000368
87.906822	0.029287
87.922554	-0.028459
87.950478	-0.000539
88.037567	-1.283730
88.040405	1.283864
88.180809	0.000241
88.227531	0.007151
88.272285	-0.006817
88.412361	-0.000143
88.422028	0.000077
88.457466	-1.281783
88.466736	1.281717
88.476357	-0.000446
88.482254	-0.000542
88.488373	-0.000093
88.587196	-0.000975
88.676613	0.000150
88.744316	0.000126
88.800659	-0.000412
88.939667	0.000001
89.144974	-0.000476
89.174721	-1.047186
89.177467	1.047398
89.204552	-1.136903
89.206123	1.133559
89.214508	0.003927
89.285240	0.000140
89.288155	-0.000938
89.413246	0.000878
89.485199	-0.000310
89.522598	0.000577
89.638054	-0.001108
89.858170	0.001286
89.888359	-0.000390
89.970268	-0.000144
90.103683	0.229005
90.104263	-1.139919
90.104584	1.148637
90.105774	-0.237222
90.184784	0.903521
90.187721	-0.902717
90.242989	0.000117
90.308098	-0.000790
90.340614	0.049722
90.344788	-0.050482
90.484337	0.000339
90.488380	0.001109
90.619301	-0.000129
90.624863	-0.000002
90.629738	-0.000144
90.724434	-0.023344
90.734787	0.023398
90.739883	0.000158
90.886421	0.000075
90.920746	-0.000065
91.044624	-0.002027
91.053940	-0.000260
91.064323	-0.000406
91.107033	0.003127
91.233353	-0.031090
91.242439	0.031000
91.271286	-0.000115
91.286789	-0.000049
91.288841	0.102044
91.300262	-0.103636
91.376068	-0.000218
91.466621	-0.072711
91.473808	0.074070
91.567169	0.000172
91.633575	-1.325886
91.633987	1.325981
91.766815	-0.000101
91.828133	0.000434
91.873291	-0.000514
92.016815	0.000568
92.031769	-0.000078
92.068390	-0.842268
92.069374	0.842352
92.076660	0.000511
92.082268	0.001333
92.124290	0.000128
92.223587	0.000583
92.280548	-0.000374
92.349335	0.014077
92.386597	-0.013220
92.546791	-0.000032
92.756050	-0.000232
92.764412	-0.226994
92.765877	0.221041
92.804802	0.211777
92.806374	-0.206395
92.865837	-0.002864
92.885567	0.002482
92.907166	0.000430
93.006721	0.000065
93.082039	-0.000135
93.121674	-0.000157
93.244949	0.000681
93.462219	0.000127
93.503075	-0.000287
93.622978	0.000507
93.696907	-1.672889
93.697929	1.672800
93.706505	-0.074139
93.707512	0.074166
93.786835	1.497854
93.787910	-1.496843
93.851547	0.000071
93.903152	-0.006485
93.940552	-0.906730
93.941086	0.906995
94.077789	-0.000080
94.109146	0.004152
94.216125	0.000694
94.229729	-0.000008
94.247719	0.000393
94.327744	-0.029260
94.337692	0.029350
94.380783	0.000315
94.490631	-0.000118
94.532776	0.000179
94.648338	-0.001208
94.655060	-0.000530
94.668182	0.000305
94.710068	0.000668
94.834824	-0.021691
94.839783	0.021659
94.876198	0.000121
94.893196	0.000026
94.908180	1.137683
94.912010	-1.134447
94.997475	-0.000049
95.060326	-0.507931
95.063873	0.505146
95.177979	-0.000453
95.233536	1.364554
95.235497	-1.364382
95.357513	0.000825
95.429970	0.003914
95.475090	-0.003451
95.621040	-0.000347
95.639297	0.000361
95.660980	0.852822
95.664253	-0.853199
95.679848	-0.000580
95.683899	-0.001125
95.749161	-0.000259
95.848694	0.001971
95.884041	0.000550
95.950462	0.005272
95.972176	-0.006120
96.151474	0.000378
96.363449	0.000318
96.368942	0.056318
96.371635	-0.054959
96.409538	0.066580
96.410675	-0.066604
96.483727	0.003977
96.500359	-0.010605
96.517471	-0.000317
96.604698	0.005795
96.683739	0.001749
96.724846	-0.000395
96.849556	-0.000501
97.066284	-0.001825
97.113029	0.000610
97.256195	-0.000551
97.287506	-1.007499
97.289314	1.007262
97.311096	-0.594489
97.311653	0.594153
97.372902	-1.197411
97.374619	1.196365
97.456581	0.000424
97.502983	0.003253
97.563988	-0.316219
97.564949	0.317021
97.676208	-0.000235
97.721405	-0.002105
97.816895	-0.000003
97.835960	0.000013
97.857544	0.000117
97.932838	0.030694
97.943314	-0.031076
98.014679	0.000022
98.097107	0.000131
98.139191	0.000033
98.253555	0.003761
98.260475	0.000790
98.273827	0.000251
98.316620	-0.004024
98.434273	0.252898
98.439613	-0.253540
98.481369	-0.000023
98.490761	0.598910
98.497574	-0.598860
98.498329	-0.000052
98.609665	-0.000148
98.702019	-0.380313
98.703789	0.381257
98.784019	0.000766
98.845337	-0.673477
98.847755	0.673319
98.959839	0.000609
99.033989	-0.010419
99.078773	0.009821
99.226601	0.000094
99.243546	-0.000110
99.252174	1.294847
99.253082	-1.294539
99.284630	0.000073
99.289497	-0.000943
99.361237	0.000120
99.458458	-0.001796
99.488640	0.000740
99.550369	-0.027699
99.568230	0.028918
99.756378	0.000128
99.968231	0.000025
99.999107	0.175951
100.000916	-0.187516
100.013390	-0.002764
100.016174	0.014007
100.090111	0.005024
100.115829	-0.000891
100.126747	0.000702
100.203278	-0.003558
100.288910	-0.001286
100.330269	-0.000102
100.454460	0.000008
100.669899	0.001311
100.715805	-0.000541
100.870247	-1.662867
100.871979	-0.116953
100.879364	1.780294
100.917572	0.014413
100.919006	-0.014030
100.946022	-1.143243
100.950996	1.143764
101.060844	-0.000626
101.105141	-0.000267
101.197098	0.659727
101.201973	-0.660145
101.281845	0.001296
101.320824	0.000198
101.424210	-0.000299
101.441238	0.000005
101.461197	0.000028
101.539703	0.030977
101.549454	-0.030828
101.630119	-0.000737
101.703880	-0.000071
101.740143	0.000346
101.858208	-0.000130
101.861542	0.001128
101.881401	-0.000140
101.922363	-0.001188
102.030525	-0.182281
102.039345	0.183812
102.063248	-0.165752
102.071106	0.163955
102.087234	-0.000293
102.100960	0.000035
102.211174	0.000584
102.364235	0.963188
102.367821	-0.964215
102.385460	0.000756
102.458786	-0.457625
102.462395	0.457565
102.565475	-0.001271
102.640366	0.012822
102.683548	-0.012492
102.831932	0.001398
102.833626	0.560506
102.835495	-0.561425
102.846344	0.000012
102.893295	0.000199
102.898361	-0.000249
102.962646	-0.000042
103.049309	-0.001387
103.093307	0.001141
103.149391	0.007303
103.178558	-0.006894
103.359589	-0.000152
103.568466	0.000017
103.624352	-1.051264
103.626030	1.050950
103.641769	0.709296
103.643562	-0.709450
103.694145	0.011551
103.712982	-0.012504
103.724022	-0.000754
103.809563	0.001311
103.898384	0.000410
103.939911	0.000350
104.056915	0.000315
104.272858	-0.000873
104.315056	0.000229
104.458984	-2.000168
104.462257	1.996555
104.470978	0.001987
104.521225	0.074751
104.525734	-0.698267
104.526665	-0.079160
104.527481	0.702843
104.661942	0.000063
104.709869	0.003535
104.841316	0.020267
104.845497	-0.020648
104.892548	-0.000306
104.915680	-0.003000
105.037216	-0.000130
105.047073	-0.000011
105.057220	-0.000249
105.148041	0.020966
105.157593	-0.020567
105.232681	-0.000196
105.311974	0.000086
105.335579	-0.000233
105.462753	-0.000629
105.471237	-0.004293
105.491493	0.000381
105.530502	0.004903
105.628876	-0.143140
105.631119	0.002267
105.638039	0.143479
105.650002	-0.005084
105.693031	-0.000095
105.704971	-0.000018
105.805077	-0.000455
105.983665	-0.000772
106.028648	0.222320
106.035072	-0.220585
106.084152	0.580060
106.086952	-0.580084
106.181152	0.002310
106.245743	-0.004924
106.289268	0.004945
106.406616	0.699880
106.410713	-0.699840
106.438843	-0.000194
106.447075	-0.000477
106.505157	-0.000824
106.508148	0.000289
106.555374	0.000040
106.630730	0.007971
106.699432	-0.000842
106.752174	-0.007336
106.795250	0.000120
106.962669	0.000573
107.166321	-0.000719
107.235741	-0.523141
107.239250	0.522884
107.290291	0.008993
107.291260	0.190975
107.294037	-0.193399
107.299873	-0.006861
107.316589	0.002060
107.418091	-0.001033
107.511765	-0.000358
107.551132	-0.000245
107.659660	-0.000312
107.875717	0.000771
107.908531	-0.000135
108.041199	-1.717143
108.041473	1.717761
108.055389	0.000258
108.100937	-0.071246
108.107452	0.071039
108.136513	0.229256
108.138649	-0.229565
108.260742	-0.000021
108.322372	-0.001198
108.480911	-0.011594
108.494514	0.012614
108.501534	0.000988
108.507637	0.000211
108.649017	-0.000212
108.652336	-0.000628
108.652962	0.000005
108.757362	-0.116914
108.766655	0.116772
108.820900	0.000031
108.920898	-0.000082
108.929260	0.000230
109.061859	-0.000273
109.081116	-0.001429
109.103394	-0.000162
109.138153	0.001286
109.211540	-0.007817
109.226166	-0.053042
109.239159	0.009393
109.240837	0.051567
109.294685	-0.000046
109.306702	-0.000025
109.391006	-0.000467
109.577454	-0.000138
109.680939	0.035199
109.709236	-0.072564
109.710037	0.147255
109.710548	-0.104864
109.810677	-0.003495
109.855873	0.006715
109.896065	-0.006736
109.983078	0.066969
109.988907	-0.066015
110.046127	0.000029
110.046959	-0.000057
110.117264	0.000650
110.122902	-0.000331
110.137611	0.000491
110.210251	0.001732
110.305321	0.000468
110.355774	-0.013474
110.412766	0.009433
110.564896	-0.000261
110.760498	0.000585
110.848183	0.004737
110.852966	-0.004816
110.863304	0.000035
110.901947	0.000219
110.910049	0.001704
110.945877	0.456342
110.951500	-0.456239
111.025940	-0.001511
111.127937	0.000600
111.164856	0.000070
111.260597	-0.000368
111.478584	-0.000162
111.500641	0.000053
111.622452	-0.278789
111.624519	0.278611
111.628433	-0.000571
111.682610	-0.168996
111.693054	0.164208
111.748009	-0.072383
111.753738	0.076363
111.858307	-0.000266
111.934029	0.003269
112.083633	-0.002991
112.117989	0.012402
112.128555	0.000058
112.144775	-0.012529
112.235374	0.000059
112.258240	-0.000015
112.275673	-0.000392
112.368774	0.037604
112.378586	-0.037629
112.402191	-0.000124
112.519676	-0.000061
112.531303	0.000046
112.659454	-0.000596
112.691727	0.004736
112.715988	0.000424
112.747726	-0.004345
112.794006	-0.050252
112.823029	-0.024753
112.825584	0.049882
112.842789	0.023680
112.905243	-0.000105
112.907578	-0.000014
112.971046	-0.000572
113.169395	0.000394
113.314857	0.002277
113.338646	0.675331
113.340729	-0.675412
113.390404	-0.006912
113.462578	0.002824
113.465569	-0.017189
113.503998	0.017688
113.554840	-0.020036
113.559662	0.019823
113.643639	0.000273
113.654709	-0.000260
113.713432	-0.000470
113.732803	-0.000209
113.739120	0.000673
113.789551	0.003944
113.912704	-0.000261
113.963188	-0.014289
114.030663	0.010716
114.167046	-0.000274
114.353287	0.000120
114.426567	-0.001084
114.462334	0.138066
114.468826	-0.138368
114.487953	0.001053
114.519318	-0.000395
114.605400	0.372503
114.610786	-0.372406
114.630699	0.003301
114.746719	0.000751
114.781364	-0.000546
114.862282	0.000452
115.081520	-0.001147
115.086929	-0.000112
115.189919	-0.000245
115.203438	0.132196
115.205559	-0.132354
115.266235	0.102491
115.277267	-0.103140
115.359970	0.119934
115.364929	-0.119243
115.454865	0.000445
115.547409	0.002023
115.662453	-0.003583
115.750694	0.003418
115.751251	0.000631
115.793068	-0.004938
115.817001	-0.000029
115.863937	0.000041
115.906006	0.003118
115.973846	0.000438
115.981285	0.106995
115.989128	-0.107867
116.107361	0.000345
116.142265	0.000029
116.256973	-0.000172
116.304970	-0.008688
116.329514	-0.000265
116.356895	0.008436
116.385071	0.002168
116.419487	-0.031122
116.430496	-0.002003
116.443962	0.030767
116.507446	-0.000055
116.509529	0.000162
116.545631	0.000463
116.758736	0.000430
116.943024	0.000821
116.969765	0.214010
116.972321	-0.212415
117.066002	0.013959
117.076500	0.005322
117.112381	-0.005936
117.128593	0.003876
117.128876	-0.013544
117.142960	-0.004536
117.239571	-0.000515
117.262756	0.000916
117.282448	0.000064
117.349426	0.000260
117.356087	-0.001227
117.372833	-0.002808
117.519585	0.000999
117.576073	0.000236
117.647636	0.000289
117.767914	-0.000490
117.942604	0.000280
117.985321	-0.000394
118.069725	-0.000153
118.077538	0.127059
118.087036	-0.127307
118.129082	0.004813
118.234406	-0.006254
118.266251	-0.050218
118.273705	0.050301
118.368324	0.000224
118.399841	0.000080
118.463402	-0.000616
118.671814	0.000456
118.684341	0.000161
118.743668	0.000545
118.786263	0.804291
118.790802	-0.803887
118.854950	-0.001526
118.870117	0.002979
118.974190	0.087633
118.980232	-0.088477
119.049706	-0.000452
119.163414	0.000547
119.238853	0.000585
119.375244	-0.000453
119.380142	0.020730
119.395119	0.000313
119.442665	-0.026187
119.469322	-0.000008
119.535698	-0.000632
119.540649	0.004933
119.593857	0.080199
119.601967	-0.079594
119.696571	-0.000694
119.754417	0.000048
119.854622	-0.000233
119.920036	-0.004712
119.945168	-0.001729
119.967422	0.004400
119.977074	0.044585
120.017906	-0.005076
120.031898	-0.044598
120.047005	0.005832
120.107040	-0.000020
120.115143	-0.000009
120.118149	0.002114
120.346092	-0.000336
120.561485	0.000381
120.601677	-0.972942
120.603966	0.972899
120.687279	-0.021326
120.702988	0.011455
120.720299	0.021756
120.726547	-0.010744
120.744179	0.035908
120.798080	-0.038397
120.834656	-0.000031
120.846382	-0.000235
120.872765	-0.000787
120.953995	-0.001125
120.968582	0.000024
120.974792	-0.000237
121.127426	0.000175
121.185158	-0.000300
121.262421	0.000990
121.369217	0.000419
121.530815	-0.000794
121.540115	-0.000320
121.649658	0.000997
121.695190	-0.063611
121.706116	0.063982
121.740158	-0.000542
121.835312	0.000763
121.928101	-0.193849
121.932961	0.194368
121.992325	-0.000858
122.019646	0.000416
122.064873	0.000411
122.252655	0.000008
122.287949	0.000998
122.290993	-0.000171
122.369400	-0.637664
122.369957	0.637483
122.447754	0.003388
122.463028	-0.003538
122.588913	-0.098040
122.595634	0.097899
122.643875	0.000986
122.779289	0.007522
122.810066	-0.007397
122.970123	-0.000008
123.004463	0.002516
123.006554	-0.001837
123.074783	-0.000025
123.090698	0.000420
123.098381	0.000773
123.179024	0.001211
123.207458	0.044095
123.214645	-0.044312
123.284256	0.000926
123.366577	-0.000171
123.451668	-0.000844
123.534645	-0.005243
123.560066	-0.002489
123.577759	0.005798
123.579308	-0.002781
123.617966	0.003455
123.641350	0.002065
123.650345	-0.003604
123.681458	-0.000248
123.705406	0.000029
123.722534	0.001438
123.932251	-0.000327
124.180130	-0.000520
124.234238	-0.147521
124.238258	0.147482
124.279289	0.008390
124.300240	0.023412
124.305099	-0.008447
124.329475	-0.022803
124.407036	0.000205
124.418198	-0.033240
124.429047	-0.000186
124.472115	0.033681
124.483040	0.000986
124.537323	-0.002259
124.589302	-0.000643
124.596451	-0.000097
124.735855	-0.000005
124.799065	0.005362
124.877495	-0.002892
124.969299	0.000616
125.089180	-0.000578
125.116379	-0.000655
125.225197	-0.000109
125.314041	-0.001049
125.325226	0.001075
125.351486	0.002926
125.434525	-0.002702
125.588661	0.107639
125.596878	-0.108769
125.616951	0.001338
125.641396	-0.000554
125.666245	-0.000017
125.830910	0.000528
125.832977	-0.000085
125.892120	-0.001440
125.952400	0.619527
125.953308	-0.619118
126.044250	-0.013445
126.061890	0.013419
126.203590	0.022811
126.211143	-0.022623
126.236816	-0.000067
126.374733	0.019900
126.395981	-0.020746
126.542122	0.000215
126.632652	0.005119
126.637978	0.000215
126.662193	0.000183
126.680405	0.000013
126.738464	-0.003808
126.818245	-0.002052
126.821632	0.003438
126.828293	-0.003216
126.873840	-0.000815
126.979546	0.000216
127.049156	-0.001420
127.150246	0.009306
127.178154	-0.000095
127.185341	0.042110
127.189491	-0.009416
127.219330	0.002812
127.244095	0.006114
127.253601	-0.003600
127.253830	-0.045797
127.303513	-0.000034
127.330750	0.000199
127.516617	0.000421
127.797157	0.001183
127.855553	0.058345
127.865997	0.053835
127.872467	-0.055301
127.888802	-0.065385
127.912949	-0.000293
127.939285	-0.000566
127.964684	0.001326
128.022354	0.000660
128.086288	0.010602
128.094070	-0.001091
128.120697	0.005889
128.141464	-0.010188
128.211029	0.000139
128.216293	0.001316
128.344269	-0.000120
128.414886	-0.013347
128.493042	0.014674
128.570572	-0.000792
128.635742	0.000687
128.701660	0.000801
128.801575	-0.000467
128.934006	-0.018954
128.945343	0.019019
128.961655	-0.003028
129.035172	0.002396
129.244919	-0.001500
129.245850	-0.196826
129.253708	0.197636
129.265579	0.000788
129.269333	0.000479
129.371094	-0.000404
129.410690	-0.000066
129.495056	0.000628
129.537689	0.736839
129.539047	-0.737029
129.644104	-0.005678
129.663269	0.005513
129.817413	0.043180
129.825729	-0.037291
129.829605	-0.006741
129.931488	0.000191
130.011139	-0.001367
130.112564	-0.000185
130.228165	0.001356
130.258804	-0.000438
130.266006	-0.000921
130.286148	-0.000015
130.384033	0.002348
130.435425	0.135326
130.441696	-0.135476
130.460144	-0.001356
130.463882	-0.000011
130.593216	-0.000166
130.646255	0.001692
130.765213	-0.002040
130.794357	-0.000455
130.798538	0.016496
130.799942	0.000895
130.804703	-0.001083
130.821213	0.016447
130.856842	-0.015565
130.868423	-0.016046
130.900864	0.000042
130.936371	0.001325
131.100113	0.000028
131.415039	-0.001653
131.433563	-0.037536
131.470932	0.041824
131.485382	-0.039016
131.504150	0.071102
131.525803	0.032863
131.531067	-0.025776
131.547867	-0.036559
131.614639	-0.000235
131.706284	-0.003902
131.706482	0.000255
131.758682	-0.038898
131.810059	0.037748
131.833542	-0.000896
131.838562	-0.005937
131.953812	0.004713
132.030106	-0.000386
132.105972	0.000702
132.170090	0.000918
132.181274	-0.000261
132.285629	0.000153
132.375534	0.000756
132.554260	-0.018080
132.566620	0.017470
132.572449	-0.000497
132.634293	0.001036
132.872116	0.000547
132.872894	-0.000436
132.884705	-0.009520
132.889893	-0.000101
132.910721	0.201739
132.921417	-0.191174
132.987808	0.000138
133.100723	-0.000123
133.122360	-0.649736
133.127289	0.649209
133.247162	-0.031975
133.266602	0.031437
133.421997	-0.000045
133.433075	0.055155
133.443710	-0.054652
133.482193	0.000268
133.627060	0.001526
133.681015	-0.000032
133.799225	-0.001791
133.885712	0.000376
133.891678	0.000015
133.897324	0.000649
134.028076	0.000262
134.050140	0.002148
134.055222	0.003608
134.061646	-0.005581
134.099564	-0.000378
134.207565	0.000071
134.244461	-0.000191
134.365768	0.000593
134.381256	-0.000361
134.412216	0.000127
134.412781	0.003040
134.413986	0.007713
134.421799	-0.000189
134.461243	0.000570
134.485870	-0.007082
134.498520	0.000083
134.542694	-0.003644
134.683685	0.000711
135.019226	0.004197
135.035461	0.001866
135.057159	-0.000067
135.061157	-0.004159
135.135483	0.103736
135.139557	-0.015927
135.141754	-0.103107
135.158218	0.013770
135.207626	-0.000013
135.292969	-0.001459
135.319687	0.000308
135.424698	-0.007266
135.457626	0.000521
135.461533	0.000740
135.473831	0.006132
135.562622	-0.000081
135.646317	0.005009
135.719177	-0.004094
135.723404	-0.001004
135.771271	-0.000659
135.868256	-0.000293
135.949982	-0.000125
136.175339	0.001318
136.180649	-0.004705
136.185944	0.008851
136.233917	-0.003575
136.433762	-0.002903
136.478210	0.000401
136.502274	-0.000838
136.516708	0.000410
136.563187	0.452080
136.563904	0.018864
136.570862	-0.468345
136.705948	-0.000084
