10.368261	-0.000375
10.368603	0.000374
10.850080	0.000577
10.850440	-0.000559
11.181510	-0.000014
11.215501	-0.000001
11.393816	0.000001
11.553899	-0.000028
11.681025	0.000685
11.681180	-0.000692
11.752208	-0.000002
11.974174	-0.000009
12.102833	-0.000077
12.104292	0.000096
12.220338	0.000001
12.354932	-0.000002
12.429357	0.000018
12.598237	0.000003
12.781895	0.000055
12.965554	0.000205
12.966763	-0.000197
12.993394	-0.000001
13.226129	0.000088
13.321761	0.000005
13.334118	-0.000005
13.518714	0.000001
13.638496	0.000050
13.812161	0.000000
13.974617	0.001832
13.975879	-0.001828
14.012949	-0.000049
14.221989	-0.000256
14.222925	0.000262
14.231665	-0.000002
14.457951	0.007349
14.458646	-0.007397
14.504509	-0.000007
14.542158	-0.000025
14.693045	0.000002
14.791256	-0.000283
14.823645	0.000327
14.843989	-0.000042
15.002213	-0.000091
15.029376	0.000001
15.158282	0.000084
15.240610	-0.000092
15.286744	-0.005766
15.288491	0.005820
15.358049	-0.000018
15.449336	-0.000131
15.453258	0.000116
15.575597	0.000011
15.660351	-0.000002
15.709495	0.001810
15.713140	-0.001790
15.732516	0.000058
15.817470	0.000055
15.879770	0.000001
15.963295	-0.000113
16.037815	0.000049
16.049076	0.000020
16.202364	0.000019
16.246187	0.000000
16.384834	-0.000066
16.572115	0.016407
16.572962	-0.016377
16.592865	0.000006
16.645618	-0.000064
16.655012	0.000059
16.808170	0.000005
16.825447	-0.000093
16.915146	-0.000021
16.930134	0.000123
16.941858	-0.000189
17.070490	0.000000
17.128410	-0.000051
17.244411	0.000080
17.252525	-0.000096
17.416536	-0.000042
17.582315	0.024160
17.583042	-0.024229
17.612467	0.000058
17.809446	-0.000012
17.829582	-0.000418
17.830059	0.000413
17.832764	-0.000080
17.835571	0.000013
17.961237	0.000005
18.065260	-0.019443
18.065968	0.019557
18.094004	0.000006
18.112801	-0.000006
18.147547	0.000042
18.260712	0.000001
18.298626	-0.000007
18.400869	-0.000680
18.431559	0.000562
18.448862	0.000047
18.609129	0.000199
18.631826	-0.000004
18.764771	-0.000131
18.840000	0.000092
18.893213	-0.011164
18.895065	0.011132
18.947777	0.000008
18.957527	0.000038
18.997799	-0.000005
19.057602	0.001634
19.058702	-0.001594
19.119919	-0.000004
19.174683	0.000007
19.269068	-0.000008
19.269070	-0.000146
19.318434	0.008000
19.321510	-0.008037
19.338238	0.000066
19.416775	-0.000048
19.484964	-0.000010
19.574421	0.000057
19.643705	0.000116
19.652874	-0.000006
19.809034	-0.000147
19.848030	-0.000020
19.988729	0.000049
20.072042	0.000000
20.147608	0.000002
20.179649	0.050859
20.180046	-0.050908
20.194706	-0.000021
20.252422	-0.000228
20.261494	0.000234
20.278116	-0.000001
20.416002	-0.000016
20.424896	-0.000002
20.520245	0.000030
20.538664	-0.001840
20.548582	0.001884
20.674784	-0.000001
20.735928	0.000019
20.849232	-0.000145
20.854277	0.000095
21.020222	0.000103
21.189302	-0.000000
21.189417	-0.023368
21.190845	0.023422
21.213985	-0.000020
21.288906	-0.000000
21.417271	-0.000062
21.431280	0.000090
21.436380	0.031226
21.436794	-0.031206
21.441565	0.000057
21.567141	0.000011
21.672802	-0.077792
21.673349	0.077678
21.697680	-0.000024
21.722319	-0.000295
21.754181	0.000254
21.864212	0.000003
21.906540	0.000046
22.010843	0.000515
22.039400	-0.000313
22.052919	-0.000043
22.217030	-0.000261
22.234230	0.000019
22.302776	0.000000
22.368828	0.000212
22.438675	0.000004
22.502125	0.045660
22.502399	-0.045673
22.555975	0.000019
22.561937	-0.000015
22.603615	-0.000031
22.664040	0.013439
22.665430	-0.013411
22.724964	0.000014
22.778395	0.000008
22.872402	-0.000000
22.877777	-0.000236
22.925606	0.007212
22.928448	-0.007248
22.945028	0.000021
23.015841	0.000066
23.090475	0.000224
23.183519	0.000142
23.251478	-0.000208
23.254829	-0.000055
23.414024	0.000090
23.448416	0.000021
23.591537	-0.000042
23.679485	0.000026
23.752934	-0.000027
23.784750	-0.001651
23.786629	0.001658
23.798203	0.000010
23.860708	-0.000061
23.868885	0.000062
23.882492	0.000001
24.022326	0.000001
24.023319	-0.000000
24.124838	-0.000014
24.145699	-0.001777
24.156361	0.001768
24.277393	0.000008
24.344099	0.000059
24.455439	-0.000013
24.456423	0.000002
24.625734	-0.000033
24.795172	-0.000013
24.795950	-0.018984
24.796373	0.019008
24.815844	-0.000001
24.893326	0.000014
25.024984	0.000030
25.030495	-0.000004
25.042391	0.000182
25.044064	-0.000200
25.048782	-0.000013
25.173729	-0.000013
25.278765	0.001669
25.280298	-0.001704
25.303001	-0.000004
25.330624	0.000198
25.361588	-0.000210
25.466194	0.000004
25.512718	-0.000035
25.619989	0.000751
25.644064	-0.000674
25.657373	0.000066
25.825132	-0.000188
25.837852	0.000012
25.908134	-0.000001
25.972956	0.000082
26.039309	-0.000017
26.109011	-0.487482
26.109060	0.487475
26.162910	0.000016
26.164349	-0.000039
26.210073	-0.000003
26.270557	-0.014570
26.273134	0.014542
26.330084	-0.000012
26.379185	0.000003
26.475031	0.000002
26.486135	0.000034
26.533892	0.005732
26.536922	-0.005674
26.551208	0.000066
26.611919	-0.000079
26.694851	-0.000076
26.794006	-0.000001
26.859009	0.000036
26.860006	-0.000026
27.020645	0.000007
27.049364	-0.000000
27.195702	0.000010
27.286066	0.000002
27.358009	-0.000001
27.392944	-0.009677
27.393608	0.009677
27.397764	0.000003
27.468342	-0.001707
27.475431	0.001737
27.485918	0.000000
27.622908	0.000017
27.630371	-0.000071
27.730911	0.000053
27.754814	0.000579
27.764898	-0.000594
27.881557	-0.000005
27.953447	0.000010
28.057663	-0.000008
28.061207	0.000057
28.228582	-0.000057
28.401928	-0.000001
28.403320	-0.005191
28.403828	0.005198
28.416162	0.000001
28.498163	-0.000000
28.631676	0.000005
28.632019	0.000084
28.650354	-0.031544
28.650736	0.031535
28.654943	-0.000106
28.779057	-0.000033
28.888306	0.068305
28.888691	-0.068278
28.906519	0.000062
28.939533	0.000085
28.967325	-0.000071
29.066271	-0.000006
29.120014	0.000033
29.228296	-0.000246
29.254910	0.000285
29.261816	0.000045
29.433245	-0.000013
29.439522	-0.000080
29.513880	-0.000000
29.578499	-0.000096
29.638275	0.000009
29.715456	-0.034366
29.716152	0.034405
29.766054	0.000049
29.770346	0.000032
29.816051	-0.000023
29.878475	0.009888
29.880156	-0.009893
29.934607	-0.000007
29.978485	0.000008
30.079126	0.000004
30.094835	-0.000054
30.141117	0.008384
30.143274	-0.008447
30.158140	0.000076
30.211744	0.000003
30.300436	-0.000053
30.403170	0.000328
30.463024	-0.000008
30.465158	-0.000444
30.626595	0.000104
30.651520	0.000023
30.798349	0.000026
30.892395	-0.000005
30.963959	0.000009
30.999149	-0.000007
30.999405	0.055183
31.000460	-0.055192
31.075497	-0.000060
31.080906	0.000040
31.090042	-0.000004
31.222136	-0.000008
31.238508	0.000023
31.335390	0.000018
31.362471	-0.001512
31.370874	0.001610
31.485176	-0.000014
31.561670	-0.000181
31.660364	0.000002
31.666689	0.000080
31.830725	0.000060
32.008774	0.000024
32.009041	-0.015952
32.010338	0.015941
32.018978	-0.000028
32.102821	-0.000023
32.231182	0.000013
32.240356	0.000223
32.257717	-0.001842
32.258251	0.001833
32.260265	-0.000190
32.386303	-0.000049
32.495106	-0.004071
32.495827	0.004060
32.512184	0.000004
32.547672	0.000168
32.575691	-0.000196
32.671925	0.000026
32.725777	0.000073
32.838627	0.000172
32.862247	-0.000160
32.866280	-0.000095
33.041065	0.000005
33.041401	0.000029
33.119034	0.000002
33.183796	0.000050
33.241425	-0.000010
33.322849	-0.011381
33.323349	0.011377
33.369637	-0.000042
33.377892	-0.000019
33.422672	-0.000007
33.484821	0.005714
33.487164	-0.005717
33.539764	0.000018
33.577980	0.000002
33.682838	0.000011
33.701885	-0.000029
33.748863	-0.003960
33.750282	0.003946
33.763973	0.000094
33.811466	-0.000002
33.905109	-0.000011
34.013165	0.000209
34.065796	-0.000008
34.072544	-0.000055
34.232128	-0.000176
34.252285	-0.000004
34.401417	0.000044
34.500031	-0.000004
34.569153	-0.000005
34.601486	0.000009
34.607109	0.028949
34.607525	-0.028954
34.682930	-0.001200
34.689381	0.001254
34.693928	0.000012
34.821255	-0.000025
34.846001	-0.000014
34.941952	-0.000057
34.970810	0.000295
34.977940	-0.000304
35.089340	0.000027
35.170467	-0.000053
35.262753	-0.000016
35.272675	0.000067
35.436234	-0.000039
35.614532	-0.000012
35.616394	0.002198
35.617218	-0.002187
35.621742	0.000008
35.706818	0.000004
35.831532	0.000006
35.847881	0.000897
35.864422	0.012608
35.864666	-0.012578
35.868412	-0.000897
35.993561	0.000053
36.102306	0.087850
36.102615	-0.087871
36.115929	-0.000110
36.156734	-0.000160
36.182259	0.000103
36.275757	0.000012
36.333733	-0.000003
36.446655	-0.000351
36.469631	0.000375
36.471336	0.000025
36.645321	0.000006
36.649780	-0.000065
36.724968	-0.000001
36.788605	0.000043
36.842255	0.000002
36.930023	-0.001402
36.930119	0.001378
36.974186	0.000000
36.985157	0.000105
37.028328	-0.000091
37.092613	-0.016096
37.092903	0.016075
37.146156	0.000019
37.180870	-0.000070
37.285870	-0.000038
37.311844	-0.000003
37.356503	-0.003035
37.358017	0.003040
37.371487	-0.000014
37.409306	-0.000006
37.510765	-0.000020
37.623272	0.000011
37.668736	0.000022
37.679089	-0.000000
37.836655	-0.000018
37.854385	-0.000007
38.005127	-0.000048
38.106022	0.000004
38.175072	-0.000028
38.203587	-0.000013
38.214336	0.010677
38.214592	-0.010684
38.290112	0.000348
38.295406	-0.000351
38.298782	0.000001
38.422024	0.000040
38.453762	-0.000003
38.547405	-0.000013
38.578621	-0.001744
38.585819	0.001736
38.693592	0.000026
38.778885	0.000062
38.864971	-0.000004
38.878994	-0.000013
39.040485	-0.000040
39.220745	0.000042
39.224163	-0.357608
39.224308	0.357589
39.224689	-0.000007
39.312630	-0.000023
39.433872	0.000000
39.455631	-0.000126
39.471687	-0.015624
39.472103	0.015674
39.475082	0.000094
39.599064	0.000051
39.709679	0.105552
39.709854	-0.105489
39.719021	0.000016
39.765839	-0.000175
39.789936	0.000199
39.877056	0.000007
39.942070	0.000052
40.057308	0.000560
40.075817	-0.000090
40.077045	-0.000559
40.248219	0.000037
40.258053	0.000089
40.330368	0.000001
40.394184	-0.000041
40.444412	-0.000003
40.536102	-0.017189
40.537281	0.017147
40.577553	0.000097
40.592934	-0.000025
40.635544	0.000000
40.699921	-0.014510
40.700871	0.014476
40.751019	0.000041
40.782356	-0.000041
40.889709	-0.000017
40.920921	0.000175
40.964249	-0.406476
40.964272	0.406462
40.976593	-0.000222
41.007626	0.000076
41.115368	0.000022
41.232475	0.000024
41.271988	-0.000026
41.285675	0.000012
41.444679	-0.000021
41.456795	0.000012
41.609707	0.000021
41.713955	0.000030
41.780704	-0.000019
41.804394	-0.000012
41.821175	-0.045689
41.821484	0.045730
41.897896	-0.003279
41.902813	0.000017
41.903118	0.003287
42.020794	-0.000004
42.062187	-0.000089
42.153000	0.000064
42.186638	0.001824
42.193768	-0.001821
42.298630	-0.000048
42.387978	0.000046
42.466228	0.000051
42.484596	-0.000084
42.644836	0.000094
42.827091	-0.000015
42.827839	0.000004
42.830868	0.111644
42.831020	-0.111637
42.917175	0.000005
43.032951	-0.000021
43.062805	-0.000614
43.078732	0.153541
43.078869	-0.153555
43.081512	0.000626
43.206402	-0.000036
43.316757	0.068435
43.317486	-0.068497
43.324921	0.000018
43.374058	-0.000270
43.398144	0.000243
43.480385	0.000000
43.548199	-0.000012
43.666790	-0.000905
43.680923	0.000031
43.685192	0.000873
43.850975	-0.000043
43.866154	0.000005
43.936077	0.000001
43.999500	-0.000105
44.045097	-0.000006
44.142944	-0.013022
44.143490	0.013093
44.180439	0.000027
44.199444	-0.000008
44.240833	0.000038
44.306957	-0.022483
44.308483	0.022454
44.355011	-0.000068
44.382023	-0.000046
44.492920	0.000050
44.528908	0.000242
44.571739	-0.000668
44.572231	0.000679
44.582489	-0.000227
44.607914	-0.000009
44.721672	0.000102
44.841644	0.000701
44.874790	-0.000014
44.893059	-0.000800
45.051235	0.000127
45.055649	-0.000019
45.212643	-0.000057
45.321251	-0.000073
45.385807	0.000065
45.406090	0.000007
45.428310	0.078749
45.428383	-0.078745
45.504482	-0.000749
45.506577	-0.000013
45.509892	0.000748
45.618881	0.000007
45.669010	0.000080
45.759003	-0.000039
45.793613	0.000429
45.800583	-0.000403
45.901196	-0.000028
45.996220	0.000202
46.069641	-0.000025
46.090828	-0.000243
46.248070	0.000001
46.428875	0.000072
46.431820	-0.000010
46.437859	-0.020677
46.438950	0.020688
46.522194	0.000023
46.630741	0.000011
46.670639	0.000357
46.685593	0.400424
46.685642	-0.400418
46.687813	-0.000374
46.811695	-0.000022
46.923313	0.002103
46.924545	-0.002072
46.928474	0.000045
46.982479	-0.000668
47.004120	0.000757
47.082966	-0.000035
47.154259	-0.000049
47.275116	0.000566
47.285236	0.000045
47.291252	-0.000594
47.451996	-0.000026
47.474281	0.000117
47.541210	-0.000001
47.603462	0.000016
47.644226	0.000018
47.750443	0.023620
47.751606	-0.023606
47.783237	-0.000044
47.807724	-0.000006
47.846077	-0.000010
47.913513	0.003485
47.914639	-0.003475
47.961063	0.000009
47.984745	-0.000009
48.095634	-0.000020
48.136120	0.000195
48.178642	-0.019557
48.179695	0.019590
48.189453	-0.000171
48.206734	0.000023
48.326496	0.000014
48.451244	-0.000093
48.478638	-0.000080
48.500454	-0.000051
48.656372	0.000247
48.658775	-0.000007
48.817932	-0.000057
48.927803	-0.000017
48.992874	-0.000033
49.007362	-0.000070
49.034985	0.038826
49.035301	-0.038822
49.110821	0.000034
49.111950	-0.001230
49.117012	0.001313
49.220535	-0.000006
49.276375	-0.000149
49.364754	0.000095
49.402153	0.003610
49.406788	-0.003699
49.504734	-0.000016
49.605434	-0.000110
49.672112	0.000050
49.696041	0.000161
49.853508	-0.000051
50.030060	0.000030
50.039650	-0.000006
50.043987	0.037344
50.044563	-0.037291
50.126640	0.000002
50.231785	-0.000052
50.277733	0.000982
50.292217	-0.020862
50.293221	0.020895
50.294994	-0.000976
50.417671	0.000028
50.531197	0.023524
50.531933	-0.023544
50.534126	-0.000025
50.590591	0.000211
50.610798	-0.000240
50.685905	0.000038
50.761963	-0.000105
50.884495	-0.000624
50.890118	0.000095
50.899475	0.000609
51.055931	-0.000037
51.082344	-0.000064
51.147179	-0.000001
51.209621	0.000023
51.245251	0.000014
51.357113	-0.079062
51.357265	0.079055
51.386955	0.000024
51.416073	-0.000048
51.453102	0.000039
51.520512	-0.009992
51.522232	0.010052
51.565624	0.000017
51.584759	0.000024
51.699970	0.000008
51.745556	-0.000048
51.785950	0.010873
51.786839	-0.010859
51.796665	-0.000138
51.805878	-0.000040
51.931751	0.000207
52.061485	0.000045
52.082493	-0.000045
52.107018	-0.000024
52.259285	0.000040
52.264004	0.000041
52.420464	-0.000016
52.535046	-0.000089
52.597168	0.000141
52.609432	-0.000019
52.642105	0.147164
52.642551	-0.147156
52.715099	-0.000025
52.719185	0.002148
52.723991	-0.002135
52.819099	0.000047
52.884617	0.000079
52.969776	-0.000126
53.007507	-0.000141
53.014683	0.000154
53.110382	0.000051
53.214737	0.000110
53.274063	-0.000022
53.302746	-0.000181
53.456718	0.000022
53.633194	0.000033
53.644688	-0.000053
53.650711	0.018036
53.651367	-0.018155
53.731716	0.000055
53.831734	-0.000003
53.885620	-0.000022
53.899105	0.077632
53.899464	-0.077685
53.901554	0.000052
54.024784	-0.000006
54.138378	-0.006862
54.139065	-0.000005
54.139610	0.006831
54.199188	-0.001307
54.217892	0.001400
54.289001	-0.000072
54.369045	0.000089
54.492554	-0.001833
54.494640	-0.000082
54.507515	0.001742
54.659790	0.000030
54.691280	0.000299
54.752171	0.000001
54.815445	-0.000188
54.846642	-0.000030
54.963657	-0.048674
54.964039	0.048587
54.989330	-0.000011
55.022457	0.000046
55.060322	0.000022
55.128315	-0.117638
55.128483	0.117644
55.171337	-0.000074
55.184643	0.000053
55.303596	0.000013
55.354942	0.000418
55.393429	0.011930
55.394947	-0.011924
55.402321	-0.000365
55.403893	-0.000010
55.538353	-0.000103
55.669987	0.000114
55.685360	0.000129
55.714504	-0.000028
55.862747	-0.000013
55.868855	-0.000171
56.024597	-0.000004
56.141609	0.000010
56.202431	0.000003
56.211075	0.000096
56.248131	0.007121
56.248539	-0.007105
56.318844	0.000006
56.325634	0.002078
56.330402	-0.002070
56.418449	-0.000015
56.492603	-0.000196
56.575439	0.000097
56.617390	0.003939
56.621361	-0.003947
56.713978	-0.000080
56.822910	0.000141
56.876251	0.000058
56.908165	-0.000098
57.062336	0.000001
57.236732	-0.000006
57.252178	-0.000002
57.257923	0.215235
57.258015	-0.215103
57.336605	-0.000016
57.432964	0.000002
57.491898	-0.000313
57.505695	-0.002508
57.505936	0.002558
57.508064	0.000403
57.629631	-0.000159
57.743736	0.000087
57.744907	-0.006262
57.745827	0.006257
57.806675	0.000930
57.824768	-0.000823
57.890102	0.000022
57.976158	-0.000136
58.098789	-0.000019
58.100243	0.004788
58.114964	-0.004815
58.261852	0.000016
58.299484	-0.000076
58.358292	0.000002
58.420483	0.000062
58.447639	0.000007
58.570992	0.094004
58.571625	-0.093950
58.593182	-0.000060
58.629723	-0.000074
58.665562	0.000033
58.734158	0.128692
58.734322	-0.128647
58.776505	0.000005
58.787880	0.000036
58.907146	0.000000
58.962238	-0.000213
59.000381	0.033649
59.001465	-0.033686
59.003250	0.000034
59.007492	0.000133
59.142651	-0.000043
59.278687	-0.000277
59.288342	0.000065
59.321152	0.000258
59.463406	-0.000039
59.474968	0.000053
59.628899	-0.000041
59.747997	0.000056
59.808517	-0.000094
59.811234	0.000009
59.855068	-0.140254
59.855381	0.140301
59.923782	-0.000027
59.933289	-0.000151
59.936859	0.000139
60.018482	-0.000051
60.099899	0.000173
60.182083	-0.000063
60.224834	-0.005563
60.228855	0.005564
60.318020	0.000002
60.431938	-0.000008
60.478016	-0.000014
60.514706	-0.000024
60.666187	0.000004
60.838501	-0.000079
60.858433	-0.000015
60.864620	0.055696
60.864864	-0.055739
60.941692	0.000013
61.033680	0.000046
61.100025	-0.000006
61.111641	0.016328
61.112476	-0.016383
61.115379	0.000011
61.237053	0.000002
61.347084	-0.000056
61.352890	-0.019155
61.353222	0.019061
61.414162	0.000214
61.431759	-0.000197
61.494057	-0.000031
61.584297	-0.000011
61.704319	-0.000035
61.709747	-0.001408
61.722538	0.001406
61.865448	0.000047
61.908451	0.000101
61.963654	0.000004
62.025299	-0.000125
62.048611	-0.000028
62.176800	0.017454
62.177475	-0.017473
62.196682	0.000130
62.237114	-0.000006
62.271202	0.000039
62.340088	-0.001357
62.341579	0.001265
62.381916	-0.000005
62.388130	0.000050
62.511353	-0.000021
62.571030	0.000051
62.602070	-0.000043
62.607315	-0.019972
62.607830	0.020050
62.614895	-0.000090
62.748623	0.000340
62.888409	-0.000073
62.892529	-0.000298
62.927292	0.000042
63.065128	0.000044
63.081524	-0.000015
63.231770	0.000040
63.355427	-0.000073
63.413837	-0.000010
63.414375	-0.000015
63.461777	0.070210
63.462273	-0.070267
63.527935	0.000118
63.539600	0.000445
63.543575	-0.000485
63.616699	0.000006
63.708714	-0.000164
63.786419	0.000169
63.832512	-0.000332
63.836132	0.000315
63.921478	-0.000023
64.040695	0.000176
64.080994	0.000023
64.119583	0.000070
64.271660	-0.000209
64.441132	0.000136
64.464714	-0.000012
64.471497	0.003575
64.472229	-0.003577
64.546501	0.000010
64.632561	-0.000062
64.707245	-0.000447
64.719467	-0.017713
64.720055	0.017722
64.721024	0.000531
64.842545	-0.000057
64.952644	0.000119
64.959831	0.053854
64.960106	-0.053853
65.023102	0.001474
65.038879	-0.001411
65.096634	-0.000001
65.190880	-0.000369
65.309113	0.000273
65.318001	0.003202
65.329796	-0.003178
65.468391	-0.000015
65.517006	0.000116
65.569389	-0.000007
65.631638	0.000008
65.649055	0.000028
65.783829	0.012849
65.784225	-0.012818
65.799629	0.000026
65.845016	-0.000316
65.877861	0.000293
65.948242	0.013410
65.948975	-0.013366
65.986221	0.000021
65.990334	-0.000084
66.113441	0.000042
66.178871	-0.000121
66.200821	0.000019
66.214348	0.007012
66.215347	-0.007074
66.221581	0.000032
66.353813	-0.000044
66.496399	0.000085
66.497765	-0.000156
66.534729	0.000251
66.664993	-0.000002
66.687820	0.000100
66.836388	-0.000139
66.962418	0.000121
67.015930	0.000031
67.019249	-0.000087
67.068817	0.007840
67.069527	-0.007888
67.131645	-0.000023
67.147156	0.000656
67.150352	-0.000710
67.217651	0.000037
67.315163	-0.000030
67.391106	0.000117
67.440903	0.010207
67.442970	-0.010205
67.526237	-0.000002
67.649559	0.000071
67.682350	-0.000020
67.726593	-0.000290
67.875862	0.000140
68.042915	-0.000024
68.071243	-0.000032
68.077972	-0.012379
68.077995	0.012292
68.151466	0.000067
68.233307	0.000021
68.314743	-0.000258
68.325630	0.063757
68.325974	-0.063842
68.328255	0.000148
68.450325	-0.000018
68.557007	0.000047
68.566765	0.009846
68.567886	-0.009756
68.629837	0.001274
68.645630	-0.001350
68.699951	-0.000014
68.797417	0.000172
68.913803	-0.000128
68.926552	0.002155
68.937637	-0.002089
69.070000	0.000053
69.125877	-0.000315
69.174606	-0.000005
69.237770	0.000114
69.249062	-0.000011
69.389832	-0.020817
69.390686	0.020853
69.404297	-0.000065
69.451530	0.000036
69.483803	-0.000039
69.554893	0.086793
69.555435	-0.086720
69.591293	0.000077
69.591476	-0.000019
69.717270	-0.000031
69.787537	0.000126
69.800400	0.000008
69.822021	0.381334
69.822060	-0.381336
69.827965	-0.000088
69.959969	-0.000060
70.099350	-0.000082
70.106499	0.000615
70.140556	-0.000571
70.268150	0.000029
70.294258	-0.000006
70.439575	0.000064
70.569138	-0.000038
70.617477	-0.000042
70.624641	0.000071
70.675529	-0.423055
70.675690	0.423057
70.736519	0.000072
70.754173	-0.003718
70.756927	0.003770
70.816597	0.000014
70.922363	0.000048
70.997414	-0.000043
71.047165	0.002279
71.050812	-0.002369
71.129570	-0.000027
71.258087	0.000274
71.285149	0.000002
71.333809	0.000025
71.480347	-0.000116
71.646088	0.000017
71.677216	0.000022
71.684868	-0.035847
71.685562	0.035890
71.756119	-0.000035
71.833015	-0.000062
71.921837	0.000259
71.932732	0.380875
71.932816	-0.380861
71.934074	-0.000173
72.056984	-0.000053
72.161636	0.000034
72.173630	0.064552
72.173943	-0.064638
72.238716	0.000280
72.252357	-0.000258
72.302795	-0.000033
72.405197	-0.000034
72.517967	0.000069
72.534721	0.001241
72.544556	-0.001322
72.673363	-0.000035
72.734795	0.000008
72.780495	0.000004
72.842804	0.000134
72.852577	-0.000022
72.996498	-0.001177
72.997459	0.001151
73.006783	0.000127
73.058304	-0.000252
73.089851	0.000187
73.161407	-0.041537
73.161568	0.041478
73.192978	-0.000261
73.197983	-0.000005
73.321548	0.000046
73.395103	-0.000063
73.399818	0.000026
73.428810	-0.047642
73.429337	0.047663
73.433861	0.000070
73.564560	-0.000006
73.702026	0.000003
73.715500	0.000685
73.748665	-0.000749
73.870125	-0.000022
73.900597	-0.000022
74.044334	-0.000033
74.176254	0.000115
74.221428	-0.000065
74.230659	-0.000286
74.282059	-0.005871
74.282722	0.005934
74.340149	0.000008
74.360954	-0.005650
74.363266	0.005613
74.418121	-0.000029
74.530403	-0.000056
74.603508	0.000025
74.655251	0.024266
74.657211	-0.024308
74.733963	0.000030
74.865685	-0.000137
74.887321	-0.000034
74.938751	0.000142
75.083206	-0.000004
75.247978	0.000017
75.283585	-0.000096
75.291199	0.077538
75.291664	-0.077590
75.360863	0.000082
75.434898	0.000039
75.529121	-0.002237
75.537994	-0.006751
75.539246	0.006854
75.540054	0.002153
75.663414	0.000151
75.766464	-0.000085
75.780525	-0.007622
75.781136	0.007671
75.844841	-0.000558
75.859375	0.000474
75.906494	0.000004
76.011208	0.000045
76.123428	0.000012
76.142616	0.000084
76.150902	-0.000001
76.275482	-0.000016
76.343018	-0.000087
76.385979	-0.000004
76.448669	0.000162
76.452995	0.000000
76.603172	0.002951
76.603966	-0.002969
76.609985	-0.000149
76.665985	0.000338
76.694939	-0.000274
76.767410	0.029448
76.768700	-0.029470
76.793861	0.000163
76.802505	-0.000031
76.924927	-0.000035
77.000465	-0.000015
77.002769	0.000990
77.035423	-0.082560
77.035881	0.082431
77.040817	-0.000995
77.170174	0.000160
77.307114	0.000027
77.324280	-0.000737
77.354599	0.000626
77.470421	-0.000015
77.507339	0.000413
77.647331	-0.000369
77.782730	0.000068
77.821999	0.000217
77.835381	-0.000022
77.888824	0.069436
77.889130	-0.069475
77.943748	0.000042
77.966805	-0.012335
77.970490	0.012410
78.016830	-0.000027
78.137794	-0.000038
78.209084	-0.000000
78.261551	0.007308
78.263496	-0.007318
78.339615	0.000028
78.475433	0.000031
78.489204	0.000009
78.543976	0.000021
78.689400	0.000023
78.849846	0.000045
78.889633	0.000071
78.897583	-0.006697
78.898109	0.006739
78.965973	-0.000051
79.035736	-0.000033
79.135811	-0.000204
79.146057	0.235458
79.146248	-0.235552
79.146965	0.000271
79.269257	-0.000003
79.370621	-0.000014
79.387512	0.046662
79.387650	-0.046722
79.454208	-0.001356
79.466377	0.001437
79.508965	0.000060
79.620094	0.000219
79.729324	-0.000182
79.750977	0.002729
79.758949	-0.002808
79.879845	0.000084
79.952667	-0.000017
79.991600	0.000002
80.053825	-0.000153
80.054581	0.000023
80.210205	0.002294
80.210709	-0.002290
80.215446	0.000232
80.273262	-0.000327
80.302147	0.000366
80.374535	-0.016252
80.375626	0.016227
80.396645	-0.000106
80.407112	-0.000073
80.528648	0.000111
80.598259	0.000019
80.611481	-0.000247
80.641800	-0.013740
80.643196	0.013786
80.646255	0.000208
80.775932	-0.000099
80.909508	0.000035
80.934334	0.000211
80.962471	-0.000106
81.073708	-0.000029
81.114578	-0.000231
81.252350	0.000240
81.388519	-0.000119
81.425934	-0.000133
81.441422	0.000083
81.495369	0.346154
81.495384	-0.346125
81.549263	-0.000017
81.574867	-0.000606
81.578697	0.000548
81.617882	0.000013
81.745796	-0.000110
81.814369	0.000027
81.869087	-0.006760
81.871201	0.006831
81.942314	-0.000038
82.084450	0.000153
82.090584	0.000012
82.151169	-0.000154
82.294502	-0.000163
82.453445	0.000035
82.495399	-0.000093
82.503357	-0.043450
82.504616	0.043518
82.570557	0.000049
82.635880	0.000051
82.743271	-0.000155
82.751221	-0.017224
82.752480	0.017325
82.754059	0.000098
82.876450	0.000091
82.975342	0.000078
82.993492	-0.018669
82.994240	0.018666
83.062553	0.000786
83.072876	-0.000941
83.111732	-0.000139
83.228119	-0.000018
83.333237	0.000127
83.358795	-0.003921
83.365479	0.003771
83.484299	-0.000028
83.560913	0.000012
83.596901	0.000003
83.656738	-0.000010
83.658272	0.000141
83.816963	-0.187144
83.817101	0.187150
83.818642	-0.000227
83.880356	0.000101
83.908539	-0.000131
83.980942	0.021558
83.981636	-0.021499
83.996971	0.000082
84.012848	-0.000113
84.132729	0.000007
84.197678	0.000039
84.218987	-0.000403
84.249863	-0.000708
84.250801	0.000753
84.253372	0.000260
84.381927	0.000049
84.514313	-0.000026
84.541954	-0.000113
84.568062	0.000114
84.674835	0.000073
84.721001	-0.000011
84.857994	-0.000063
84.996414	0.000001
85.026474	-0.000004
85.047279	-0.000007
85.101784	0.047044
85.101936	-0.047014
85.152931	0.000002
85.181252	0.006274
85.183578	-0.006191
85.218147	0.000027
85.353378	-0.000363
85.419830	0.000448
85.475983	-0.008912
85.477829	0.008786
85.546974	-0.000054
85.692947	-0.000358
85.695084	-0.000044
85.757080	0.000199
85.899200	0.000228
86.055336	-0.000023
86.102097	0.000036
86.110855	0.643307
86.110931	-0.643291
86.175240	0.000003
86.236435	-0.000054
86.350555	0.000772
86.358498	-0.077217
86.359070	0.077179
86.359665	-0.000650
86.482254	-0.000003
86.579720	-0.000226
86.601105	-0.015587
86.602852	0.015596
86.669273	0.001407
86.679153	-0.001356
86.716133	0.000115
86.834846	-0.000434
86.938492	0.000214
86.965889	-0.000279
86.973244	0.000488
87.087204	-0.000058
87.169952	0.000004
87.202690	0.000006
87.256897	0.000036
87.265015	-0.000259
87.422455	-0.000145
87.423302	0.000011
87.423676	0.000044
87.488052	0.000361
87.514442	-0.000331
87.587883	-0.010335
87.588730	0.010319
87.599693	0.000035
87.618744	0.000020
87.735298	-0.000057
87.797112	-0.000046
87.827408	-0.000595
87.856819	0.082441
87.857552	-0.082349
87.859764	0.000535
87.987373	-0.000045
88.118034	0.000063
88.149216	0.000308
88.176399	-0.000058
88.276482	-0.000068
88.327599	-0.000244
88.460968	0.000119
88.602737	0.000264
88.628693	0.000012
88.652634	-0.000305
88.707092	-0.027631
88.708397	0.027728
88.756805	0.000034
88.788177	-0.001799
88.790062	0.001755
88.817375	0.000004
88.961067	0.000014
89.025673	0.000030
89.081894	-0.017028
89.084732	0.017171
89.151085	0.000081
89.297142	-0.000029
89.300873	-0.000100
89.363266	-0.000032
89.504517	0.000076
89.658844	0.000015
89.707993	0.000113
89.717323	0.007658
89.718231	-0.007629
89.780472	-0.000152
89.837952	-0.000015
89.957069	0.002711
89.965469	-0.078572
89.965729	0.078540
89.966316	-0.002743
90.089134	-0.000268
90.183838	0.000178
90.207718	-0.024599
90.208397	0.024712
90.276917	-0.005983
90.286568	0.006075
90.317596	-0.000067
90.442596	-0.000040
90.543152	0.000132
90.574318	0.003479
90.579910	-0.003567
90.689774	0.000046
90.778404	-0.000158
90.807281	-0.000005
90.856621	-0.000035
90.870094	0.000339
91.026283	-0.000021
91.029770	-0.116739
91.029915	0.116803
91.094551	-0.000534
91.121864	0.000422
91.194168	0.012973
91.194824	-0.012946
91.199883	-0.000046
91.223778	0.000056
91.339790	-0.000020
91.396286	0.000019
91.435638	-0.000634
91.463402	0.439530
91.463417	-0.439556
91.466072	0.000713
91.592751	-0.000013
91.721977	0.000016
91.759132	0.000638
91.782677	-0.000661
91.878166	0.000006
91.934532	0.000090
92.065224	-0.000077
92.209953	-0.000048
92.231880	0.000032
92.258293	0.000045
92.315125	0.082337
92.315300	-0.082436
92.362396	0.000033
92.395363	0.016558
92.396782	-0.016544
92.416656	-0.000019
92.567787	-0.000054
92.631546	0.000108
92.690147	-0.010531
92.692406	0.010475
92.756546	-0.000044
92.898918	0.000060
92.910217	-0.000064
92.969681	0.000187
93.108551	-0.000140
93.262154	-0.000023
93.314522	-0.000063
93.322792	0.023245
93.323814	-0.023277
93.386429	0.000018
93.437462	-0.000019
93.563759	0.000285
93.571991	0.040814
93.572601	-0.000148
93.572861	-0.040792
93.695557	-0.000053
93.789116	0.000090
93.813454	-0.030707
93.814362	0.030617
93.884384	0.000122
93.891739	0.000102
93.920792	0.000007
94.049797	-0.000230
94.148064	-0.000023
94.182495	0.002270
94.187332	-0.002182
94.292480	0.000025
94.386673	0.000433
94.413765	-0.000005
94.458939	0.000009
94.476402	-0.000568
94.628380	0.000189
94.635742	0.008690
94.636436	-0.008719
94.701927	-0.000791
94.726479	0.000997
94.801033	-0.000119
94.801720	0.000171
94.803154	0.000037
94.828728	-0.000205
94.942520	0.000098
94.995377	0.000002
95.043251	-0.000313
95.070427	0.022870
95.071045	-0.023057
95.072014	0.000325
95.198578	-0.000033
95.325264	0.000039
95.368164	0.000517
95.390205	-0.000431
95.480202	-0.000011
95.541168	-0.000164
95.669510	0.000383
95.817345	0.000128
95.833160	-0.000107
95.863914	-0.000152
95.921165	0.017912
95.921623	-0.017914
95.966583	-0.000011
96.001785	0.010519
96.003532	-0.010533
96.017960	0.000069
96.176392	-0.000124
96.236694	-0.000008
96.297165	-0.010943
96.298653	0.010902
96.359825	0.000114
96.502327	-0.000015
96.518799	-0.000292
96.575821	0.000203
96.714272	0.000049
96.864372	-0.000072
96.921021	0.000010
96.930054	-0.151114
96.930122	0.151042
96.990120	0.000083
97.039207	-0.000063
97.170952	0.001357
97.177635	-0.020282
97.178261	0.020280
97.178452	-0.001372
97.302383	0.000000
97.393898	0.000045
97.420929	0.146308
97.421112	-0.146466
97.491531	0.000030
97.499954	-0.000175
97.523956	-0.000046
97.656342	-0.000010
97.753258	0.000003
97.789627	-0.000209
97.795563	-0.000032
97.897118	0.000068
97.996246	0.000160
98.019562	0.000001
98.060982	-0.000074
98.082741	0.000046
98.233932	0.000080
98.242805	-0.136434
98.243126	0.136483
98.308594	-0.000551
98.333466	0.000397
98.404495	-0.000048
98.407227	0.067866
98.407913	-0.067959
98.434402	0.000241
98.546349	-0.000091
98.597015	-0.000005
98.651459	0.000168
98.676804	-0.017497
98.677162	0.017592
98.678818	-0.000128
98.804626	0.000008
98.928650	-0.000039
98.976135	-0.000624
98.995804	0.000627
99.082626	0.000020
99.148544	-0.000304
99.273811	0.000029
99.423523	-0.000069
99.435341	-0.000052
99.469627	0.000064
99.526703	-0.005316
99.528114	0.005486
99.570946	0.000069
99.607895	-0.013754
99.609528	0.013799
99.617790	-0.000065
99.783340	0.000156
99.842644	0.000025
99.904289	-0.132799
99.904442	0.132735
99.963181	-0.000111
100.104248	-0.000039
100.127571	0.000038
100.182030	0.000191
100.319023	-0.000005
100.466339	0.000024
100.526924	0.000029
100.536339	0.019783
100.536858	-0.019734
100.595032	-0.000034
100.640327	0.000096
100.777229	-0.001537
100.784348	-0.039080
100.784920	0.039071
100.785500	0.001419
100.908379	0.000053
100.998993	-0.000083
101.027649	-0.058697
101.027740	0.058809
101.099251	0.003054
101.105980	-0.003086
101.126869	0.000068
101.265091	-0.000181
101.358055	0.000243
101.397507	0.008018
101.401573	-0.007886
101.499878	-0.000049
101.605164	-0.000311
101.624908	-0.000002
101.661797	0.000083
101.687859	0.000107
101.838005	-0.000024
101.849266	0.019290
101.850655	-0.019171
101.913979	-0.000969
101.938354	0.001055
102.006668	-0.000005
102.012917	-0.003108
102.014168	0.003167
102.040161	-0.000074
102.150803	0.000102
102.195663	-0.000049
102.259102	0.000061
102.283775	0.034018
102.284164	-0.034186
102.284363	-0.000028
102.410599	-0.000055
102.531670	0.000105
102.584641	0.001635
102.603775	-0.001558
102.684517	-0.000045
102.756279	-0.000144
102.877892	0.000204
103.029907	-0.000118
103.037880	-0.000056
103.075005	0.000239
103.134117	0.011833
103.134514	-0.012046
103.174873	-0.000090
103.214577	0.007735
103.217278	-0.007674
103.217682	0.000061
103.391380	-0.000204
103.448441	-0.000038
103.510269	0.017526
103.512131	-0.017411
103.568298	0.000159
103.707466	-0.000015
103.735954	-0.000033
103.787804	-0.000229
103.923386	0.000096
104.069237	-0.000059
104.133331	-0.000085
104.142685	0.058393
104.143341	-0.058454
104.199959	0.000017
104.241165	-0.000004
104.384445	-0.000591
104.390953	0.000641
104.391098	0.005472
104.391533	-0.005545
104.515373	-0.000119
104.602798	0.000229
104.634224	0.027922
104.634895	-0.027806
104.707191	0.002489
104.713318	-0.002521
104.730873	-0.000143
104.872482	0.000149
104.963333	-0.000070
105.004669	0.000159
105.010361	-0.000327
105.103027	0.000124
105.214172	0.000196
105.230247	0.000012
105.264290	-0.000100
105.294441	-0.000039
105.442894	-0.000122
105.455032	-0.036467
105.455711	0.036361
105.522568	-0.000051
105.544273	0.000135
105.608887	0.000115
105.619965	-0.025491
105.620934	0.025420
105.644775	-0.000032
105.754906	-0.000043
105.795509	0.000029
105.866920	-0.000124
105.889633	0.011261
105.890556	-0.011115
105.891663	0.000020
106.015266	-0.000071
106.136902	0.000011
106.192474	-0.000567
106.210205	0.000515
106.285706	0.000038
106.362717	0.000040
106.482841	-0.000051
106.636902	-0.000139
106.639786	0.000011
106.680984	0.000020
106.740311	0.124458
106.740738	-0.124349
106.779381	0.000079
106.817970	-0.000046
106.822357	-0.309024
106.822525	0.308925
106.999245	-0.000033
107.054184	0.000093
107.117607	0.371486
107.117683	-0.371615
107.173714	-0.000075
107.310844	0.000029
107.344398	0.000105
107.392448	0.000115
107.528168	-0.000017
107.671494	-0.000050
107.739281	0.000067
107.749077	-0.083512
107.749573	0.083592
107.806030	-0.000004
107.841591	0.000025
107.992332	0.000385
107.997452	0.094063
107.997711	-0.093983
107.998177	-0.000362
108.122757	0.000059
108.207779	-0.000167
108.241043	-0.024635
108.241417	0.024487
108.313530	-0.004433
108.319771	0.004402
108.333817	0.000114
108.480209	0.000068
108.568382	0.000086
108.612488	-0.008886
108.615875	0.009188
108.706833	-0.000212
108.823166	-0.000092
108.836060	-0.000001
108.864731	0.000024
108.899422	-0.000139
109.047813	0.000086
109.061699	0.106345
109.061996	-0.106459
109.129166	0.001441
109.150772	-0.001667
109.210205	0.000051
109.227089	-0.129493
109.227242	0.129475
109.249260	0.000086
109.358566	0.000054
109.395592	-0.000093
109.474495	0.000055
109.495956	0.007299
109.497032	-0.000128
109.497093	-0.007263
109.622574	0.000141
109.740868	-0.000146
109.800789	-0.000439
109.817215	0.000376
109.888901	0.000025
109.969353	0.000192
110.086517	-0.000211
110.241974	0.000178
110.243629	0.000201
110.285919	-0.000173
110.346581	0.034501
110.346962	-0.034646
110.384872	-0.000061
110.418304	0.000008
110.427795	-0.017469
110.428841	0.017601
110.606667	0.000128
110.659286	0.000049
110.724060	-0.015934
110.725533	0.015983
110.777908	-0.000041
110.912880	-0.000024
110.953133	0.000080
111.000313	-0.000188
111.133835	-0.000067
111.275887	-0.000010
111.345825	-0.000003
111.355110	0.027522
111.356102	-0.027639
111.409996	-0.000008
111.442490	0.000010
111.597893	0.000165
111.602631	-0.011994
111.604065	-0.000159
111.604111	0.011975
111.728561	0.000111
111.812790	0.000087
111.847511	0.064484
111.848343	-0.064394
111.919647	0.003426
111.926704	-0.003415
111.937737	-0.000044
112.088058	0.000063
112.173721	-0.000233
112.219452	0.004103
112.222931	-0.004364
112.311096	0.000200
112.432083	0.000322
112.441345	-0.000017
112.466141	0.000050
112.505951	-0.000259
112.651024	0.000129
112.668617	-0.004847
112.669586	0.004971
112.736488	0.000456
112.756462	-0.000454
112.811935	-0.000060
112.833420	-0.313418
112.833511	0.313593
112.855469	0.000205
112.962212	-0.000037
112.995186	0.000125
113.082191	-0.000589
113.103477	0.064615
113.104057	-0.064745
113.104225	0.000638
113.227013	-0.000118
113.344643	0.000117
113.408760	0.001135
113.424721	-0.001081
113.491043	-0.000095
113.577446	0.000069
113.691399	-0.000164
113.846252	0.000066
113.850327	-0.000257
113.891518	0.000085
113.953148	-0.059926
113.953888	0.059990
113.988327	0.000102
114.020325	0.000018
114.033958	0.006636
114.035187	-0.006807
114.214638	0.000302
114.265327	-0.000347
114.331100	-0.010564
114.332512	0.010597
114.382339	0.000064
114.515060	-0.000016
114.561317	-0.000163
114.606277	0.000367
114.738449	-0.000154
114.879425	-0.000009
114.951675	-0.000035
114.960815	0.053980
114.961815	-0.053848
115.014786	-0.000024
115.043900	0.000036
115.205360	-0.000041
115.210510	0.305922
115.210579	-0.305869
115.210632	-0.000018
115.336487	0.000090
115.417824	-0.000214
115.454193	-0.050570
115.454674	0.050547
115.527939	-0.000906
115.532997	0.000949
115.541634	0.000114
115.695587	-0.000094
115.778900	0.000009
115.827103	-0.006909
115.829803	0.006981
115.913918	-0.000185
116.041176	-0.000356
116.047211	-0.000004
116.068260	-0.000055
116.111320	0.000137
116.257416	0.000140
116.274384	-0.350290
116.274460	0.350198
116.344101	-0.001108
116.362724	0.001264
116.414421	0.000036
116.438728	0.001665
116.440140	-0.001710
116.462234	-0.000214
116.565887	-0.000079
116.595726	-0.000062
116.689781	-0.000382
116.710091	0.000516
116.710175	-0.404181
116.710236	0.404207
116.834496	-0.000037
116.947510	-0.000072
117.016937	0.001790
117.030800	-0.001931
117.092285	0.000165
117.183952	-0.000046
117.295860	0.000147
117.447624	-0.000061
117.457695	0.000145
117.497459	0.000150
117.558990	-0.019891
117.559517	0.019969
117.592773	-0.000106
117.620087	-0.000082
117.640343	0.056588
117.640625	-0.056631
117.821663	-0.000165
117.870514	0.000126
117.937325	-0.027623
117.938484	0.027744
117.986359	-0.000074
118.116905	0.000078
118.169708	0.000151
118.212593	-0.000472
118.343437	0.000309
118.481567	-0.000152
118.557892	0.000073
118.567619	0.283156
118.567871	-0.283254
118.619682	0.000041
118.644547	-0.000028
118.811447	0.000936
118.816673	-0.027497
118.817047	0.027473
118.817383	-0.000950
118.942078	-0.000035
119.023552	0.000106
119.060417	0.098910
119.060684	-0.098804
119.134628	0.002673
119.140038	-0.002605
119.143463	-0.000185
119.302757	0.000105
119.384277	-0.000105
119.433632	-0.002515
119.436737	0.002614
119.516960	0.000223
119.649582	0.000155
119.652481	0.000021
119.670021	0.000141
119.717522	-0.000209
119.858856	-0.000101
119.880737	-0.486607
119.880852	0.486785
119.950447	0.001017
119.968826	-0.001162
120.016212	0.000061
120.045258	-0.044543
120.046288	0.044508
120.067139	0.000264
120.169601	-0.000061
120.195328	-0.000010
120.297722	0.000858
120.316711	-0.000252
120.316971	-0.001028
120.316986	0.000224
120.440262	0.000139
120.552635	0.000110
120.624619	-0.000986
120.636848	0.000812
120.696320	-0.000104
120.791924	0.000126
120.899963	0.000033
121.050819	-0.000101
121.063622	-0.000255
121.103477	0.000036
121.165718	-0.079929
121.166115	0.079959
121.197586	0.000089
121.220306	0.000078
121.247032	0.018837
121.248245	-0.018758
121.429337	0.000132
121.476997	-0.000204
121.544411	-0.017067
121.545097	0.017007
121.591774	0.000146
121.721115	-0.000262
121.778122	0.000410
121.818909	-0.000253
121.948929	-0.000234
122.085007	0.000136
122.164009	-0.000026
122.174294	-0.002682
122.174706	0.002684
122.225319	-0.000065
122.246445	0.000038
122.418488	0.003541
122.422997	0.135939
122.423302	-0.136058
122.423454	-0.003674
122.549698	-0.000076
122.627472	0.000106
122.667137	0.002147
122.667290	-0.002247
122.742035	0.002829
122.745636	-0.002822
122.747299	0.000114
122.911133	0.000295
122.988930	0.000025
123.041519	-0.029757
123.043465	0.029776
123.120979	-0.000323
123.258156	0.000564
123.258232	0.000010
123.271065	0.000016
123.323189	-0.000773
123.464027	0.000277
123.486572	0.206169
123.486839	-0.206372
123.557442	-0.000303
123.574654	0.000320
123.618423	-0.000113
123.652107	0.024931
123.652603	-0.024942
123.672638	-0.000214
123.774223	-0.000006
123.795555	-0.000053
123.904823	-0.000129
123.922836	0.000163
123.923248	-0.156831
123.923401	0.156863
124.046707	-0.000020
124.156570	-0.000113
124.231812	-0.000398
124.244492	0.000514
124.298149	0.000113
124.400017	-0.000100
124.505173	-0.000020
124.652298	-0.000015
124.670639	0.000209
124.708153	-0.000141
124.772003	-0.020318
124.772835	0.020210
124.802277	0.000003
124.820236	0.000066
124.853622	-0.007201
124.854164	0.007086
125.036835	0.000314
125.082268	-0.000239
125.150772	0.006542
125.151718	-0.006603
125.196136	-0.000162
125.323448	0.000176
125.386459	0.000399
125.425117	-0.000482
125.555382	0.000267
125.688156	-0.000163
125.770309	-0.000123
125.780273	-0.089620
125.780792	0.089677
125.829811	0.000168
125.846436	0.000027
126.024986	0.004166
126.029167	0.001598
126.029510	-0.001554
126.029594	-0.004050
126.155785	0.000195
126.232445	0.000018
126.273605	-0.425565
126.273689	0.425575
126.349129	0.004777
126.350548	-0.000208
126.353233	-0.005062
126.518913	-0.000101
126.594788	0.000055
126.648148	0.008957
126.650986	-0.009129
126.724472	0.000091
126.863777	-0.000019
126.867638	0.000158
126.873047	0.000071
126.929657	0.000227
127.068642	-0.000451
127.092674	-0.078209
127.093346	0.078338
127.163971	0.000865
127.181084	-0.000746
127.219734	0.000097
127.258842	0.020960
127.259071	-0.021013
127.277939	0.000186
127.377975	0.000039
127.395752	0.000068
127.512344	-0.001822
127.529709	0.001930
127.530174	0.012789
127.530464	-0.012770
127.652817	-0.000038
127.760399	0.000009
127.840240	0.000155
127.850960	-0.000138
127.900635	-0.000093
128.006912	0.000178
128.109192	0.000036
128.255905	0.000046
128.276932	-0.000233
128.314102	-0.000015
128.377609	-0.022344
128.378571	0.022487
128.405807	0.000030
128.421371	-0.000157
128.460434	-0.054151
128.460663	0.054218
128.644318	0.000045
128.688324	-0.000139
128.757935	0.001775
128.760147	-0.001783
128.799210	0.000126
128.926086	-0.000051
128.995041	-0.000231
129.031906	0.000541
129.160034	-0.000254
129.292053	-0.000071
129.376205	0.000023
129.386688	-0.056601
129.387344	0.056627
129.435028	-0.000026
129.447357	-0.000022
129.631302	0.001681
129.635590	-0.001955
129.635834	0.304198
129.635910	-0.304183
129.762405	0.000051
129.836777	-0.000191
129.880005	-0.075278
129.880554	0.075346
129.954010	0.000137
129.955872	-0.000535
129.959274	0.000678
130.126495	0.000324
130.199265	-0.000414
130.255569	-0.007681
130.257263	0.007600
130.328049	-0.000102
130.469345	-0.000007
130.475342	0.000015
130.477203	-0.000325
130.535339	0.000359
130.673981	0.000114
130.699646	-0.215998
130.699783	0.216015
130.769608	0.000784
130.786697	-0.000923
130.823380	-0.000036
130.865280	-0.033947
130.865707	0.034019
130.882172	-0.000037
130.982178	0.000013
130.996246	0.000004
131.119614	-0.000450
131.135269	0.000389
131.136444	-0.115939
131.136536	0.115992
131.258957	0.000044
131.363449	-0.000054
131.448990	-0.000669
131.458130	0.000570
131.501465	-0.000032
131.614426	0.000108
131.714661	-0.000134
131.859009	-0.000078
131.884094	-0.000391
131.919052	0.000591
131.984711	-0.379517
131.984818	0.379542
132.011841	-0.000110
132.022552	0.000083
132.066422	0.035887
132.066757	-0.036054
132.251694	0.000075
132.294876	-0.000046
132.364319	-0.000514
132.364975	0.000560
132.404388	-0.000039
132.526886	0.000036
132.603928	-0.000103
132.637772	-0.000179
132.765427	0.000276
132.895248	-0.000233
132.981766	0.000056
132.993164	0.000369
132.993210	-0.000451
133.039658	-0.000046
133.048965	0.000023
133.237930	-0.000588
133.241913	0.025570
133.242172	-0.025561
133.243011	0.000816
133.369064	0.000001
133.440674	-0.000156
133.485870	0.031435
133.486618	-0.031397
133.558029	0.000067
133.562851	-0.005160
133.566223	0.005188
133.733780	-0.000276
133.805252	0.000219
133.862488	-0.012510
133.863892	0.012646
133.931763	0.000141
134.074692	0.000011
134.076538	-0.000012
134.085587	0.000304
134.142166	-0.000475
134.278305	0.000196
134.305817	-0.538572
134.305893	0.538466
134.377579	0.000747
134.393127	-0.000897
134.426086	0.000062
134.471161	0.008925
134.471664	-0.008965
134.489136	0.000103
134.585342	-0.000002
134.594864	-0.000124
134.726868	0.001563
134.742401	-0.001635
134.742645	-0.001497
134.743118	0.001404
134.865067	0.000217
134.968781	-0.000197
135.055481	0.002492
135.064255	-0.002384
135.104172	0.000076
135.222076	-0.000569
135.319138	0.000324
135.462067	0.000058
135.490189	-0.000032
135.525330	0.000031
135.591003	0.313760
135.591232	-0.313889
135.615295	0.000014
135.622330	0.000000
135.672958	0.079440
135.673447	-0.079344
135.858109	0.000292
135.899841	-0.000418
135.971527	0.038221
135.971878	-0.038316
136.008194	0.000112
136.131119	-0.000039
136.211945	-0.000259
136.244934	0.000457
136.371735	-0.000056
136.498322	0.000127
136.588577	0.000020
136.599609	0.219145
136.599884	-0.219027
136.643875	0.000060
136.652069	0.000098
136.844940	0.002714
136.848190	-0.002889
136.848267	0.070357
136.848419	-0.070416
136.974503	0.000112
137.046997	0.000065
137.093399	0.087043
137.093674	-0.087073
137.161636	0.000003
137.169647	0.008026
137.172455	-0.008079
137.341949	0.000048
137.411423	-0.000276
137.469635	0.002460
137.471436	-0.002693
137.535324	0.000073
137.679123	-0.000050
137.680450	0.000008
137.693771	-0.000078
137.748032	0.000191
137.883011	-0.000110
137.912704	-0.246832
137.912811	0.246863
137.985916	-0.001497
137.998978	0.001642
138.028976	-0.000028
138.077820	-0.228722
138.078110	0.228659
138.095139	-0.000074
138.189941	-0.000057
138.196838	0.000082
138.334473	0.000580
138.348541	-0.000392
138.349655	0.220063
138.349915	-0.220191
138.471634	-0.000278
138.572342	0.000163
138.665085	-0.000274
138.671875	0.000341
138.708054	-0.000118
138.830490	0.000334
138.924515	-0.000070
139.065369	-0.000062
139.097458	-0.000219
139.130524	0.000370
139.196777	0.046816
139.197601	-0.046806
139.220108	-0.000093
139.224762	-0.000045
139.279129	-0.023350
139.279953	0.023460
139.466705	-0.000113
139.505966	0.000344
139.576950	0.010316
139.578461	-0.010260
139.613998	-0.000042
139.735779	-0.000124
139.819443	-0.000463
139.850815	0.000455
139.976624	0.000071
140.101685	-0.000120
140.194244	-0.000020
140.206696	0.011774
140.207886	-0.011771
140.249512	-0.000207
140.251755	-0.000075
140.450974	-0.000682
140.454300	0.000723
140.454529	-0.002575
140.454758	0.002587
140.582611	-0.000142
140.651596	0.000178
140.700867	-0.021620
140.701050	0.021603
140.765411	-0.000062
140.777161	0.002806
140.779510	-0.002853
140.950546	0.000043
141.016205	0.000338
141.077850	0.001127
141.078400	-0.000968
141.139908	-0.000206
141.280457	0.000035
141.286362	0.000008
141.304428	-0.000262
141.354660	0.000328
141.489487	-0.000175
141.519302	0.035702
141.519684	-0.035678
141.591171	0.000436
141.604935	-0.000289
141.632706	0.000246
141.683548	-0.009454
141.684616	0.009478
141.700485	-0.000032
141.791641	0.000003
141.797409	-0.000073
141.941483	-0.000024
141.955338	0.000113
141.957291	-0.048976
141.957657	0.048968
142.077621	0.000227
142.177444	-0.000180
142.271790	0.003150
142.279190	-0.003028
142.308853	0.000065
142.438965	-0.000100
142.530609	0.000000
142.669601	0.000085
142.703537	0.000459
142.736679	-0.000324
142.804825	0.123989
142.805084	-0.123952
142.824921	0.000121
142.827011	0.000094
142.885086	0.001193
142.886230	-0.001303
143.073990	-0.000491
143.111938	0.000134
143.185547	0.156982
143.185760	-0.157026
143.219147	0.000065
143.339172	0.000158
143.429169	0.000140
143.458115	0.000073
143.584076	-0.000126
143.704422	-0.000078
143.800995	0.000152
143.815552	-0.000175
143.815887	0.000243
143.852554	0.000003
143.853745	0.000032
144.057480	0.004288
144.060791	-0.004265
144.062317	0.084913
144.062607	-0.084709
144.188507	0.000181
144.256989	0.000006
144.309464	0.062283
