1.056471	-0.000000
1.059301	0.000000
3.466852	0.000000
3.467373	-0.000000
4.598737	0.000004
4.600657	-0.000002
5.573071	-0.000102
5.574731	0.000119
6.536520	-0.000106
6.537840	0.000083
6.961002	0.000001
6.961661	0.000070
7.374053	0.004640
7.374451	-0.004692
8.175896	-0.001948
8.177003	0.001994
8.378117	-0.002789
8.378941	0.002773
8.849349	0.000947
8.850735	-0.000777
8.972485	-0.030865
8.973043	0.030933
9.719995	0.003873
9.725620	-0.004543
9.924378	-0.017343
9.925469	0.017318
10.009443	0.009810
10.019521	-0.009987
10.469353	0.007758
10.478502	-0.007282
10.503933	-0.097472
10.504591	0.096031
10.815953	-0.006813
10.838868	0.007268
10.961688	0.022820
10.962512	-0.022908
11.178151	-0.000076
11.224768	0.000214
11.226712	-0.000062
11.283932	-0.001340
11.303738	0.001525
11.347090	-0.000059
11.458073	-0.000039
11.548761	0.000054
11.792090	0.000934
11.799174	-0.001540
11.815627	0.001424
11.834194	-0.001066
11.903996	-0.000531
12.040284	-0.000120
12.152692	0.000196
12.229954	0.000089
12.307240	0.005103
12.312268	-0.003605
12.403663	0.001943
12.453917	-0.001069
12.531648	0.000056
12.553821	0.000225
12.627071	-0.000349
12.695663	-0.000337
12.741488	0.000136
12.786622	-0.000648
12.852499	-0.000085
12.945020	-0.000647
13.016274	0.000248
13.156325	0.000004
13.342235	0.000881
13.369065	-0.001036
13.428867	0.000359
13.468920	0.000666
13.636636	-0.001494
13.786936	-0.000396
13.858276	-0.003367
13.872685	0.001959
13.872997	0.001922
13.953035	0.000164
13.971847	0.000302
14.091352	0.001582
14.133689	-0.000367
14.151177	0.000719
14.242974	0.007558
14.243446	-0.007643
14.400691	-0.000145
14.506399	0.000273
14.576108	-0.000782
14.672262	0.000651
14.818544	0.000694
14.884124	0.000377
14.905966	0.000238
15.012026	0.002247
15.022753	-0.005665
15.027173	0.001959
15.114799	0.003515
15.118107	-0.002637
15.179150	0.000184
15.197389	-0.000244
15.246707	0.000683
15.317695	-0.000152
15.435883	0.004260
15.448956	-0.006090
15.479871	-0.000626
15.544036	-0.001326
15.557505	0.001038
15.670498	0.000624
15.714397	0.001319
15.732821	0.000042
15.810203	-0.000018
15.926604	-0.000126
15.969660	0.000662
16.047754	0.000141
16.094774	0.000287
16.100395	-0.000608
16.183664	0.000021
16.258930	-0.000391
16.298527	0.000183
16.334805	-0.001390
16.391214	-0.000588
16.497755	-0.000135
16.528603	0.002155
16.540649	-0.001989
16.600637	0.000224
16.617220	-0.000110
16.664747	0.000045
16.735687	0.000066
16.748081	-0.000458
16.908875	-0.000181
17.037119	0.000181
17.078791	-0.001100
17.119864	0.000362
17.191296	0.000046
17.291069	-0.000017
17.355576	0.000020
17.474695	-0.000206
17.534920	-0.000212
17.562422	-0.000769
17.598480	0.000644
17.644829	-0.000295
17.663866	0.000570
17.679855	0.000488
17.797476	0.000561
17.826620	-0.000214
17.880207	-0.000277
17.914999	-0.001918
17.941467	0.001445
17.967527	-0.000170
18.197987	0.000064
18.215708	-0.000052
18.285707	-0.000157
18.361454	-0.000302
18.411804	0.000078
18.450779	-0.000088
18.576492	-0.000062
18.614721	0.000395
18.666332	0.000134
18.740673	0.001684
18.756212	0.000269
18.840874	0.000152
18.849348	-0.000687
18.957542	-0.000108
19.049101	-0.001426
19.103746	0.004419
19.124708	-0.001922
19.132631	-0.000152
19.150414	0.007460
19.163431	-0.008192
19.245939	0.002782
19.253973	-0.003236
19.314837	0.000121
19.369135	-0.000078
19.395824	-0.000423
19.440666	0.000950
19.480391	0.001209
19.498426	-0.001067
19.626989	0.000337
19.780664	-0.000047
19.816652	-0.000114
19.870703	0.000906
19.914593	0.000362
19.994946	0.000098
20.008081	-0.000001
20.065098	-0.000036
20.074574	0.000146
20.142900	0.000090
20.216784	-0.000572
20.244030	-0.000897
20.253532	0.003669
20.263536	-0.002674
20.326763	0.000135
20.367697	0.000034
20.414017	-0.000404
20.454887	-0.000669
20.544617	0.000451
20.658342	-0.000113
20.789547	0.000050
20.824827	0.000166
20.915339	-0.000172
20.944656	-0.000167
20.962770	-0.000228
21.016706	-0.000189
21.057905	0.000125
21.192503	-0.001580
21.218323	0.000484
21.248161	0.001126
21.325356	0.002003
21.338898	-0.001356
21.383034	-0.000709
21.483608	0.000275
21.580038	-0.001432
21.596092	0.001091
21.647110	0.000458
21.671373	-0.000051
21.692764	0.000088
21.765404	0.000594
21.885294	0.007918
21.885504	-0.006882
21.952045	-0.000583
22.065027	-0.000179
22.101450	0.000167
22.262192	-0.000168
22.336140	0.000104
22.366026	-0.000257
22.393080	0.000898
22.395018	-0.001261
22.521238	0.000017
22.526289	-0.000799
22.546270	0.000803
22.697649	-0.000227
22.738728	0.003158
22.746952	-0.003035
22.810802	-0.000422
22.884399	0.000215
22.899439	-0.000818
22.932375	0.006009
22.936691	-0.005424
22.992804	-0.000413
23.066853	-0.000388
23.078262	-0.000089
23.111422	-0.000518
23.167376	0.000161
23.216051	0.000227
23.272121	-0.000089
23.284515	0.000449
23.469328	-0.000041
23.472115	-0.000391
23.562246	-0.000040
23.640503	-0.000572
23.670097	0.000476
23.690908	-0.000322
23.791937	-0.001027
23.799921	0.002640
23.830839	0.000581
23.891819	-0.000677
23.953201	-0.000397
24.011137	-0.000060
24.054838	0.001336
24.097401	-0.001143
24.163210	0.000430
24.227505	0.000695
24.260286	-0.000634
24.318956	0.000227
24.389458	-0.000176
24.438250	0.000265
24.534567	0.000177
24.565901	-0.000266
24.690567	0.000222
24.728912	-0.000642
24.801615	-0.000224
24.867493	-0.000072
24.876520	-0.000214
24.906153	0.000526
24.964882	-0.000117
25.007528	0.000245
25.063797	0.000308
25.123156	-0.000246
25.146233	0.000341
25.158579	0.000068
25.245956	-0.000446
25.306973	0.000640
25.348820	-0.000408
25.468643	0.000005
25.538885	-0.000809
25.554983	0.001010
25.597351	-0.000306
25.708984	-0.000052
25.762823	-0.000498
25.831636	-0.000378
25.913296	0.000162
25.963411	-0.000091
25.989477	0.000089
26.125887	0.000015
26.163422	-0.000708
26.205248	0.002507
26.208393	-0.002088
26.340937	0.000628
26.363867	-0.000080
26.385118	-0.000734
26.471849	-0.000528
26.488533	-0.000170
26.514721	0.000759
26.577698	-0.014641
26.628160	0.004132
26.647167	0.011486
26.697325	-0.000623
26.812643	-0.000138
26.835848	0.000136
26.849695	-0.000734
26.875954	0.001706
26.914125	-0.000461
27.075060	-0.000273
27.081692	0.000121
27.173759	0.000251
27.252939	0.000300
27.265160	0.000025
27.318626	0.000193
27.350477	-0.001025
27.394102	0.000558
27.522671	0.001637
27.537878	-0.000902
27.590942	-0.000120
27.693712	0.000348
27.696472	-0.000785
27.764523	0.001730
27.781820	-0.001899
27.887699	0.000374
27.914122	0.000391
27.935030	0.000108
28.005718	0.000517
28.020494	0.000533
28.108032	0.000000
28.141359	-0.000352
28.199793	0.000513
28.396217	-0.000729
28.415588	0.000999
28.499092	-0.001614
28.506243	0.000632
28.538929	0.000055
28.573923	0.001239
28.589130	-0.000723
28.684441	0.001193
28.709118	-0.000631
28.732119	-0.004372
28.737782	0.003575
28.847044	-0.000360
28.941807	0.000679
29.011059	0.000647
29.030411	0.006965
29.032835	-0.007797
29.200531	0.002077
29.203653	-0.004804
29.208517	0.002503
29.261810	-0.000118
29.412479	0.000860
29.486591	-0.000040
29.577900	0.000746
29.583241	-0.000882
29.632107	-0.000040
29.747704	0.000409
29.816174	0.001090
29.857382	-0.001012
29.883078	0.000379
29.939465	-0.000999
30.029676	-0.000108
30.056511	0.001480
30.081974	-0.001822
30.113873	-0.000903
30.187708	0.000353
30.272696	0.000023
30.328625	0.000025
30.347427	0.000203
30.453857	-0.000044
30.483046	0.009108
30.485580	-0.009836
30.519785	-0.000203
30.540083	0.000403
30.605145	-0.000669
30.663839	0.000828
30.730055	-0.000515
30.827141	-0.000200
30.851669	0.000212
30.967495	0.000108
31.017605	0.000894
31.049093	-0.001424
31.052620	0.000280
31.122044	0.000324
31.249006	-0.001243
31.309475	-0.000239
31.319057	0.000798
31.371277	-0.000489
31.436567	0.000526
31.483587	-0.000275
31.498421	0.000438
31.511362	-0.000539
31.651821	0.000446
31.671436	-0.001207
31.696228	-0.000362
31.745741	-0.002304
31.771568	0.002412
31.977182	0.000578
32.033615	-0.000018
32.061081	-0.001131
32.094929	0.000081
32.144115	-0.000330
32.146397	0.001237
32.234219	0.000268
32.317108	-0.000094
32.348095	-0.002250
32.354603	0.002166
32.438744	0.002018
32.444710	-0.001440
32.570389	0.005446
32.574707	-0.003785
32.610283	-0.001510
32.708279	-0.000053
32.732872	-0.003717
32.742165	0.004031
32.828285	-0.000019
32.852524	-0.000428
33.040524	0.000406
33.059704	-0.000271
33.153221	-0.000438
33.218185	0.000333
33.273468	-0.000090
33.294556	-0.000047
33.390984	-0.000574
33.444431	0.001171
33.500549	-0.000901
33.532257	-0.000069
33.663284	-0.000690
33.671459	0.004631
33.681999	-0.003750
33.736691	0.000015
33.843655	0.001327
33.879421	-0.000564
33.931690	-0.000673
33.967003	0.000524
34.005863	-0.000043
34.061241	-0.000172
34.132332	0.000234
34.171822	-0.006337
34.174488	0.007261
34.211010	-0.000911
34.245171	-0.000002
34.319962	0.000389
34.398045	-0.000260
34.466457	-0.000264
34.473866	-0.000245
34.626148	-0.000307
34.674755	-0.001268
34.681286	0.006467
34.698311	-0.004772
34.866547	-0.000875
34.908615	-0.000165
34.923218	0.000624
35.019871	-0.000008
35.029655	0.000077
35.066723	-0.000030
35.091022	0.000280
35.116688	0.000653
35.168179	-0.000154
35.300350	-0.000627
35.314995	0.000987
35.383804	0.000090
35.427383	-0.000682
35.475204	0.000481
35.583874	-0.000470
35.684799	-0.002969
35.686592	0.003600
35.705090	0.000499
35.768936	-0.000412
35.887650	-0.000079
35.926968	0.000179
36.016685	0.035706
36.019077	-0.035038
36.035618	-0.000562
36.123611	-0.000135
36.169643	-0.002856
36.172726	0.002993
36.223331	0.000324
36.266991	-0.000585
36.391716	0.001161
36.420570	-0.001178
36.448044	-0.000044
36.482216	0.000307
36.650784	0.000520
36.662300	-0.000260
36.747189	-0.000942
36.761837	0.000694
36.876263	0.000187
36.907207	-0.000042
37.042168	0.000856
37.062916	0.000904
37.121937	-0.000047
37.134132	-0.001675
37.271225	0.000058
37.279415	0.000501
37.313896	-0.000787
37.338448	0.001100
37.357437	-0.000147
37.495083	0.000747
37.577782	0.001859
37.589092	-0.002255
37.636459	-0.001703
37.655098	0.001380
37.759399	0.003802
37.767994	-0.006742
37.783382	0.002616
37.807636	0.002589
37.821049	-0.002415
37.897621	-0.000115
37.964767	0.000120
37.984295	-0.000009
38.082485	0.000265
38.207714	-0.000015
38.273392	0.002230
38.311596	-0.003145
38.335842	0.000448
38.379597	0.000250
38.504574	0.001842
38.536816	-0.001588
38.618149	-0.002022
38.637806	0.000968
38.664288	-0.001095
38.696281	0.001928
38.734261	-0.000689
38.782684	-0.000038
38.881859	0.000116
38.915546	-0.000196
38.919945	0.000168
38.987610	-0.000943
39.048016	0.000732
39.160564	0.000075
39.285992	-0.000280
39.299179	0.000011
39.361294	-0.000048
39.400169	0.000777
39.527977	0.002757
39.561913	-0.002775
39.652431	-0.006287
39.658337	0.013554
39.672337	-0.008052
39.705479	0.000798
39.779797	-0.001303
39.795731	0.001098
39.871006	-0.001480
39.892147	0.001152
40.039612	-0.003187
40.057747	0.002486
40.076839	0.000422
40.129642	0.000172
40.244232	0.002973
40.247959	-0.003319
40.283230	0.000064
40.397438	0.000100
40.507328	0.000129
40.542088	-0.000250
40.683933	-0.002292
40.686169	0.000806
40.737209	0.001391
40.761452	-0.000243
40.827221	0.000272
40.893021	-0.002712
40.923328	-0.000023
40.940201	0.002211
40.978729	-0.000018
41.118816	-0.000293
41.200745	-0.000089
41.221706	0.000544
41.252171	0.001994
41.258144	-0.000670
41.274460	0.000592
41.323467	-0.002334
41.350773	0.001642
41.386620	-0.000768
41.453083	-0.000587
41.508018	-0.000581
41.575859	0.000389
41.585438	0.000662
41.690041	0.000071
41.761066	-0.000358
41.793987	-0.000577
41.874207	0.000393
41.983753	0.000186
41.989216	-0.001263
42.106018	0.000681
42.155842	-0.000646
42.225224	-0.000575
42.249577	0.001517
42.277962	-0.001931
42.295525	0.003316
42.306198	0.000897
42.340199	-0.002768
42.405476	0.000962
42.490158	-0.000883
42.505947	0.000217
42.573994	0.000518
42.615391	-0.000479
42.802563	-0.000063
42.877197	-0.000037
42.942211	0.000752
43.028412	-0.009021
43.029812	0.008790
43.155819	0.000635
43.176579	-0.001053
43.270004	0.002832
43.275463	-0.004752
43.300514	0.004371
43.305202	-0.002425
43.386829	0.000112
43.425262	-0.000314
43.507610	0.000859
43.529709	-0.000316
43.664196	-0.000755
43.673115	0.001119
43.700974	0.001232
43.744919	-0.002383
43.836342	0.015115
43.838078	-0.014616
43.894413	-0.000130
44.035706	-0.000148
44.133366	-0.000047
44.155464	-0.000398
44.239834	0.000579
44.310772	-0.001469
44.380627	0.001698
44.405495	0.000267
44.467991	0.000109
44.499165	-0.002125
44.534988	0.000621
44.568615	0.001801
44.590706	-0.000332
44.735851	-0.000190
44.790508	0.001528
44.798794	-0.004070
44.818069	-0.004508
44.827518	0.008830
44.858246	-0.001792
44.915684	-0.016477
44.922050	0.015608
44.981777	0.000474
45.116360	-0.000041
45.139206	0.000048
45.191029	-0.000063
45.217178	-0.000676
45.292282	0.001290
45.303436	0.000067
45.337757	-0.000811
45.468334	0.000523
45.619476	0.054175
45.619793	-0.053311
45.707104	0.004624
45.710266	-0.004996
45.784939	-0.000848
45.839607	0.000463
45.878433	-0.010605
45.883770	0.008461
45.885990	0.000823
45.958797	0.000439
46.015282	0.000466
46.050552	-0.000734
46.089497	-0.000529
46.173584	-0.004337
46.178967	0.004356
46.435143	-0.000015
46.475521	-0.000101
46.597527	0.000105
46.648743	0.000533
46.692020	-0.000215
46.766750	-0.001300
46.782322	0.000914
46.856884	-0.000064
46.887363	0.001025
46.916218	-0.426415
46.916447	0.426118
46.985073	-0.000978
47.017788	0.001071
47.112255	-0.001704
47.187218	0.001026
47.268234	0.000496
47.302761	-0.000577
47.322109	-0.000693
47.335621	0.001829
47.460205	-0.001514
47.468987	0.001435
47.505665	-0.000746
47.666668	0.000369
47.709877	0.000289
47.758507	0.000222
47.827278	0.000362
47.924961	0.000088
47.989300	-0.000174
48.071396	0.097109
48.072533	-0.097851
48.137215	-0.000048
48.146297	0.001081
48.190815	-0.003495
48.195316	0.002710
48.327522	-0.020576
48.330425	0.020109
48.360958	0.002093
48.382526	-0.001097
48.387203	0.000602
48.433533	-0.001298
48.565037	0.072102
48.566719	-0.071902
48.584335	-0.001060
48.759136	0.000537
48.775158	-0.000114
48.808086	-0.000067
48.860416	0.001014
48.873692	-0.000776
48.915234	0.000729
48.951195	-0.000212
49.063248	-0.000141
49.235405	-0.005798
49.237991	0.012449
49.239632	-0.006960
49.308064	-0.000545
49.362438	0.000298
49.403339	0.000700
49.466885	-0.012847
49.468422	0.012567
49.483833	0.000321
49.566525	-0.000169
49.639744	-0.031293
49.644802	0.032049
49.676945	0.000387
49.741959	-0.000633
49.797756	-0.000273
50.017891	0.000103
50.111553	-0.000770
50.243420	-0.001672
50.274071	0.001778
50.332592	-0.000268
50.372959	0.000388
50.387161	-0.000688
50.442558	0.000074
50.491974	0.001248
50.499561	-0.015448
50.505104	0.014333
50.585091	-0.000206
50.593765	0.000098
50.735508	0.001282
50.831566	0.000731
50.878536	-0.000964
50.924938	0.000438
50.931919	0.029039
50.933102	-0.029821
51.099529	0.001042
51.118179	0.002638
51.127655	-0.003635
51.278938	-0.000910
51.289413	0.000874
51.358955	-0.000143
51.409149	-0.000365
51.527924	-0.001223
51.591232	0.001322
51.633450	-0.000050
51.663807	-0.000124
51.745998	0.000265
51.777573	-0.001009
51.826626	0.000065
51.847630	0.013965
51.855282	-0.013975
51.891850	0.000567
51.928055	0.000553
51.945980	-0.001157
52.028236	-0.000948
52.034378	0.001609
52.187290	0.000739
52.210392	-0.014918
52.213570	0.014061
52.370327	0.003562
52.388500	-0.003663
52.446693	0.003256
52.462708	-0.005018
52.528671	0.000512
52.549110	0.001035
52.607391	-0.000194
52.666607	0.000780
52.830017	-0.012267
52.836327	0.011755
52.859108	0.000424
52.895382	-0.000230
52.928478	0.000089
52.954105	-0.000324
53.041290	-0.003588
53.049526	0.003180
53.067829	0.001093
53.152802	-0.000674
53.279789	-0.006375
53.282238	0.008199
53.300243	-0.002364
53.316086	-0.000924
53.427910	0.000518
53.593830	0.000053
53.735733	0.000358
53.874130	0.000803
53.886211	-0.000646
53.952942	-0.002458
53.968811	0.005410
53.990967	-0.002849
54.030987	0.000563
54.059765	0.034570
54.060940	-0.034496
54.109520	-0.000364
54.154716	-0.000659
54.228874	0.000769
54.360973	-0.000213
54.470177	-0.004984
54.487572	0.004749
54.537918	-0.115485
54.538174	0.115795
54.555302	-0.000471
54.706348	0.000193
54.748287	-0.001061
54.791592	0.000968
54.867226	-0.000576
54.916668	0.000648
54.967640	0.000202
54.968868	0.000806
55.120136	0.000484
55.153088	-0.001225
55.176914	-0.000945
55.220520	0.000213
55.349323	0.000238
55.370239	0.000156
55.395275	0.002588
55.438599	-0.003291
55.449093	0.000364
55.503967	0.000036
55.540104	-0.000002
55.600384	0.000318
55.626106	0.000023
55.689442	-0.000170
55.799347	-0.000159
55.852932	0.061703
55.853870	-0.061532
55.970795	-0.002110
55.983150	0.002186
56.067768	-0.016774
56.072712	0.017682
56.157990	0.000040
56.197803	-0.000036
56.259605	-0.000471
56.316483	-0.000084
56.403393	-0.004402
56.408672	0.004259
56.480648	0.001449
56.493061	0.000446
56.521339	-0.001329
56.571640	-0.000662
56.612713	-0.001102
56.624992	0.001087
56.659000	-0.000287
56.745865	-0.000001
56.885418	0.000616
56.894958	-0.000170
56.933456	0.002770
56.977573	-0.001202
57.057484	-0.000484
57.180725	0.000258
57.351776	-0.000253
57.485989	0.001055
57.488075	-0.000797
57.543770	-0.002638
57.548008	0.001869
57.582092	-0.000560
57.597755	0.003608
57.619213	0.000056
57.635990	-0.002313
57.733032	0.009966
57.734901	-0.009709
57.873173	0.000791
57.978928	-0.001147
58.105072	0.002038
58.105183	-0.000901
58.157089	0.075845
58.157890	-0.077043
58.175797	-0.000174
58.303833	0.000161
58.345020	0.000123
58.446510	-0.000229
58.478016	0.000257
58.525146	-0.000052
58.556423	-0.000711
58.577187	-0.000060
58.641727	0.001281
58.712200	-0.000177
58.743629	0.000513
58.771633	-0.000571
58.954990	-0.000352
58.967331	-0.000596
58.972694	0.001222
59.026909	-0.000677
59.040348	-0.000082
59.087406	0.001301
59.173328	-0.001491
59.233578	0.000423
59.293201	0.000097
59.368771	0.000130
59.413761	-0.000968
59.488495	-0.244977
59.491447	0.245232
59.566269	0.005750
59.569290	-0.006054
59.688095	0.026071
59.690571	-0.026778
59.787964	-0.000608
59.808918	0.000309
59.862514	0.000761
59.921093	-0.001167
59.980679	0.000892
60.055515	0.002884
60.057697	-0.002050
60.087406	-0.000376
60.123669	-0.000181
60.175140	-0.001429
60.193363	0.001518
60.253185	0.000571
60.316216	-0.000049
60.345829	-0.000849
60.477955	-0.001514
60.493984	0.001551
60.583778	0.001175
60.667278	0.000181
60.689064	0.001079
60.772274	-0.002491
60.956894	0.000797
61.065369	-0.000157
61.090019	0.000060
61.102371	-0.000489
61.116440	-0.000724
61.140343	0.001279
61.165619	-0.000221
61.200954	-0.002247
61.240498	0.001505
61.325108	-0.000554
61.367332	0.000614
61.522461	-0.000663
61.588840	0.000041
61.729198	0.002764
61.731579	-0.004542
61.778809	-0.008598
61.780334	0.010711
61.799503	-0.000325
61.874977	-0.000109
61.942379	0.000132
62.040302	0.001021
62.075813	0.000188
62.122402	0.000244
62.133034	-0.001295
62.191391	-0.000156
62.216541	0.000216
62.286083	0.001151
62.305630	-0.000911
62.344883	-0.000992
62.554642	-0.000672
62.566406	0.000226
62.570171	-0.000076
62.621170	-0.013546
62.623772	0.014634
62.679279	0.000014
62.791241	-0.000761
62.862087	0.000417
62.960716	-0.000084
63.031067	0.000027
63.063011	-0.000225
63.112827	0.018054
63.114094	-0.017086
63.151115	0.014227
63.155663	-0.013447
63.284817	-0.000360
63.328205	0.000424
63.375427	-0.000517
63.417652	0.001031
63.438961	-0.000131
63.503387	-0.000619
63.594864	0.000324
63.634644	0.000981
63.644630	-0.000873
63.730309	-0.000677
63.751091	0.000275
63.758980	0.000743
63.794132	-0.000068
63.858772	-0.001379
63.946953	0.000652
64.058296	0.000551
64.061249	0.000350
64.100433	-0.000418
64.229347	0.000005
64.317001	-0.000845
64.364922	0.000147
64.371529	0.000449
64.553810	-0.000299
64.625282	-0.000588
64.632774	-0.001993
64.674919	0.002411
64.695244	-0.002494
64.718742	0.000632
64.743919	0.001995
64.789589	0.001176
64.832108	-0.000540
64.928665	-0.000452
64.999107	0.000479
65.168617	0.001980
65.199547	-0.001369
65.356316	-0.016487
65.359001	0.017447
65.397881	-0.006289
65.409592	0.004828
65.421776	0.000326
65.437042	0.000563
65.548653	-0.000341
65.564545	-0.000319
65.624886	0.000211
65.692032	0.000196
65.732239	0.000041
65.808014	0.000190
65.851540	-0.004193
65.877098	0.000233
65.877907	0.002566
65.935112	0.001918
66.165024	-0.000811
66.172897	-0.000700
66.180962	0.001706
66.218208	-0.004220
66.231628	0.003237
66.273766	0.000411
66.401100	0.000233
66.493294	-0.000554
66.613152	-0.000102
66.655251	-0.000610
66.722343	0.297646
66.726891	0.002246
66.735062	-0.300032
66.746834	0.002219
66.750748	0.000038
66.854279	-0.001379
66.889694	-0.000095
67.007324	-0.000256
67.023392	0.000128
67.048897	-0.000357
67.107033	0.000402
67.196915	0.009415
67.212379	-0.009214
67.246925	-0.000057
67.288017	-0.001322
67.324081	0.001086
67.381805	0.001201
67.465569	-0.000857
67.498306	-0.000142
67.558533	0.000051
67.644447	-0.000061
67.706352	-0.000131
67.789780	0.000353
67.870796	-0.000705
67.947128	-0.000065
67.974945	0.000256
68.065750	-0.000182
68.130409	0.002088
68.175529	0.000664
68.178558	-0.002330
68.245956	-0.000678
68.301292	-0.003056
68.313141	0.004927
68.324402	-0.001792
68.385086	0.000103
68.417892	0.000088
68.530762	0.000087
68.627007	-0.000267
68.811119	-0.009526
68.812561	0.009631
68.974525	-0.001196
68.982483	0.012742
68.983063	-0.011564
69.032715	-0.028275
69.039650	0.028454
69.049973	-0.000528
69.085991	0.000614
69.127556	-0.000835
69.156479	0.000152
69.302864	-0.000022
69.330002	-0.000369
69.413147	0.003152
69.433571	0.000743
69.442154	-0.003725
69.527176	0.001003
69.532982	-0.000206
69.780594	-0.000767
69.787758	-0.000007
69.799782	0.000954
69.821480	0.000467
69.851799	-0.000355
69.876007	0.000152
70.010506	-0.000336
70.116516	0.001499
70.247787	0.000214
70.291435	0.000278
70.309441	0.002177
70.325752	-0.005510
70.339424	0.000458
70.341545	0.001204
70.393318	0.000952
70.421501	0.005279
70.434143	-0.006961
70.634460	0.000247
70.656441	-0.001728
70.690163	0.000882
70.714012	0.002032
70.779701	-0.002967
70.786934	0.003321
70.848969	0.000302
70.879730	-0.000583
70.887115	-0.000945
71.016449	-0.000893
71.075516	-0.000059
71.138077	0.000979
71.228226	0.000456
71.232651	0.000103
71.308647	-0.000402
71.500717	0.003894
71.505554	-0.003414
71.573433	-0.003023
71.580986	0.002799
71.689766	0.002286
71.716156	-0.003612
71.731300	0.001831
71.768349	0.000410
71.853951	-0.000974
71.901016	0.002144
71.905525	0.007837
71.913460	-0.010245
71.981010	-0.002558
72.009544	0.002936
72.125725	-0.000070
72.247047	0.000211
72.427422	0.001489
72.447433	-0.001321
72.537056	0.000218
72.591263	0.004450
72.605316	-0.004520
72.623749	0.001967
72.643692	-0.003077
72.661713	0.010106
72.663239	-0.009017
72.675133	0.000556
72.769707	-0.000432
72.908546	-0.000346
72.921379	-0.000023
72.980537	-0.006308
73.010056	0.006331
73.051895	-0.000444
73.136703	-0.002624
73.167023	0.003465
73.393883	0.000373
73.419571	-0.001808
73.424919	0.005025
73.434875	0.000193
73.478096	-0.001491
73.480888	-0.001852
73.623169	0.000122
73.735695	-0.000618
73.872940	0.000251
73.887871	-0.004928
73.893051	-0.001051
73.919456	0.007003
73.929871	-0.001111
73.935661	0.000359
73.981850	0.002513
73.982132	-0.002668
74.086983	-0.000657
74.257256	-0.001214
74.289368	-0.001017
74.316620	0.000235
74.351440	-0.006864
74.366173	0.039925
74.366371	-0.031594
74.416412	-0.000337
74.453979	-0.000112
74.513618	0.000251
74.648621	0.001263
74.685547	-0.001376
74.744675	-0.000300
74.812759	-0.000013
74.910965	-0.000054
74.920418	0.000621
75.135048	-0.000709
75.182289	0.005396
75.188438	-0.004056
75.202599	0.000001
75.250389	0.000490
75.270332	-0.001438
75.284843	0.000571
75.455864	-0.008441
75.477531	0.003541
75.478188	0.000481
75.514359	0.026710
75.516121	-0.024963
75.583984	0.004737
75.603195	-0.003363
75.715034	0.001032
75.861664	-0.000335
76.036781	0.000998
76.076759	-0.002094
76.101601	-0.000029
76.142212	0.005855
76.162651	-0.004905
76.229538	-0.037821
76.230888	0.038046
76.288734	0.022973
76.293755	-0.023858
76.303787	0.001757
76.381073	-0.000636
76.510002	0.004453
76.510788	-0.002833
76.548187	-0.001091
76.575157	-0.000172
76.680473	-0.000455
76.737305	0.000006
76.797852	-0.000053
77.005043	0.000665
77.039955	0.000074
77.047043	-0.000905
77.080338	-0.001798
77.094421	0.000239
77.122368	0.001709
77.236816	0.000021
77.352402	-0.000650
77.436409	0.004760
77.462563	-0.004215
77.468307	0.001879
77.498627	0.000041
77.531212	-0.001795
77.561722	-0.000347
77.571159	0.022570
77.573303	-0.021456
77.734558	0.000098
77.876801	0.000203
77.904747	0.001295
77.910301	-0.001001
77.949196	0.035477
77.951225	-0.034547
77.994690	-0.000219
78.014130	-0.000816
78.019485	0.000257
78.138817	-0.000509
78.274483	-0.003434
78.297737	0.003338
78.352478	0.000115
78.398079	0.000457
78.508957	-0.000310
78.596718	-0.000172
78.755127	-0.000415
78.766159	-0.000285
78.811478	0.000591
78.826271	-0.010368
78.833450	0.011030
78.852066	0.000236
78.876282	-0.000596
79.056900	-0.000067
79.105453	-0.001698
79.123108	-0.870574
79.123291	0.872401
79.128181	0.000481
79.192146	0.000211
79.202400	-0.000555
79.300323	-0.000123
79.470451	0.000115
79.640594	-0.000508
79.667473	0.000007
79.689636	0.005704
79.699249	-0.013959
79.720230	0.007635
79.840416	-0.021121
79.841293	0.021082
79.923401	-0.000713
79.929436	0.003442
79.930786	-0.003822
79.997498	0.001133
80.098106	-0.013326
80.104759	0.012198
80.121277	-0.001741
80.141632	0.002686
80.308456	0.000028
80.337189	0.001689
80.416962	-0.000362
80.619308	-0.001000
80.655205	-0.003809
80.656227	0.004586
80.715797	-0.000572
80.741333	-0.006097
80.768784	0.006105
80.851379	0.001110
80.960701	0.032413
80.984833	-0.023890
81.004341	-0.008956
81.049820	-0.000907
81.121887	-0.001986
81.124046	0.002642
81.166840	-1.415710
81.167809	1.414484
81.182869	0.000723
81.370605	-0.000389
81.459366	-0.000269
81.513344	-0.000511
81.520882	0.001464
81.551292	-0.027477
81.556870	0.025973
81.584747	0.004512
81.587677	-0.004543
81.667892	0.000208
81.753242	0.000102
81.891632	-0.003949
81.906075	0.004406
81.955551	-0.000715
81.989716	0.000217
82.108932	-0.000144
82.253822	-0.000110
82.323677	0.000236
82.377785	0.000488
82.400429	0.000724
82.414268	0.000657
82.440102	0.006133
82.445343	-0.007324
82.527771	-0.000863
82.633514	-0.000118
82.726219	-0.003963
82.733864	-0.178873
82.734047	0.186534
82.771301	-0.016846
82.804932	-0.025217
82.820190	0.036854
82.881172	0.001122
83.073692	-0.000019
83.229439	-0.000003
83.243172	-0.001251
83.269257	0.228774
83.277336	-0.228263
83.329063	0.001847
83.445312	0.024559
83.446701	-0.024437
83.557777	0.023692
83.558632	0.001883
83.565308	-0.025276
83.612381	-0.000689
83.689445	0.050840
83.692787	-0.057592
83.708366	0.011856
83.712021	-0.005245
83.936653	-0.000384
83.944077	0.000034
84.030167	-0.000099
84.232353	-0.000449
84.259186	-0.000197
84.269150	0.000368
84.344475	0.000489
84.406746	0.003885
84.417679	-0.004312
84.466980	-0.000591
84.548233	-0.013056
84.549789	0.013266
84.575439	-0.000458
84.632996	-0.000232
84.716850	0.000304
84.747055	0.000308
84.758247	-0.049657
84.761261	0.049825
84.800186	0.000129
84.997299	0.000098
85.023552	0.000172
85.120247	0.000005
85.134132	-0.000587
85.155830	0.001564
85.164085	0.004882
85.174927	-0.001593
85.191620	-0.003556
85.309296	-0.000468
85.357117	-0.001500
85.500725	0.006473
85.510330	-0.006062
85.550690	-0.000112
85.593803	0.000007
85.703262	0.000166
85.880898	-0.000211
85.895126	-0.000122
85.989616	-0.001003
85.991577	0.000995
86.014450	-0.001335
86.050117	-0.002560
86.065186	0.002241
86.161034	0.001367
86.209358	-0.000035
86.341698	0.002078
86.346825	-0.002475
86.346840	0.003032
86.387703	-0.005098
86.415016	0.002404
86.457726	0.000310
86.463005	0.000264
86.672928	0.000002
86.805328	0.000054
86.834885	0.000760
86.864586	-0.000552
86.886604	-0.000613
86.945229	0.000884
87.047485	-0.631709
87.047661	0.631730
87.184570	0.000543
87.193695	0.137471
87.194786	-0.136971
87.230362	-0.001352
87.280922	0.006076
87.283180	-0.008276
87.293091	0.008257
87.298096	-0.005635
87.540581	-0.000467
87.579620	0.000516
87.635628	-0.000204
87.848061	-0.001511
87.856934	-0.000151
87.880936	0.001491
87.975845	-0.000555
88.041824	-0.000903
88.053207	0.001622
88.085014	0.000117
88.124954	0.004719
88.146393	0.005184
88.184639	-0.009126
88.217651	0.000165
88.317863	-0.000430
88.348495	1.298060
88.350746	-1.297515
88.370560	-0.000762
88.406769	-0.000162
88.585335	-0.000542
88.611771	-0.000039
88.719269	0.000221
88.727173	0.001105
88.742470	0.002048
88.789497	0.005181
88.796219	-0.014757
88.804047	0.006074
88.939697	0.001216
88.960327	0.001228
89.101646	-0.008685
89.113373	0.008230
89.137718	-0.000321
89.206398	0.000012
89.302513	0.000429
89.437943	0.000170
89.517479	-0.000144
89.590141	-0.017505
89.592651	0.018057
89.622818	0.000571
89.666420	-0.000902
89.690117	0.000449
89.772736	-0.000639
89.786987	-0.000024
89.947975	0.024456
89.957085	0.005396
89.960953	-0.004884
89.995598	-0.009441
90.023560	-0.013245
90.045319	-0.002020
90.084183	-0.000365
90.270760	-0.000068
90.377998	-0.000124
90.430115	0.002974
90.479843	0.000637
90.514908	0.004262
90.563751	-0.007566
90.644440	0.069434
90.647423	-0.069756
90.795242	0.017430
90.803207	-0.017132
90.811005	0.000759
90.847656	-0.000204
90.870010	0.000100
90.882698	-0.000400
90.904594	-0.010677
90.907997	0.010396
91.146332	0.001005
91.220291	-0.000011
91.238106	0.000101
91.446442	0.000096
91.463844	-0.001248
91.494858	0.000723
91.608322	0.000118
91.631569	0.010942
91.637047	-0.011811
91.703270	0.000728
91.758553	0.009280
91.795067	-0.014837
91.805191	0.001067
91.810730	0.005222
91.916191	-0.000262
91.937019	-0.062850
91.939095	0.062845
91.986778	0.000100
92.014107	0.000178
92.148720	-0.000074
92.219368	-0.000016
92.296684	0.000303
92.323143	-0.001356
92.347710	0.000658
92.416016	-0.003618
92.419983	0.084628
92.420509	-0.079852
92.535324	-0.000792
92.574989	-0.000174
92.697540	0.003177
92.715210	-0.004258
92.726387	0.001293
92.827072	-0.000113
92.897919	0.000409
92.997467	-0.000558
93.124474	-0.000296
93.201332	-0.075740
93.202225	0.075036
93.231850	-0.000627
93.294670	0.003352
93.316879	-0.003200
93.362778	-0.000221
93.368866	0.000347
93.550003	0.000666
93.575356	0.004449
93.577057	-0.003759
93.600807	-0.000646
93.618980	-0.000109
93.647583	-0.000334
93.697334	-0.000009
93.866158	0.000105
93.950722	0.000017
94.029037	0.000178
94.102875	0.000386
94.160423	0.000551
94.190857	-0.002887
94.237381	0.006798
94.240669	-0.006110
94.384880	-0.038677
94.389496	0.038550
94.434113	0.000456
94.459717	-0.000872
94.467743	0.010389
94.468765	-0.009711
94.543358	-0.032726
94.546104	0.032736
94.757233	-0.000112
94.835266	0.000004
94.860489	-0.000211
95.028191	0.000982
95.080566	0.003637
95.108376	-0.002987
95.200935	-0.027757
95.213387	0.027768
95.241333	0.000980
95.320259	-0.000742
95.377144	0.000317
95.395401	-0.000059
95.456863	0.370481
95.465775	-0.372130
95.516792	-0.000370
95.517975	1.441025
95.523994	-1.439117
95.580154	-0.000263
95.636597	-0.000180
95.714104	-0.000488
95.822128	-0.000316
95.872131	0.000378
95.927650	0.000303
95.958351	0.000266
96.032921	-0.004731
96.039871	-0.004628
96.045799	0.008855
96.115753	-0.000395
96.187683	0.000539
96.293861	-0.001437
96.314430	0.010873
96.316277	-0.009784
96.448868	0.000241
96.494370	0.000062
96.558418	-0.000078
96.715515	0.000221
96.812752	-0.308006
96.812943	0.307376
96.839447	0.002820
96.926414	-0.029345
96.939110	-0.000014
96.940819	0.031096
96.955742	-0.003102
97.151047	-0.014657
97.192223	0.093289
97.193123	-0.098280
97.203194	0.032422
97.208961	-0.015504
97.266769	0.002548
97.299522	-0.000003
97.460091	-0.000194
97.522141	-0.000020
97.629150	-0.000324
97.719742	0.001086
97.813950	-0.008407
97.821289	0.019411
97.833397	-0.002928
97.848473	-0.007587
97.970535	-0.006546
97.971420	0.006664
98.036011	-0.000169
98.054382	-0.000338
98.069206	-0.000274
98.086349	0.000697
98.187134	-0.021447
98.192856	0.021551
98.369911	-0.001149
98.428688	-0.000148
98.505875	-0.000059
98.606010	-0.000857
98.697083	0.001082
98.725334	-0.001033
98.766869	0.001217
98.794914	0.000946
98.869324	-0.002444
98.936668	0.002363
98.983635	-0.000445
98.985649	-0.000287
99.105881	-0.901183
99.108788	0.897201
99.120216	0.003793
99.129143	-0.184133
99.140892	0.182628
99.160812	0.000120
99.261604	-0.000197
99.287468	-0.000018
99.414734	-0.000071
99.445740	-0.000346
99.536850	0.001022
99.569809	-0.001363
99.651711	0.000185
99.663139	-0.000217
99.669174	-0.000611
99.688507	0.001201
99.789207	0.000202
99.887817	0.005050
99.903229	-0.000247
99.919655	-0.005249
100.074966	0.000020
100.090599	-0.000331
100.122208	0.000460
100.293465	-0.000152
100.423866	-0.001705
100.426476	0.001766
100.444450	-0.000696
100.514198	-0.000006
100.521629	-0.001286
100.562805	-0.000188
100.584915	0.000020
100.757568	-0.003987
100.783669	-0.000262
100.809204	-0.004527
100.813278	-0.035772
100.814117	0.046986
100.891075	0.007172
100.892532	-0.007825
101.052887	0.000023
101.094345	0.000028
101.231743	0.000238
101.325897	0.000249
101.417473	-0.266916
101.417992	0.264791
101.481270	0.001620
101.503510	-0.000866
101.548218	-0.001739
101.557144	0.002341
101.615501	0.000114
101.650940	0.000006
101.688728	0.008601
101.705330	-0.009155
101.832916	-0.006931
101.840248	0.006914
101.988060	0.001294
102.020721	-0.000507
102.149002	0.000588
102.177727	0.000025
102.315002	-0.003485
102.340981	0.001478
102.342270	-0.000559
102.383148	0.001723
102.498619	0.001130
102.551353	-0.001202
102.580711	-0.000185
102.586685	0.000480
102.695015	-2.066452
102.696068	2.068797
102.721725	-0.001079
102.733894	0.000143
102.795975	-0.032135
102.813026	0.030288
102.845284	0.000839
102.908333	0.000164
103.004272	0.000542
103.022888	-0.000122
103.147301	-0.004115
103.186348	0.003193
103.251350	0.001153
103.267479	-0.003329
103.284264	-0.006011
103.287323	0.007884
103.382256	0.000843
103.488716	-0.009364
103.494080	0.009158
103.530655	0.001241
103.685982	-0.026400
103.686157	0.026258
103.704956	-0.001550
103.860779	0.000170
104.034576	-0.001595
104.040047	0.001404
104.047226	-0.004657
104.090530	0.010789
104.090851	0.000126
104.204926	-0.004932
104.223763	0.005417
104.367737	0.000571
104.370102	0.000408
104.405891	-0.008044
104.428345	-0.000213
104.433838	0.000218
104.489487	-0.001232
104.520004	0.001565
104.645241	-0.000146
104.665947	0.000034
104.837318	-0.000206
104.927124	0.000616
105.007149	0.004831
105.013786	-0.004738
105.126976	-0.000639
105.147652	0.086394
105.147911	-0.070336
105.172295	-0.014424
105.187874	-0.000084
105.246994	-0.000188
105.311928	0.002385
105.324753	-0.002192
105.480652	-0.001443
105.489540	0.001493
105.610863	0.001060
105.611694	-0.001948
105.745659	-0.000048
105.795753	-0.000229
105.918221	-0.006360
105.932693	-0.000937
105.960785	0.001066
105.976059	0.005933
106.120216	-0.002802
106.162605	0.002864
106.173874	0.000242
106.185448	-0.000465
106.277115	-0.926047
106.279236	0.926000
106.300621	-0.000182
106.324608	0.000401
106.417610	-0.000284
106.469742	-0.010428
106.482292	0.010339
106.544731	-0.000068
106.588860	-0.000075
106.599525	0.000076
106.760651	-0.001052
106.805290	0.000801
106.812874	0.000780
106.879860	0.004196
106.902473	-0.015224
106.905205	0.011297
106.969147	-0.000030
107.083145	-0.000572
107.100372	0.001343
107.143120	-0.001504
107.254066	0.000664
107.282333	-0.000534
107.336906	-0.000119
107.418404	-0.000425
107.638702	0.000096
107.649902	-0.004810
107.652786	0.000874
107.658035	0.004298
107.665154	0.000523
107.843719	0.000466
107.867516	-0.001494
107.954643	-0.000033
107.979904	-0.010243
107.989174	0.007287
108.045677	0.001830
108.052704	-0.002014
108.096313	0.003141
108.150597	0.001135
108.236992	0.000777
108.237747	-0.000615
108.445381	0.000642
108.522636	-0.000904
108.596405	-0.006918
108.606827	0.007124
108.710686	-0.002484
108.736809	0.001995
108.758324	0.000113
108.809509	-0.004208
108.843498	-0.001234
108.845894	0.004717
108.932709	-0.005475
108.943039	0.005394
109.125282	-0.001217
109.137360	0.001383
109.200775	-0.000315
109.234802	0.001493
109.310875	-0.000012
109.438942	-0.000317
109.499008	0.000144
109.550110	0.000357
109.573036	0.003694
109.580696	-0.000354
109.739082	-0.000054
109.772247	-0.000787
109.776367	0.001370
109.784050	-0.004638
109.862076	-0.110810
109.864395	1.547439
109.865990	-1.435368
109.931152	-0.000894
109.991493	0.001154
110.136848	-0.005244
110.156212	0.012588
110.171715	-0.007740
110.179192	0.000881
110.184464	-0.000397
110.369972	-0.000275
110.376038	0.000244
110.426888	-0.000319
110.480652	-0.000541
110.519447	-0.009998
110.524788	0.009626
110.552429	0.000749
110.675552	0.000031
110.715378	-0.001763
110.759331	0.001656
110.823158	0.000076
110.879189	0.000211
110.963379	0.001064
110.976372	-0.000354
111.224548	-0.057541
111.233566	0.056591
111.241409	0.000087
111.262016	-0.002520
111.266449	0.003342
111.485733	0.000440
111.511322	0.000457
111.539169	-0.008743
111.541847	0.006559
111.613686	0.006355
111.664177	-0.007584
111.670898	0.007584
111.710602	-0.009303
111.781845	0.002176
111.807106	0.000300
111.828613	-0.000032
112.054817	-0.000863
112.114975	0.001810
112.185188	0.015244
112.204208	-0.015321
112.295471	0.001920
112.323814	-0.000857
112.335335	0.000783
112.439308	-0.001914
112.472046	0.019067
112.517677	-0.017474
112.553596	0.009128
112.560844	-0.009197
112.761444	-0.001246
112.782928	0.006845
112.796349	-0.005995
112.862572	-0.000164
112.872643	-0.000002
113.082153	0.000321
113.082619	-0.002875
113.167122	0.000241
113.170784	0.003155
113.201591	-0.000463
113.358078	-0.003484
113.372482	0.000234
113.381363	-0.000355
113.387978	0.002495
113.421776	0.000252
113.451561	0.781944
113.456139	-0.781177
113.536552	0.001103
113.567787	-0.001455
113.748772	-0.002212
113.760063	-0.000198
113.808342	0.003574
113.824135	-0.002589
113.827431	-0.000195
113.922531	0.000378
113.991508	-0.000382
114.052620	0.000057
114.080421	0.002168
114.132195	-0.000177
114.139450	0.003546
114.147346	-0.005339
114.270370	-0.000140
114.334579	0.002376
114.375069	-0.002485
114.394348	0.000179
114.475998	-0.000121
114.510902	-0.000598
114.611526	0.000269
114.790520	0.006248
114.816750	-0.000202
114.826012	-0.004540
114.869423	-0.001134
114.881363	0.001138
115.092621	0.000641
115.121162	0.000056
115.140884	0.003871
115.157700	-0.004438
115.242462	0.000388
115.280479	-0.001333
115.289917	0.001267
115.328926	-0.002395
115.379578	0.000054
115.414375	0.000734
115.421097	0.000042
115.667831	-0.000294
115.705811	0.001715
115.776505	-0.034462
115.802078	0.031859
115.882629	0.000292
115.894661	0.000498
115.927719	-0.002245
116.037224	0.000873
116.132629	-0.004272
116.172340	-0.006465
116.179214	0.006179
116.189453	0.004974
116.362526	0.000412
116.423485	-0.050881
116.428085	0.049479
116.439178	0.001051
116.494400	-0.000781
116.671272	0.001399
116.720154	-0.000254
116.773315	-0.000065
116.784187	0.000444
116.822723	-0.000559
116.965691	0.000798
116.976242	0.000911
116.976929	0.000920
116.981339	0.002891
116.996880	-0.004582
117.035889	0.162697
117.043655	-0.163809
117.145638	0.009272
117.147385	-0.008510
117.327713	0.000733
117.343201	0.000204
117.467743	-0.006337
117.469284	0.048214
117.471542	-0.025957
117.494926	-0.017626
117.608353	-0.000136
117.672134	-0.000958
117.680321	-0.000248
117.716011	0.002424
117.759598	0.008088
117.766441	-0.008465
117.866150	-0.000070
117.956764	0.000068
117.966530	-0.000029
117.992126	0.000046
118.051735	0.000032
118.075104	0.000055
118.250031	-0.000277
118.356300	-0.004612
118.394020	0.000222
118.416840	0.005010
118.478149	-0.000318
118.499832	0.000774
118.641151	-0.001089
118.719551	0.000101
118.777184	-0.001553
118.802422	0.001423
118.873314	0.020605
118.899376	0.008137
118.904755	-0.008199
118.947586	-0.022091
118.954353	0.001129
119.013466	-0.000246
119.046791	0.000539
119.282959	0.001071
119.296043	0.000016
119.369911	-0.015205
119.400093	0.014345
119.458954	-0.000134
119.472290	0.001206
119.523720	-0.000981
119.633873	0.000319
119.790421	0.001937
119.791359	-0.007701
119.795639	0.008039
119.858681	-0.000925
119.950752	-0.000354
119.990135	-0.000074
120.062935	-0.005482
120.073769	0.005548
120.128929	0.000359
120.262405	0.002395
120.355080	0.000782
120.377121	-0.001495
120.399178	-0.000413
120.446342	0.000048
120.526421	-0.002001
120.570107	-0.015283
120.586395	-0.074633
120.586807	-0.001740
120.602272	0.074908
120.623428	0.059007
120.632515	-0.039795
120.728348	0.002733
120.753746	-0.003752
120.904266	-0.000951
120.927483	0.000047
121.018417	0.000480
121.111992	0.000978
121.132118	-0.008934
121.151619	0.007401
121.224182	-0.000552
121.265465	0.002570
121.300812	-0.002651
121.312035	0.000005
121.380386	-0.004422
121.383667	0.004462
121.463936	0.000507
121.542076	0.000164
121.577530	0.006891
121.588974	0.001401
121.608917	-0.009070
121.674309	-0.000395
121.890350	-0.000221
121.918816	-0.002444
121.969894	-0.000069
122.008606	0.002084
122.084999	-0.000134
122.120789	0.000600
122.191048	0.001783
122.314346	-0.000436
122.421288	0.003494
122.447548	-0.006083
122.503189	0.013567
122.504532	-0.000639
122.517822	-0.004751
122.544014	0.005307
122.566704	-0.010547
122.606575	-0.000242
122.678795	0.000064
122.885483	-0.006339
122.899658	0.004161
122.967323	-0.000401
123.001457	0.001639
123.024620	0.000037
123.065277	0.000760
123.120682	-0.000371
123.232811	-0.000840
123.408623	0.000188
123.412331	-0.000205
123.444290	-0.000225
123.524467	-0.000338
123.536865	0.001494
123.550400	0.000010
123.700859	-0.001953
123.713097	0.001913
123.765457	-0.001474
123.857239	-0.001336
123.983185	0.003278
123.985298	0.000170
124.015190	-0.003679
124.065353	-0.000008
124.078461	0.000959
124.166130	-0.000186
124.197517	0.004178
124.202477	0.001185
124.212357	-0.004144
124.213135	0.045460
124.227493	-0.045585
124.314217	-0.002232
124.362740	0.002426
124.481117	0.001001
124.515579	-0.000399
124.565285	-0.000378
124.751419	-0.001201
124.787239	0.009804
124.809608	-0.009932
124.841103	0.000844
124.860962	-0.005199
124.885635	0.005484
124.945374	-0.000103
125.000916	-0.008966
125.005074	0.009029
125.062363	-0.000435
125.117386	0.000024
125.124496	-0.000437
125.199303	-0.001726
125.222618	0.001602
125.273720	0.000398
125.477966	-0.001184
125.528374	0.000101
125.549675	0.000095
125.601273	0.003257
125.691360	-0.000094
125.744156	-0.003118
125.747025	0.001271
125.909180	0.000302
126.063225	-0.002748
126.082878	-0.000320
126.089615	0.001816
126.131676	-0.003067
126.132797	0.012019
126.153923	0.003642
126.185745	-0.009766
126.199745	-0.000242
126.307083	-0.000625
126.476654	0.000730
126.517113	-0.003556
126.570343	0.010543
126.590370	-0.000126
126.603043	-0.007592
126.661209	-0.000642
126.721245	0.000624
126.830551	-0.000363
127.024887	0.035754
127.027451	-0.035598
127.096161	0.000555
127.107399	0.000151
127.122131	0.000192
127.186142	-0.000456
127.337402	0.007794
127.350075	-0.008299
127.401756	-0.000488
127.455971	-0.002419
127.591118	0.003561
127.606400	-0.000801
127.629082	0.000902
127.631027	0.000719
127.682266	0.000277
127.760986	-0.000392
127.807541	-0.013578
127.807610	-0.040349
127.818855	0.002260
127.822098	0.051259
127.827271	0.000139
127.903915	0.001373
127.970375	-0.001786
128.057541	-0.000413
128.106445	0.000450
128.110931	0.000322
128.386337	0.002360
128.429504	0.007757
128.456131	-0.011402
128.457245	0.008431
128.460281	-0.012355
128.478043	0.006316
128.585342	-0.000449
128.620300	-0.000181
128.628479	0.000157
128.660248	0.000042
128.662262	0.000343
128.701569	-0.000127
128.817139	0.006378
128.838913	-0.005962
128.874451	-0.000147
129.032013	0.003854
129.129562	0.000012
129.165085	-0.000528
129.194412	-0.004247
129.297501	0.000580
129.302505	0.001067
129.375977	-0.000301
129.507324	-0.000115
129.659210	0.000193
129.705338	-0.005487
129.728348	0.005013
129.745575	0.004290
129.760956	-0.008823
129.769089	-0.004169
129.792938	0.000141
129.804276	0.007763
129.934372	0.000432
130.068237	-0.000715
130.133209	0.000768
130.157883	0.000177
130.179947	0.005317
130.199249	-0.004631
130.260193	-0.000694
130.321503	0.000255
130.429855	0.000109
130.640472	-0.001187
130.642151	0.001075
130.667404	-0.000259
130.706833	0.000534
130.745880	0.004219
130.843277	-0.004041
130.968719	-0.000931
130.986038	0.000960
131.037842	0.000169
131.059525	-0.001656
131.181549	-0.000835
131.198868	-0.005672
131.224258	-0.001651
131.241852	0.001418
131.291321	-0.000302
131.356415	0.004975
131.400009	-0.052109
131.414734	0.007505
131.415192	0.055815
131.425217	-0.009554
131.456039	-0.000060
131.498383	0.000513
131.577118	-0.000426
131.633514	0.000440
131.655304	-0.000193
131.701233	0.000295
132.017059	-0.001881
132.038971	-0.006928
132.060486	0.004173
132.070526	0.001566
132.084167	0.002806
132.114807	-0.000299
132.204697	-0.000681
132.223343	0.000023
132.239655	-0.022320
132.243454	0.022778
132.254532	-0.000308
132.292633	0.000536
132.435715	0.055613
132.449356	-0.055611
132.474030	-0.000241
132.581635	-0.000276
132.712173	0.000026
132.789398	0.011124
132.796692	-0.000394
132.869064	-0.010768
132.903519	0.000734
133.010040	0.000246
133.104523	0.000182
133.236374	-0.000014
133.345001	-0.001992
133.357025	-0.005573
133.366943	0.003560
133.381317	0.003251
133.385788	0.005100
133.391052	-0.001041
133.421555	-0.003211
133.556473	-0.000856
133.662369	0.000775
133.724228	-0.000227
133.745209	0.002139
133.799454	0.046988
133.808380	-0.048234
133.860870	0.000032
133.923538	-0.001077
134.028931	-0.000181
134.226730	0.000022
134.253784	0.050944
134.255081	-0.050809
134.292450	-0.000100
134.395218	-0.004702
134.494934	0.001926
134.597626	0.000486
134.614594	-0.000860
134.657852	0.003689
134.678894	0.000603
134.737976	0.000658
134.807388	-0.000142
134.840591	0.002079
134.854233	-0.001729
134.898117	0.000416
134.952621	-0.020516
134.994980	-0.012235
135.012970	0.029346
135.023529	-0.015489
135.031845	0.015801
135.080536	0.000289
135.108749	0.000718
135.181427	-0.000689
135.198761	-0.000167
135.209625	0.001150
135.300049	-0.000129
135.636917	0.006568
135.641403	0.002196
135.651489	-0.007161
135.683502	-0.005915
135.684799	0.005154
135.757736	0.000430
135.781357	-0.000744
135.837311	0.000120
135.858627	0.043215
135.861740	-0.043207
135.874954	-0.000470
135.896255	-0.000066
136.050659	0.007739
136.061691	-0.007432
136.073990	0.000011
136.126938	0.001212
136.297348	-0.000126
136.384674	-0.006506
136.425797	-0.000989
136.442566	0.004907
136.510696	0.000937
136.648880	0.000189
136.704163	-0.000146
136.817352	0.000044
136.963684	-0.001432
136.983398	0.010398
136.990540	0.012711
136.997955	-0.000466
137.001389	-0.030932
137.011887	0.015267
137.037323	-0.006237
137.177643	-0.000228
137.259384	0.000311
137.293182	0.000212
137.358566	0.001686
137.413010	-0.002235
137.428024	-0.000139
137.468323	0.000636
137.525894	-0.000171
137.628922	-0.000038
137.790176	-0.000027
137.866196	-0.054384
137.868134	0.053977
137.876907	0.000405
138.043350	-0.001187
138.140747	-0.000293
138.212616	-0.001182
138.246765	-0.000167
138.269119	0.006567
138.302200	0.002395
138.310944	0.001473
138.416916	-0.016631
138.452423	0.003750
138.463303	-0.004108
138.498581	-0.000352
138.552948	0.003913
138.602829	0.127182
138.615067	-0.120369
138.629227	0.008035
