1.054496	0.001629
1.055330	-0.001629
3.493560	-1.806295
3.494032	1.806306
4.539354	-0.000023
4.539484	0.000024
5.627479	1.455348
5.629192	-1.455423
6.532557	0.003921
6.533385	-0.003921
6.913682	-1.543148
6.914197	1.543261
7.450166	0.071022
7.451112	-0.070989
8.091063	0.000135
8.091344	-0.000118
8.403039	-0.198258
8.409983	0.198135
8.898129	-0.051627
8.910421	0.051243
8.963419	0.014506
8.972112	-0.014391
9.496428	0.000020
9.559965	-0.000028
10.001441	0.019182
10.052926	-0.018575
10.151530	-0.002974
10.200529	0.002852
10.320295	-0.014732
10.350194	-0.009976
10.374463	0.014537
10.478458	0.008799
10.861472	0.000006
10.878018	-0.000299
10.976022	0.005847
11.053155	0.000068
11.162416	-0.005731
11.209131	0.000746
11.211311	-0.000344
11.402565	0.002155
11.467145	-0.000181
11.483881	-0.001655
11.555854	-0.001482
11.631948	0.000210
11.686174	-0.000438
11.695282	-0.000818
11.811754	0.000135
11.827808	0.000240
11.925209	0.001541
11.991395	-0.000001
12.089567	-0.000132
12.115581	0.000638
12.302752	-0.000722
12.303599	-0.000034
12.348186	0.000753
12.439396	-0.000111
12.547349	-0.004794
12.550152	-0.000172
12.685860	0.001651
12.717153	-0.006474
12.728197	-0.000093
12.730779	-0.000093
12.827503	0.004283
12.920327	0.007330
13.090648	0.000067
13.142858	0.001542
13.151759	0.000012
13.251970	0.000006
13.388509	-0.000898
13.483627	-0.000332
13.715003	0.000015
13.721811	-0.000141
13.809728	-0.002301
13.846728	-0.000584
13.899234	0.000024
13.927460	-0.021572
13.994014	-0.000616
14.051104	0.021054
14.142646	0.000109
14.144074	0.001282
14.318211	-0.000253
14.419990	0.000759
14.441727	0.000077
14.447711	0.000114
14.696557	0.000056
14.748728	0.000119
14.846315	-0.007672
14.863260	0.000051
14.931814	0.007656
15.006406	0.013931
15.016482	0.000111
15.149363	-0.013918
15.228227	0.000002
15.269694	0.000237
15.301657	0.014795
15.327230	0.002037
15.341774	-0.006305
15.346237	-0.000184
15.383641	-0.000030
15.399472	0.006366
15.412178	-0.014508
15.531953	-0.000015
15.601819	-0.000535
15.642465	-0.000220
15.659670	-0.002231
15.674809	-0.000215
15.785080	0.000272
15.788299	-0.000193
15.906358	-0.000284
15.945117	-0.000006
16.177418	0.000566
16.187117	0.000076
16.188055	0.000375
16.230818	-0.000767
16.241476	-0.000236
16.259022	0.000198
16.320444	-0.000063
16.422571	0.000385
16.467722	-0.000551
16.559408	0.000012
16.608011	-0.000096
16.612860	-0.000300
16.648905	-0.000475
16.765388	0.000326
16.772158	0.000568
16.783739	-0.003164
16.958601	-0.000018
17.050295	0.000609
17.146744	-0.000633
17.178593	-0.000036
17.214956	0.003029
17.281067	0.000118
17.313313	0.000002
17.332075	-0.000025
17.499689	0.003002
17.596910	0.001301
17.642622	0.000047
17.659033	-0.000012
17.687328	0.000540
17.701004	-0.002672
17.869265	-0.001354
17.924231	-0.001080
18.037388	-0.000032
18.129946	0.001454
18.138786	0.000188
18.146624	0.005036
18.245983	-0.000633
18.354109	0.000102
18.359007	-0.000946
18.412603	-0.003234
18.577059	-0.033792
18.659512	0.025503
18.678110	-0.000086
18.733521	0.000019
18.876942	-0.000077
18.877317	0.008037
19.062269	0.000152
19.068764	0.000333
19.075691	-0.000131
19.097637	-0.002084
19.104410	-0.045604
19.124161	-0.000387
19.131897	0.046652
19.157808	0.032275
19.165531	-0.031364
19.260380	-0.001380
19.278830	-0.000017
19.355917	0.000129
19.358656	0.000692
19.380657	-0.000011
19.463865	0.000786
19.475784	-0.000633
19.487423	0.000040
19.499069	0.003556
19.513369	0.000423
19.663363	0.000056
19.817715	-0.000277
19.931890	-0.000040
19.966276	-0.000695
19.990683	-0.000605
20.027384	0.000680
20.085655	-0.000770
20.092869	0.000075
20.096544	0.001755
20.124920	0.003742
20.134590	0.000402
20.220823	-0.010498
20.369135	-0.000042
20.392632	-0.003071
20.397961	0.000420
20.452448	-0.001225
20.585043	0.004588
20.681047	-0.003918
20.749277	-0.000009
20.789856	-0.000070
20.796646	-0.005483
20.825378	0.005840
20.829432	0.000032
20.942064	0.002753
20.957346	-0.000183
21.190441	0.007902
21.194956	0.000404
21.297634	-0.000022
21.325644	-0.000527
21.343670	-0.000248
21.416672	0.000060
21.445890	0.000182
21.450304	-0.006199
21.513685	-0.001314
21.626541	0.000585
21.793926	-0.000200
21.847363	0.000205
21.856844	0.000722
21.905958	-0.002794
21.988993	-0.000123
21.992506	0.004311
22.024265	-0.005377
22.247166	0.006622
22.285215	0.000035
22.413067	0.002337
22.436024	-0.000037
22.490820	-0.002138
22.530884	-0.003430
22.581167	0.000160
22.602028	-0.000173
22.617228	-0.000667
22.656378	-0.000012
22.736448	0.000587
22.786486	-0.000022
22.879721	-0.003679
22.889606	-0.000780
22.973804	0.001640
23.034716	0.003844
23.093117	0.001220
23.100149	0.000201
23.119959	-0.000172
23.120375	0.001089
23.131319	0.003889
23.153660	0.000329
23.217350	-0.000302
23.272198	-0.002669
23.359735	0.000372
23.387436	-0.000839
23.439032	-0.001501
23.510437	-0.000574
23.535788	0.001140
23.593178	0.000014
23.664328	-0.000261
23.675989	-0.000047
23.741665	0.001031
23.804955	-0.003089
23.850368	0.002950
23.895552	0.006115
23.979645	0.000052
23.987543	0.000302
24.034037	-0.006786
24.153011	-0.001378
24.166677	0.000018
24.265730	0.000298
24.327873	-0.000301
24.381636	0.000139
24.443325	0.000015
24.487127	0.001601
24.492075	0.000913
24.550652	0.000118
24.581556	-0.001513
24.646128	0.000668
24.709805	0.000043
24.777681	0.000954
24.828171	-0.000129
24.837820	0.000635
24.991335	0.000482
25.010496	-0.000525
25.064100	-0.000000
25.169771	-0.000183
25.284452	0.000926
25.330791	0.002804
25.339115	0.000165
25.367840	-0.000165
25.444778	-0.003265
25.483803	-0.000015
25.541306	-0.000401
25.646654	-0.001232
25.780176	-0.000536
25.930079	-0.000043
25.998327	-0.002472
26.008785	0.000064
26.057302	0.000175
26.121340	-0.004239
26.151051	-0.000708
26.152412	0.004502
26.172739	0.002441
26.257296	-0.002281
26.277523	-0.000145
26.442585	0.000084
26.604969	0.005804
26.608292	0.004404
26.673521	0.001222
26.692831	-0.004589
26.723141	0.000066
26.748857	-0.004803
26.770002	-0.003615
26.811052	-0.001006
26.828142	-0.000342
26.866554	-0.000178
26.913462	0.000087
26.934048	-0.001239
26.982389	-0.000158
27.003822	0.001443
27.057917	0.001309
27.071621	0.003924
27.127750	0.000042
27.157173	-0.000159
27.212584	-0.000115
27.214046	-0.000749
27.386719	-0.000180
27.413057	-0.000385
27.460211	-0.000398
27.554758	-0.000222
27.611660	-0.000273
27.710796	0.002675
27.766611	0.000432
27.767384	-0.000038
27.780901	-0.001340
27.828684	0.000086
27.943787	0.000439
27.963264	-0.001000
28.028334	-0.000910
28.052986	0.001272
28.092709	-0.001064
28.191189	-0.000039
28.223869	0.001896
28.278017	0.000227
28.296171	0.000482
28.376032	0.000808
28.420465	0.002308
28.423439	-0.002367
28.503752	0.026750
28.533571	-0.027314
28.646023	-0.000315
28.774696	-0.000439
28.842583	-0.000026
28.846985	-0.000155
28.958460	0.000137
28.978603	0.000052
28.991524	0.001096
29.079218	-0.001794
29.206747	-0.000923
29.254400	0.000503
29.297613	0.000166
29.427708	0.000147
29.565613	0.000006
29.566118	0.000882
29.677681	-0.000155
29.680784	0.001309
29.755543	-0.001096
29.773113	-0.000774
29.788935	-0.055067
29.800243	0.055613
29.932550	-0.000025
30.103804	-0.000002
30.183455	-0.000268
30.288536	-0.001319
30.291651	-0.029533
30.330511	-0.002876
30.330856	-0.000019
30.333302	-0.000344
30.337563	0.006026
30.338352	0.029780
30.492334	0.000122
30.505991	0.000074
30.507856	0.000041
30.653513	0.011992
30.659779	0.000049
30.663548	-0.002399
30.677853	-0.000957
30.683264	-0.010131
30.698082	0.000145
30.759636	-0.000099
30.803610	-0.000144
30.828096	-0.001221
30.898508	0.000623
30.989632	-0.000349
31.029259	-0.000066
31.152613	-0.000122
31.262341	0.000443
31.288168	0.000071
31.364445	-0.000079
31.482267	-0.000120
31.486046	0.000926
31.520012	-0.000295
31.540684	-0.001856
31.588820	0.000128
31.665451	0.000056
31.687580	0.004498
31.730555	-0.000049
31.741724	-0.000558
31.769297	0.000106
31.778740	0.002400
31.926502	-0.001494
31.927164	-0.002063
32.006626	-0.000141
32.158989	1.071882
32.160160	-1.071593
32.223053	0.000530
32.277874	0.000057
32.343487	0.000060
32.375343	0.000232
32.535122	0.002408
32.596264	-0.005675
32.606304	-0.000053
32.622993	-0.008729
32.691536	0.007964
32.730988	-0.002793
32.835720	0.008574
32.861755	-0.003637
33.026169	0.000378
33.090603	-0.000339
33.107067	0.002089
33.140026	-0.000032
33.297791	-0.023211
33.335644	0.022073
33.404167	0.000474
33.425003	-0.071411
33.431652	0.071390
33.536377	-0.000302
33.585979	0.000013
33.780174	-0.000085
33.849922	-0.001102
33.934460	0.000133
33.944908	0.014239
33.947647	0.026609
33.954685	-0.024529
33.965927	-0.014028
33.966427	-0.001262
34.040241	0.000096
34.147747	-0.000635
34.176575	0.001372
34.192486	-0.002685
34.267097	-0.001378
34.281971	0.012306
34.299759	-0.007272
34.310036	0.006707
34.310860	-0.000267
34.311520	-0.010853
34.342690	0.001704
34.355927	0.000046
34.499878	-0.000100
34.602673	0.005605
34.666531	-0.006250
34.817589	0.000045
34.836586	-0.000682
34.870895	-0.001760
34.925163	-0.000398
35.108845	0.001511
35.189602	-0.001791
35.197067	0.056356
35.219151	0.007169
35.230927	-0.063021
35.233936	0.000925
35.252419	-0.000227
35.263580	0.000627
35.288372	0.002283
35.316006	-0.000886
35.539524	0.000227
35.569298	0.000684
35.616348	-0.000905
35.676315	0.000561
35.707870	-0.000186
35.769611	-0.030494
35.777180	0.030216
35.931625	-0.000680
36.087704	-0.000314
36.097126	-0.000225
36.104927	-0.000005
36.250454	-0.000111
36.260063	0.000728
36.279846	0.014176
36.285297	0.003722
36.286907	-0.013583
36.412720	-0.005516
36.509243	-0.006807
36.541748	0.000323
36.629223	0.002053
36.671597	0.005102
36.756367	-0.000010
36.856266	-0.005509
36.881897	0.004039
36.933624	-0.000021
37.043640	-0.754359
37.045868	0.754030
37.068718	0.001072
37.238434	-0.000069
37.325962	-0.000035
37.458260	0.000189
37.540970	0.000412
37.573391	-0.234939
37.579700	0.240423
37.584789	0.017274
37.592445	-0.025153
37.600559	0.002438
37.614346	0.001599
37.720615	0.005798
37.738094	-0.008383
37.802235	0.000985
37.824528	0.007736
37.873093	-0.003440
37.876362	-0.005331
37.889454	-0.000254
37.890976	-0.000011
37.906197	0.120874
37.921776	-0.120891
37.933830	0.000018
38.131889	-0.000033
38.273056	0.000974
38.288761	-0.000027
38.294914	-0.001147
38.410126	0.000841
38.561012	-0.000113
38.610165	0.000270
38.710823	0.000220
38.726051	0.000276
38.749130	-0.000886
38.784424	-0.000276
38.858063	-0.394013
38.861767	0.393861
38.884174	0.010965
38.898750	0.032998
38.908562	-0.033099
38.922195	-0.011223
39.245174	0.001343
39.246407	0.001565
39.247311	0.003080
39.260860	-0.006444
39.359097	0.016456
39.376705	-0.014168
39.379368	-0.000694
39.517899	-0.000541
39.581924	0.000849
39.846317	-0.000293
39.850574	0.000165
39.865990	0.031948
39.869026	-0.031919
39.885109	-0.000052
39.954342	-0.004983
40.006657	0.002429
40.008133	-0.000664
40.052647	-0.000151
40.144699	0.003229
40.253712	0.000569
40.264507	-0.002874
40.372360	-0.007380
40.381351	0.002004
40.396473	0.007781
40.439301	-0.000037
40.643360	-0.151105
40.644653	0.151356
40.793304	0.000864
40.840031	0.000120
40.897160	0.000073
41.131111	-0.001210
41.143192	0.000817
41.146786	0.000122
41.180962	0.453209
41.184258	-0.451861
41.214947	-0.006545
41.215057	0.002570
41.224888	0.004100
41.228668	-0.000045
41.300919	-0.001651
41.435791	-0.000360
41.436131	-0.075871
41.437599	0.076087
41.439087	-0.013103
41.452919	0.012165
41.476368	0.000471
41.476418	0.000200
41.549847	-0.034033
41.575905	0.034309
41.686852	-0.000069
41.791626	0.000007
41.913357	-0.015770
41.915478	0.015443
42.010349	-0.000213
42.204670	0.004309
42.279396	-0.000145
42.292229	-0.000098
42.299259	0.000619
42.319977	-0.004304
42.353367	0.000040
42.474335	-0.284724
42.475861	-0.126580
42.480156	0.049148
42.480492	0.362654
42.557167	-0.008338
42.560604	0.008665
42.784447	-1.114642
42.785858	1.115190
42.840858	-0.000280
42.911884	0.000018
43.041286	0.114812
43.046692	-0.114881
43.090076	-0.000167
43.102726	0.000318
43.131683	-0.000301
43.446125	0.356953
43.447311	-0.356715
43.497303	-0.000687
43.499004	0.000665
43.561821	-0.000785
43.616573	-0.022462
43.618668	0.022043
43.644402	0.000595
43.740612	-0.010760
43.748348	0.009238
43.870800	-0.031120
43.883316	0.029470
43.897453	-0.000658
43.902317	0.000766
43.905632	0.002664
44.152306	-0.000024
44.233601	0.416098
44.235714	-0.416276
44.431087	0.000177
44.575737	-0.000079
44.576878	-0.000318
44.612194	0.000468
44.752285	-0.000331
44.776508	-0.028839
44.777462	0.000582
44.783905	0.027876
44.834915	0.000837
44.841187	0.183916
44.850269	-0.168747
44.852951	-0.022417
44.869434	0.005607
44.962193	-0.955003
44.963020	0.955377
45.009857	-0.001012
45.032219	0.007028
45.059772	0.000115
45.078934	-0.006879
45.092812	0.000959
45.187202	-0.000019
45.212540	-0.009876
45.239132	0.009803
45.303833	-0.000114
45.520401	0.010205
45.540726	-0.010023
45.633602	0.000227
45.803783	0.000306
45.829552	-0.000251
45.906738	0.000185
45.934464	-0.000010
45.966022	-0.000147
45.986244	0.000285
46.024235	0.758117
46.027973	-0.758470
46.077785	-0.534675
46.082081	0.534470
46.185955	-0.024699
46.222816	0.024521
46.256603	-0.059217
46.257801	0.059878
46.488342	0.000035
46.528141	0.000008
46.624901	-0.000384
46.719685	-0.001286
46.756207	-0.000064
46.763523	0.000302
46.834564	0.000223
47.019310	0.324038
47.022915	-0.324195
47.085682	0.004987
47.086685	-0.005022
47.179779	-0.000623
47.235058	-0.007820
47.266907	0.008969
47.306793	0.000124
47.313686	-0.000287
47.366192	0.029874
47.389317	-0.029981
47.391632	0.001172
47.493877	0.000386
47.562080	-0.000686
47.649021	0.000146
47.819183	-0.680097
47.820431	0.679450
47.824680	0.000835
48.112900	-0.000090
48.124722	-0.000024
48.266502	-0.000009
48.360050	-0.000058
48.366180	-0.025135
48.377216	0.019600
48.380547	0.012570
48.394379	0.000405
48.423283	0.000309
48.457642	-0.069173
48.463463	-0.345982
48.467640	0.344341
48.471668	0.061469
48.474884	0.015345
48.477901	-0.012926
48.580860	-0.000546
48.616501	-0.011023
48.655716	0.000206
48.679874	0.011193
48.685444	-0.000206
48.731731	-0.000008
48.884262	0.004623
48.900269	-0.003874
48.913048	0.000001
49.116211	-0.000866
49.155369	0.001139
49.265778	-0.000065
49.376751	-0.001615
49.390430	-0.000768
49.551281	0.001827
49.557869	-0.026458
49.559944	-0.099437
49.564732	0.125940
49.602207	-0.000139
49.664715	-1.077520
49.667744	1.051587
49.670113	0.026465
49.706280	-0.061099
49.712555	0.060946
49.800674	0.001564
49.871792	-0.001149
50.108974	0.000633
50.164383	0.000164
50.182728	0.000445
50.388386	-0.005586
50.405807	-0.000323
50.454964	0.005936
50.547443	0.000309
50.596039	0.049904
50.607132	-0.050650
50.638508	-0.001322
50.658215	0.001372
50.709621	0.001601
50.839214	0.000591
50.847698	-0.018914
50.868423	0.003687
50.907032	0.015296
50.934391	0.001391
51.006317	-0.006036
51.032627	-0.000072
51.119637	0.001930
51.235916	0.000155
51.399349	0.576031
51.402409	-0.575911
51.431881	-0.000053
51.432034	-0.000271
51.675594	0.000343
51.862331	-0.000130
51.911160	0.000348
51.949234	-0.001539
51.962036	0.000011
51.963608	-0.000760
51.971352	-0.005141
51.981720	0.241373
51.984013	-0.228494
51.991673	-0.005211
51.999092	0.000366
52.078106	-0.077448
52.083385	0.074081
52.093220	0.002355
52.158115	0.000893
52.191757	0.000697
52.223801	-0.000378
52.251579	-0.000289
52.256950	0.000312
52.282009	-0.000730
52.365017	0.000049
52.559860	0.088442
52.562920	-0.088318
52.660660	-0.000010
52.703270	0.001567
52.763321	-0.002476
52.905022	0.000416
52.940987	-0.000240
52.960186	0.001232
53.095917	0.003303
53.105995	-0.001416
53.153778	-0.074427
53.161884	0.063178
53.172047	0.008657
53.231541	0.000180
53.241535	-0.004126
53.248760	0.026290
53.251976	-0.022613
53.347240	-0.000674
53.400925	-0.000065
53.512718	-0.000292
53.675728	-0.000969
53.760754	0.000174
53.851593	-0.000235
54.034897	-0.000450
54.050640	0.000297
54.142014	0.020616
54.142624	-0.007739
54.168224	-0.014490
54.179844	-0.000208
54.207523	-0.001063
54.216953	-0.000002
54.310795	0.000650
54.313610	0.001103
54.454895	-0.001819
54.471378	-0.014267
54.492588	0.000545
54.540543	0.015174
54.618355	0.000520
54.749035	0.000777
54.770298	-0.000125
54.913998	-0.000371
54.981590	0.412696
54.984409	-0.410427
54.997131	-0.001646
55.213612	0.000176
55.255035	0.000465
55.373486	0.000149
55.483749	-0.039686
55.489510	-0.237174
55.491714	0.277760
55.530659	0.012920
55.556812	-0.013098
55.564377	-0.001181
55.569138	0.000331
55.640362	-0.000245
55.684601	0.129698
55.696178	-0.129744
55.701809	0.000044
55.716797	0.001440
55.735252	0.000018
55.766029	0.000366
55.833046	-0.000809
55.871918	0.000720
55.882740	-0.000663
55.995953	-0.000543
56.089226	-0.000101
56.221657	-0.065662
56.235584	0.066212
56.283909	-0.002973
56.367920	0.004220
56.454750	0.000001
56.503773	0.000526
56.539780	-0.001453
56.544739	-0.000510
56.598209	0.017464
56.611702	-0.017150
56.633457	-0.004881
56.646458	0.004177
56.787792	0.000653
56.812286	0.050636
56.835571	-0.051157
56.900082	-0.000306
56.925755	0.000311
56.988541	-0.000962
57.019596	0.000393
57.145588	0.001858
57.238674	0.000706
57.352669	-0.000221
57.538929	-0.000391
57.655453	0.002110
57.694351	0.000181
57.702240	0.005758
57.708797	-0.000210
57.711998	0.096427
57.737473	-0.098168
57.774422	0.000214
57.789680	-0.004357
57.833553	-0.001516
58.029057	-0.000098
58.048252	0.000507
58.063000	-0.001217
58.099171	0.007112
58.167721	-0.007655
58.231178	0.000493
58.375763	0.000535
58.508072	0.000296
58.531631	-0.000015
58.558796	-0.009760
58.562729	0.008133
58.591503	0.000545
58.815926	0.000054
58.854904	0.000190
58.947594	-0.008118
58.992569	-0.000020
59.002834	0.018325
59.038780	-0.011220
59.112522	-0.003487
59.134033	0.001252
59.146317	0.003911
59.176750	-0.000045
59.288792	-0.026119
59.308659	0.025837
59.327557	0.000184
59.338242	-0.000708
59.343697	-0.000502
59.404766	0.000524
59.419983	-0.000015
59.458942	-0.000571
59.484314	0.000018
59.513229	0.000061
59.623283	0.000251
59.861698	0.002211
59.876373	0.008617
59.910503	-0.002646
59.913643	-0.002888
59.970867	-0.003229
60.058727	-0.023288
60.069736	0.032922
60.070641	-0.011854
60.126465	0.000726
60.177677	-0.063436
60.185616	-0.020196
60.191383	0.083665
60.242222	0.000012
60.381054	-0.005345
60.406200	-0.000116
60.414650	0.004679
60.551277	-0.000145
60.568180	-0.000160
60.642197	0.000086
60.685032	0.000051
60.771553	-0.000549
60.805084	-0.000537
60.954758	0.000305
61.199249	-0.001402
61.221256	0.000009
61.245102	0.000146
61.256348	0.001006
61.273182	0.000549
61.283913	0.008827
61.310837	-0.008701
61.330879	0.000025
61.336346	-0.000170
61.508076	-0.000583
61.607269	-0.000828
61.687508	-0.000503
61.736931	0.019107
61.739910	0.006762
61.789799	-0.027374
61.847710	0.003814
62.000687	-0.002996
62.050957	0.000036
62.140965	-0.121218
62.147984	0.122221
62.238304	-0.000036
62.257095	-0.000047
62.263031	0.000720
62.470730	-0.001764
62.491116	0.001907
62.513573	0.003317
62.517132	-0.005203
62.695137	-0.002268
62.711811	0.001454
62.738377	0.001046
62.766258	0.000177
62.783390	-0.000076
62.889145	-0.005546
62.909229	-0.000077
62.919357	0.007571
62.924496	-0.001744
62.966358	-0.000103
63.072361	-0.000711
63.085384	0.000070
63.086990	0.000791
63.178215	0.000001
63.189751	-0.000416
63.248005	-0.000004
63.439064	0.001445
63.495609	0.000825
63.524139	0.001114
63.533096	-0.000612
63.572205	-0.000000
63.589470	-0.001236
63.640968	0.002727
63.717125	-0.002318
63.728458	0.167969
63.735653	-0.166186
63.747688	-0.000034
63.818405	-0.000379
63.956200	-0.001729
63.996780	0.000914
64.000854	-0.000019
64.023499	-0.000692
64.144341	0.000077
64.200005	-0.000103
64.342949	-0.000270
64.374718	0.000730
64.385445	0.000092
64.395241	0.000452
64.562988	-0.000223
64.705688	0.000329
64.765633	0.000309
64.785179	-0.000031
64.840340	0.000244
64.859932	0.024945
64.885681	-0.023132
64.896126	-0.000324
64.898491	-0.000527
64.974258	0.000196
65.170776	-0.000052
65.174820	0.000213
65.323990	-0.000086
65.372887	-0.019143
65.411179	0.018239
65.435631	-0.001045
65.468330	0.002739
65.559402	-0.000008
65.621887	-0.002986
65.710503	-0.000016
65.724586	0.027180
65.733482	-0.027464
65.928711	0.000053
65.957329	-0.000192
66.010597	-0.023430
66.030579	0.023597
66.048225	0.000027
66.098824	0.001192
66.280418	-0.009463
66.296707	-0.001373
66.329086	0.010082
66.388756	-0.000324
66.488060	-0.003197
66.500961	0.000504
66.507927	0.000458
66.508430	0.000223
66.526550	0.002468
66.590118	0.000615
66.687805	0.000213
66.702728	-0.000580
66.704338	0.000608
66.867592	-0.000060
66.870026	-0.000313
66.940727	-0.001628
66.968529	-0.003982
67.006935	0.003732
67.017746	-0.002821
67.162804	-0.000263
67.173752	0.001493
67.217445	-0.000690
67.265259	0.002179
67.288200	0.056716
67.299065	-0.054822
67.312202	-0.000826
67.449142	-0.000055
67.538918	-0.001414
67.540390	0.000752
67.580391	0.001703
67.635971	-0.000392
67.719078	0.000060
67.729317	0.000030
67.845192	-0.000003
67.949898	-0.000741
67.991753	0.000082
68.012619	0.000367
68.134941	-0.000058
68.175591	-0.000149
68.220795	0.008897
68.266968	-0.009728
68.338905	0.000066
68.418335	0.000625
68.437164	-0.014050
68.460907	0.013618
68.472939	-0.000093
68.559937	-0.000118
68.605865	-0.000527
68.740067	-0.000382
68.828636	0.000289
68.969490	0.000490
69.005371	-0.007320
69.028084	0.007046
69.068130	0.000047
69.091698	-0.003020
69.119728	0.000793
69.171860	0.000116
69.240646	0.002010
69.310951	0.019139
69.320969	-0.019239
69.533211	0.040480
69.549866	-0.039826
69.584610	-0.000022
69.599915	0.000100
69.661362	0.000977
69.739525	0.000447
69.867638	0.005834
69.895203	-0.001621
69.922806	-0.006522
69.989044	0.000055
70.084541	-0.021810
70.091949	-0.001342
70.094742	0.000068
70.131310	0.022381
70.210564	0.000288
70.233490	-0.000141
70.290192	0.000371
70.314323	0.018411
70.315254	-0.018376
70.449821	0.012093
70.482544	0.000055
70.491440	-0.011193
70.552078	0.000006
70.599785	0.001163
70.666946	0.001794
70.774361	0.000003
70.789520	0.001262
70.797913	0.001568
70.856285	-0.045354
70.864586	0.045275
70.908684	-0.000949
70.939377	-0.000597
71.075989	0.000013
71.128258	-0.010757
71.167770	0.008484
71.250175	-0.000457
71.296021	-0.000156
71.310776	0.000027
71.436676	-0.000037
71.477310	0.000018
71.529030	0.001081
71.627029	-0.000287
71.633499	0.000331
71.746788	-0.000671
71.778732	0.000619
71.790474	0.001293
71.862968	0.000052
71.906067	0.000005
71.995605	0.000117
72.022636	-0.021762
72.041565	0.020244
72.081367	-0.000037
72.215034	0.000119
72.233582	-0.000072
72.314995	0.000423
72.469543	-0.000323
72.579254	0.000328
72.617943	-0.004389
72.629433	-0.113531
72.638237	0.113950
72.652924	-0.000180
72.722847	0.005709
72.790123	-0.000560
72.855156	-0.000706
72.899994	0.007083
72.910667	-0.007226
73.063141	-0.085011
73.077393	0.084812
73.161598	0.000019
73.231049	-0.000025
73.352058	-0.000580
73.391289	0.011644
73.458649	0.001259
73.507713	-0.010077
73.518288	-0.000693
73.594177	0.000122
73.682495	0.004403
73.684250	0.002474
73.688576	0.000371
73.734352	-0.007585
73.825043	-0.002836
73.893349	-0.000934
73.917130	-0.000624
73.918312	0.000676
73.940514	-0.003474
73.942032	-0.003651
73.987007	0.008801
74.100746	0.000328
74.184921	-0.001215
74.225708	-0.000010
74.367950	0.009653
74.376068	-0.000855
74.384712	-0.003031
74.404556	-0.011173
74.432060	0.059433
74.437462	-0.058170
74.507149	0.001209
74.607246	0.005666
74.698021	0.000048
74.728210	-0.006222
74.759476	0.000819
74.859810	0.001213
74.876038	-0.000075
75.059807	-0.000156
75.098129	-0.000444
75.113602	-0.000460
75.129044	0.000587
75.236908	0.000211
75.267166	-0.000141
75.287178	0.022792
75.308121	-0.022349
75.404930	-0.000328
75.496704	-0.001618
75.524384	0.001609
75.573174	-0.000166
75.607780	0.041469
75.624794	-0.040614
75.742767	-0.000024
75.854958	0.000054
75.859261	-0.000132
75.895355	-0.000378
76.098709	0.000722
76.106827	0.000272
76.149887	-0.000213
76.242302	1.407643
76.245491	-1.408981
76.270004	0.000115
76.354744	-0.001594
76.447639	0.000156
76.466393	0.000653
76.492348	-0.120443
76.502739	0.121278
76.600937	0.006250
76.610741	-0.006458
76.734108	0.000010
76.867889	0.000134
77.026848	-0.000109
77.051369	-0.001660
77.052513	-0.001041
77.115662	0.001457
77.132507	0.001107
77.201004	0.000039
77.277901	-0.001816
77.279457	0.007592
77.287262	-0.000747
77.333160	-0.004889
77.420135	-0.000319
77.448647	-0.003101
77.495941	0.000864
77.508881	0.003048
77.512886	-0.011182
77.514633	0.011250
77.628250	0.000008
77.712021	-0.000411
77.773903	0.002105
77.883156	0.000008
77.973297	0.001247
77.976913	-0.000332
78.011322	0.004064
78.015305	-0.165844
78.019165	0.167369
78.041901	-0.005733
78.107803	-0.001615
78.267090	-0.005923
78.316231	-0.000959
78.332016	0.088623
78.355721	-0.081304
78.459816	0.000257
78.469955	0.000320
78.702553	-0.000479
78.704086	-0.000176
78.782471	-0.000699
78.803970	0.000261
78.841125	-0.000090
78.844986	0.054194
78.855827	-0.054379
78.893478	0.000359
79.019188	0.000430
79.099678	-0.000274
79.142998	0.000303
79.153435	-0.000435
79.202911	0.007910
79.211372	-0.008161
79.434311	0.000019
79.472710	0.000425
79.481308	-0.000294
79.494972	-0.000338
79.650520	0.000114
79.677757	-0.000171
79.719147	0.000637
79.848465	-1.054120
79.849998	1.054331
79.921707	-0.004051
79.988052	0.004272
80.074684	0.002420
80.089760	0.050033
80.096527	0.015482
80.100426	-0.065636
80.149872	0.092042
80.152420	-0.093858
80.312500	-0.000002
80.495163	0.000034
80.649841	-0.000021
80.686691	0.001113
80.717468	0.000343
80.722870	-0.010809
80.770401	0.010962
80.808678	0.000149
80.873894	0.000427
80.879250	0.002370
80.888458	0.000636
80.932465	-0.004155
80.972206	-0.117863
80.978493	0.117214
81.079567	0.000804
81.100273	0.000451
81.101730	0.007424
81.103607	-0.007231
81.295982	0.000310
81.324486	-0.000227
81.367805	-0.003303
81.526169	0.000000
81.570877	-0.001301
81.579430	0.001301
81.607597	0.432489
81.608414	-0.426337
81.612328	-0.003917
81.691902	-0.001814
81.710541	0.000332
81.914246	0.001234
81.932564	0.000667
81.934608	0.004432
81.954659	-0.006146
82.049149	-0.000163
82.077568	-0.000254
82.296349	0.000574
82.302094	0.000045
82.423653	-0.160616
82.427574	0.166142
82.451607	-0.005594
82.457741	-0.000009
82.483215	-0.000038
82.514565	0.000206
82.631432	-0.000004
82.714394	-0.000081
82.735634	-0.000049
82.747284	-0.000041
82.799652	-0.001801
82.806236	0.001841
83.073112	-0.000218
83.086105	-0.000731
83.110283	0.000028
83.121391	0.000484
83.224815	0.000225
83.242897	-0.000171
83.330948	0.000201
83.443794	1.865165
83.443977	-1.865175
83.571434	0.011953
83.612198	-0.011882
83.665543	-0.000416
83.688553	0.081706
83.697815	-0.085755
83.714050	-0.325423
83.719093	0.322731
83.725380	0.006943
83.900337	-0.000044
84.113739	0.000003
84.250282	0.000524
84.319771	-0.000708
84.331192	-0.000107
84.394302	0.078150
84.405579	-0.079327
84.414886	-0.000276
84.478188	-0.020975
84.480530	-0.002033
84.490463	-0.000500
84.517479	0.357425
84.523834	-0.353782
84.529610	0.021665
84.677734	-0.000784
84.686188	0.003568
84.689140	-0.003617
84.704453	-0.000281
84.932434	0.000176
84.944550	-0.000250
84.965889	0.002095
85.153267	-0.000002
85.169014	0.002136
85.181763	-0.000735
85.205147	0.760260
85.205338	-0.760143
85.210762	0.000307
85.313812	-0.000653
85.315521	-0.000220
85.531075	0.469809
85.532799	-0.466597
85.540916	-0.001802
85.569077	-0.001659
85.643768	-0.000021
85.685188	-0.000172
85.894196	-0.000025
85.894455	-0.000516
86.023705	-0.094682
86.025253	0.095664
86.055122	-0.000147
86.086533	0.000125
86.129066	0.000350
86.156639	-0.000204
86.239273	0.000755
86.319717	-0.000938
86.321442	-0.000341
86.353500	0.001261
86.400978	-0.754586
86.401932	0.754253
86.670097	0.000523
86.694168	-0.000096
86.738548	0.000161
86.755554	0.000243
86.823387	0.000029
86.855942	-0.000314
86.936119	-0.000681
87.030945	0.828933
87.033943	-0.828668
87.209114	0.031323
87.209641	-0.030720
87.227684	-0.003435
87.291473	-0.007102
87.302422	0.004959
87.320946	-0.049923
87.327965	0.052145
87.345787	0.000006
87.492706	0.000001
87.724396	0.000222
87.854187	0.000659
87.922356	0.000503
87.959404	0.000221
88.001251	-0.007587
88.017715	0.000082
88.018524	0.008097
88.079308	0.006378
88.081062	0.000872
88.094971	0.000306
88.114204	-0.087463
88.127533	-0.006718
88.137566	0.089344
88.266647	0.002335
88.269386	-0.002298
88.279854	-0.002341
88.309753	-0.001137
88.538780	-0.000390
88.568283	-0.002158
88.574669	-0.000096
88.767136	-0.000053
88.770805	-0.001503
88.784897	0.001132
88.805824	-0.256305
88.808517	-0.955804
88.808922	1.212345
88.917648	0.000077
88.920555	-0.001147
89.120277	0.204732
89.128761	-0.203362
89.146797	-0.000204
89.191681	-0.000815
89.244011	-0.000922
89.289421	0.000038
89.490204	0.000101
89.497452	0.000417
89.639610	-0.753103
89.641457	0.751741
89.656487	0.000969
89.687042	-0.000111
89.736229	-0.000110
89.807220	0.000647
89.843994	-0.000685
89.911713	0.000087
89.922630	0.000239
89.956680	-0.000047
90.005196	0.376873
90.006805	-0.377300
90.271446	-0.000532
90.298477	0.000242
90.347885	-0.000624
90.390175	-0.000032
90.454430	0.000072
90.488251	-0.000028
90.536110	0.001352
90.618622	0.469653
90.620247	-0.470654
90.778572	0.039561
90.783440	-0.039103
90.843269	-0.000625
90.896507	-0.055456
90.906761	0.055702
90.954926	0.122570
90.957161	-0.002514
90.958832	-0.118965
91.093674	0.000019
91.328423	-0.000533
91.459778	0.000060
91.527359	-0.000695
91.568642	0.026271
91.570946	0.088442
91.576523	-0.115858
91.624130	-0.000096
91.681610	-0.013616
91.691017	-0.000251
91.702415	-0.000178
91.728401	0.013279
91.788582	0.105194
91.799797	-0.104379
91.845901	-0.009808
91.848663	0.009490
91.882301	0.001585
91.914742	0.000860
92.142662	-0.000195
92.172607	0.002723
92.186256	0.000096
92.368675	0.000012
92.379448	0.002165
92.389412	-0.001106
92.405876	0.002143
92.416641	-1.265746
92.417404	1.264492
92.510788	-0.002198
92.523460	0.000043
92.709145	-0.160605
92.724815	0.156691
92.751831	0.004493
92.804764	0.000303
92.848305	0.000158
92.893318	0.000109
93.084961	-0.000063
93.103622	-0.000551
93.258133	-0.000890
93.270279	0.091023
93.272972	0.098739
93.278122	-0.188550
93.339386	0.000287
93.421349	-0.000048
93.445427	0.000961
93.515694	0.000089
93.518967	-0.000476
93.565033	0.000393
93.612839	-0.134177
93.616470	0.134452
93.877434	0.000304
93.900192	0.000055
93.948029	0.000123
94.023003	0.000189
94.106514	0.000629
94.130142	0.000241
94.131538	-0.001078
94.199081	-0.072958
94.204338	0.071721
94.336143	0.047543
94.355568	-0.044813
94.456985	-0.001246
94.503792	0.013314
94.513931	-0.013195
94.555542	-0.000286
94.600922	-0.703332
94.604431	0.703039
94.699310	-0.000016
94.926514	0.000425
95.068672	0.000353
95.132957	-0.017985
95.135345	-0.008972
95.144447	0.027749
95.166008	0.000286
95.230316	-0.000042
95.286041	0.008602
95.297142	0.000185
95.310097	0.000360
95.333366	-0.007775
95.422356	-0.001213
95.424606	0.001209
95.468056	-0.028121
95.473946	0.050019
95.488823	-0.022300
95.520584	0.000219
95.745789	0.000368
95.783699	-0.002019
95.785034	0.000205
95.961067	-0.000021
95.989174	0.000483
95.993103	0.000791
96.002182	-0.002802
96.028351	1.174052
96.031548	-1.174150
96.089706	0.004746
96.129829	0.000329
96.297691	0.023211
96.316864	-0.025045
96.353218	-0.000056
96.406616	0.000185
96.460960	-0.000366
96.496277	-0.000548
96.685280	-0.000292
96.713303	0.000130
96.836967	0.000342
96.858696	-0.000176
96.916847	-0.023952
96.924973	0.023671
96.937363	-0.000120
97.005966	-0.000069
97.044960	-0.000592
97.115570	-0.000292
97.137726	0.001169
97.174927	0.000340
97.224037	-0.008562
97.230293	0.008243
97.489326	-0.000331
97.498634	0.000171
97.544106	-0.000194
97.629784	-0.000037
97.718376	0.004348
97.774048	0.002283
97.777908	0.006699
97.790321	-0.012447
97.792480	-0.001184
97.899101	-0.013789
97.931259	0.012332
98.064301	0.001887
98.114517	-0.025382
98.125313	0.026158
98.147705	0.000530
98.249596	0.002647
98.254417	-0.003648
98.314041	-0.000057
98.519547	-0.000283
98.679146	0.005106
98.694511	0.019149
98.726501	-0.017289
98.743401	-0.005205
98.750336	0.000347
98.836174	-0.000289
98.891884	0.001307
98.909798	-0.001338
98.919579	-0.000963
98.941574	-0.001875
98.999954	0.001520
99.001495	-0.001568
99.080879	0.001695
99.126404	0.000743
99.154854	-0.035892
99.164902	0.032123
99.348358	-0.000117
99.366096	-0.000046
99.397408	0.001505
99.544426	0.000011
99.598312	0.003151
99.600853	0.000801
99.601875	-0.001139
99.647926	0.043501
99.651863	-0.043625
99.662247	-0.004957
99.737465	-0.001017
99.890007	0.053809
99.911194	-0.052761
99.951149	0.000251
99.998512	0.000188
100.076370	0.000854
100.097649	0.000283
100.283340	0.000145
100.326187	-0.000185
100.401344	-0.000161
100.458946	-0.000808
100.531403	0.000184
100.563454	0.045762
100.570168	-0.000637
100.578476	-0.044941
100.642380	-0.000013
100.717400	0.000104
100.763710	0.000659
100.790871	-0.000056
100.836449	-0.034431
100.847908	0.035071
101.095184	-0.000310
101.104431	0.000579
101.133476	-0.000012
101.212021	0.000029
101.301384	-0.009034
101.355858	0.018652
101.381477	-0.009352
101.443726	0.000177
101.465805	0.004858
101.475899	-0.000063
101.511032	-0.005988
101.666367	0.001329
101.729004	0.120205
101.731758	0.029223
101.737144	-0.150000
101.900093	-0.015393
101.907455	0.014932
101.932632	0.000019
102.108505	0.000020
102.262985	-0.003355
102.292778	-0.005119
102.315758	0.002061
102.321831	-0.000793
102.352066	0.004864
102.441772	0.000782
102.498329	-0.001696
102.518166	0.001409
102.527664	0.001426
102.547859	0.001856
102.576576	0.037705
102.577431	-0.037554
102.681488	0.001485
102.732956	0.000198
102.837616	0.040515
102.853355	-0.041557
102.937546	0.000284
102.951035	-0.001152
103.012741	-0.001883
103.124535	0.000008
103.191910	0.003723
103.205124	0.002635
103.217514	0.000667
103.231514	-0.004827
103.268097	0.001427
103.274910	-0.001328
103.345940	0.000902
103.488014	0.085032
103.499084	-0.082961
103.548073	-0.001086
103.587440	-0.002930
103.696205	0.000542
103.699524	0.000006
103.884819	-0.000361
103.942871	-0.000012
103.960648	0.000351
104.058907	-0.000579
104.120804	-0.000122
104.121994	0.000227
104.215340	0.002958
104.236565	-0.004625
104.239571	-0.000710
104.328499	-0.000813
104.389091	-0.001060
104.405258	0.000770
104.452034	-0.003725
104.466225	0.004179
104.689384	-0.000427
104.717850	0.000348
104.722755	0.000126
104.772400	-0.000021
104.879700	0.004994
104.933708	-0.007413
104.969788	0.002506
105.037460	0.004632
105.094505	-0.004065
105.119080	0.000141
105.166107	-0.000224
105.267700	-0.000049
105.309669	-0.000037
105.340652	-0.024633
105.349770	0.025104
105.552132	-0.033322
105.560547	0.002055
105.561493	0.031010
105.694176	-0.000102
105.836411	0.001340
105.888901	0.000232
105.906128	0.000787
105.912003	-0.001224
105.963661	-0.000498
106.046120	-0.000356
106.106049	-0.001380
106.136711	0.000435
106.142090	-0.000496
106.152496	-0.071431
106.153145	0.070654
106.154335	0.001554
106.279205	-0.000262
106.339462	-0.000818
106.499100	0.000135
106.521164	0.009191
106.540276	-0.008427
106.546448	0.001096
106.631386	0.001335
106.695572	-0.000001
106.783325	0.026633
106.796661	-0.026812
106.810867	-0.001018
106.834808	-0.000094
106.888657	0.173802
106.899551	-0.173633
106.954712	-0.000829
107.073425	-0.032200
107.092369	0.032398
107.142586	0.000654
107.181229	0.000691
107.299492	0.000585
107.319069	0.000414
107.481590	-0.000089
107.523026	0.000208
107.561531	0.000084
107.658211	-0.000013
107.663963	-0.001003
107.708122	0.000024
107.837364	0.000069
107.867538	0.037542
107.900169	-0.036639
107.944588	-0.000360
108.016029	-0.000067
108.019073	0.000176
108.069359	-0.045010
108.086670	0.044784
108.282677	0.000525
108.297073	-0.000621
108.323097	0.000002
108.345161	-0.000618
108.455986	0.017018
108.511284	-0.008238
108.563911	-0.008658
108.611946	-0.000617
108.682045	0.000542
108.786682	0.000262
108.861565	-0.000368
108.867165	0.000078
108.881767	0.000133
108.955177	0.012450
108.964180	-0.011389
109.194969	0.000007
109.202614	0.076256
109.214737	-0.075932
109.277214	0.000540
109.415604	0.001389
109.450279	-0.000444
109.514633	-0.001896
109.521667	-0.001746
109.574440	0.000958
109.651695	0.000571
109.714600	0.002310
109.732201	-0.223470
109.732590	0.223487
109.752350	0.000167
109.753586	-0.000140
109.760422	-0.001378
109.876854	0.000641
109.945801	0.000346
110.053276	0.000383
110.144714	-0.001147
110.205040	0.001407
110.226517	-0.000998
110.251541	-0.003225
110.267136	0.000063
110.362892	-0.015749
110.373291	0.017204
110.416954	0.002308
110.455330	-0.000592
110.516060	0.160531
110.526550	-0.160445
110.564743	0.000901
110.638893	0.000769
110.701225	-0.001249
110.735367	-0.000622
110.783478	0.000291
110.899223	-0.000446
110.943642	-0.001696
111.080887	0.005139
111.086075	-0.005190
111.182938	0.000092
111.197083	-0.000155
111.258522	0.000892
111.292473	-0.000142
111.436142	-0.000377
111.521057	-0.003555
111.561234	0.003495
111.569611	0.000094
111.627457	-0.000298
111.642815	0.000645
111.684814	0.007083
111.706894	-0.007182
111.870735	-0.000025
111.872086	-0.000437
111.873695	-0.000009
111.970314	-0.000347
112.031639	-0.013022
112.090889	0.016739
112.159622	-0.003855
112.192604	-0.002072
112.273224	0.003115
112.449043	0.000049
112.452156	-0.000357
112.464592	-0.000442
112.554245	0.000316
112.570480	-0.029468
112.579262	0.027902
112.837791	0.000112
112.852936	-0.033445
112.857330	-0.000553
112.866623	0.033404
112.998100	0.003871
113.006653	-0.000074
113.121750	-0.003404
113.138618	0.001180
113.185280	-0.001106
113.257416	-0.000815
113.310562	-0.004281
113.310799	0.004117
113.323387	0.001873
113.366470	0.003850
113.369553	-0.002613
113.372078	-0.003433
113.472710	-0.000218
113.552338	-0.000001
113.600983	-0.000687
113.741844	0.000126
113.833229	-0.000003
113.873810	0.002997
113.886040	-0.014183
113.908134	0.013370
113.928291	-0.000438
113.962120	0.005421
114.025146	-0.002477
114.078049	0.001236
114.144203	-0.020766
114.158272	0.020511
114.175407	-0.000406
114.194374	-0.012098
114.315872	0.006807
114.327316	0.000259
114.390205	-0.000317
114.498611	-0.000467
114.570679	-0.000119
114.654427	-0.000760
114.675430	0.000790
114.723106	0.001434
114.806900	-0.000271
114.856934	-0.000417
114.874748	0.000310
115.035851	0.000130
115.173477	-0.012814
115.197884	0.000489
115.220711	0.001612
115.223534	0.010616
115.273354	0.000656
115.305199	-0.021160
115.326981	0.021818
115.430573	0.000096
115.447029	0.000213
115.464417	0.000339
115.598358	0.000299
115.608284	-0.010684
115.673668	0.002776
115.756279	0.006644
115.775742	0.013545
115.866562	-0.013333
116.013557	-0.000062
116.061401	-0.001842
116.108688	0.000262
116.187073	0.062081
116.194336	-0.062411
116.247032	-0.000295
116.436325	-0.000237
116.486153	0.000031
116.502350	0.121499
116.519463	-0.121391
116.560677	-0.000038
116.586525	0.001970
116.732330	-0.001726
116.756516	0.001744
116.798119	-0.002254
116.863335	0.000764
116.888702	-0.003418
116.893494	0.003250
116.935593	0.018518
116.972542	-0.016942
116.982552	-0.000564
116.990601	-0.000206
117.067802	0.000999
117.144363	0.000218
117.159904	0.000775
117.338898	0.000181
117.401283	0.000023
117.492706	0.003450
117.496368	-0.002471
117.552391	-0.003593
117.565887	-0.041225
117.588402	0.041108
117.633453	0.002218
117.702858	-0.001188
117.746834	0.001802
117.773735	0.126839
117.783302	-0.127155
117.788147	0.000120
117.917915	0.000160
117.936119	0.016541
117.999832	-0.017303
118.098251	0.000377
118.199013	-0.000533
118.220490	-0.000537
118.244087	-0.001303
118.272621	0.000629
118.432381	0.000866
118.455254	0.000116
118.458748	0.000254
118.637779	-0.000875
118.782532	-0.000342
118.825592	0.005476
118.832863	0.000443
118.883324	-0.005503
118.899261	0.000509
118.922516	0.020183
118.948364	-0.019638
119.007553	0.000092
119.019592	-0.000127
119.052856	-0.000423
119.185760	-0.004026
119.228355	0.000144
119.259094	-0.008937
119.354683	0.011343
119.363983	0.001547
119.463646	-0.001586
119.574768	0.000232
119.658218	0.001149
119.762070	-0.000164
119.803925	0.004982
119.810425	-0.005064
119.935081	0.000237
120.014343	-0.000136
120.111465	0.000242
120.140579	0.000054
120.149757	-0.003576
120.166367	0.003867
120.177849	0.002392
120.344353	-0.001119
120.373535	0.010607
120.411240	-0.009663
120.468330	-0.000579
120.476288	0.161303
120.477585	-0.161078
120.544724	0.006273
120.577469	-0.005934
120.597786	0.000463
120.610947	0.000787
120.661537	-0.001323
120.684540	-0.000349
120.765648	-0.002122
120.934486	-0.000415
120.964584	-0.000005
121.054588	0.001547
121.120476	0.000977
121.141495	-0.000254
121.239799	-0.004887
121.241890	-0.025085
121.264992	0.028970
121.297256	-0.002730
121.328339	0.000158
121.401192	0.015755
121.402191	0.000829
121.412529	-0.015820
121.508705	-0.000239
121.556007	-0.011109
121.612617	0.012792
121.697891	0.000156
121.761543	0.000964
121.792473	-0.000125
121.828461	0.000198
121.866348	0.000101
122.033295	-0.000026
122.058861	0.001372
122.059723	-0.000241
122.240852	0.000160
122.323128	0.000259
122.467018	-0.000022
122.476707	0.002210
122.526978	0.000801
122.537468	-0.002105
122.541069	-0.024946
122.564758	0.024271
122.588074	0.000456
122.608879	-0.000112
122.642036	-0.000415
122.765190	-0.002162
122.845299	-0.016527
122.859322	-0.000215
122.952354	0.025715
122.954597	-0.005026
123.062386	-0.001989
123.133514	-0.000584
123.254128	-0.000236
123.406502	-0.000217
123.420753	0.111739
123.426682	-0.111230
123.591164	0.000207
123.620140	0.000157
123.660362	0.000332
123.771980	-0.000276
123.792778	-0.002119
123.797218	0.000031
123.811691	0.002127
123.957199	-0.000186
123.990929	0.004025
124.023766	-0.005164
124.063728	-0.031057
124.064980	0.031674
124.074883	-0.000777
124.154533	-0.008683
124.182701	0.006982
124.215591	-0.000699
124.221794	0.000112
124.233551	0.001345
124.254936	-0.000019
124.373459	0.000767
124.527718	0.000620
124.532356	0.000008
124.612061	0.000178
124.733276	-0.003238
124.742706	-0.001614
124.852608	0.001259
124.853180	0.003297
124.912224	0.009372
124.937508	-0.006940
124.957153	-0.002468
125.015694	0.004089
125.032005	-0.267807
125.041466	0.262951
125.096603	-0.000415
125.176659	-0.013055
125.224922	0.013097
125.277283	-0.000608
125.296654	0.000820
125.362114	0.000293
125.457687	-0.000765
125.462349	-0.000021
125.610703	0.000244
125.659676	-0.000591
125.689812	-0.000133
125.846535	0.000419
125.849747	-0.000032
126.105980	0.000444
126.127708	0.008532
126.154045	-0.000876
126.157272	-0.000163
126.162613	-0.006054
126.185760	0.006863
126.194984	-0.008294
126.220833	-0.000611
126.231163	-0.000223
126.348091	-0.001887
126.441643	-0.003399
126.491783	-0.000014
126.552429	0.000305
126.553795	0.004126
126.663513	0.001566
126.691200	0.000278
126.850739	-0.000608
127.036385	-0.281302
127.043602	0.281114
127.051346	0.000101
127.168678	0.000216
127.208031	0.000259
127.299049	-0.000007
127.370110	0.001001
127.434158	-0.005608
127.454681	0.003844
127.456238	0.001468
127.572815	-0.001248
127.608902	-0.011242
127.637825	0.011504
127.649818	-0.008371
127.657166	0.008870
127.680428	0.000045
127.758247	-0.001126
127.767754	0.006933
127.788849	-0.004112
127.830132	0.000083
127.849777	0.000684
127.852852	-0.000317
127.979507	-0.001025
128.096390	0.000046
128.123581	-0.000283
128.163727	-0.000671
128.323715	0.025817
128.368576	0.004714
128.416046	-0.023821
128.460266	-0.004285
128.575439	0.006599
128.584259	0.000669
128.602127	-0.004836
128.630447	-0.000084
128.656647	0.266424
128.667694	-0.270963
128.685928	0.005182
128.794983	-0.001570
128.798370	0.011918
128.838730	-0.014706
128.896820	-0.000915
128.935623	0.000036
129.057922	-0.000007
129.087402	0.000998
129.187332	-0.000167
129.263016	-0.000545
129.321060	0.000226
129.375427	0.000112
129.454590	0.000301
129.725754	0.000285
129.742249	-0.000276
129.777100	-0.005261
129.780426	0.035617
129.781525	-0.073035
129.807541	0.036914
129.821136	-0.000450
129.841110	0.000535
129.846497	0.005299
129.933533	0.003891
130.040237	-0.005752
130.123642	0.000374
130.151825	0.005444
130.154724	0.001211
130.247711	0.000202
130.266586	-0.005931
130.446762	0.001056
130.653397	-0.106844
130.657684	0.106854
130.690659	-0.000012
130.746475	-0.000004
130.755768	0.000017
130.971588	-0.002555
130.973419	0.000001
131.070786	0.008557
131.093964	-0.007657
131.110641	0.000144
131.187439	0.001533
131.226700	-0.004605
131.242371	0.019454
131.248871	-0.019478
131.251358	0.004437
131.285919	0.000139
131.296387	-0.000836
131.377167	-0.041766
131.395920	0.039684
131.440125	0.001237
131.447800	-0.000209
131.472137	0.000815
131.587036	-0.000419
131.665848	-0.000063
131.711945	-0.000095
131.719391	0.000506
131.919754	0.003266
131.984741	-0.003634
131.991226	-0.001069
132.069778	0.000391
132.214005	0.000513
132.223373	-0.034480
132.247940	0.000280
132.261993	0.036155
132.275467	0.000340
132.285141	0.560435
132.294128	-0.558210
132.325089	-0.005590
132.420334	-0.005810
132.452316	0.004876
132.495789	0.000465
132.503235	-0.000250
132.656097	0.000283
132.715820	0.000915
132.763336	-0.000237
132.866074	-0.000689
132.901337	-0.000106
132.953506	0.000697
133.064743	-0.000625
133.295288	-0.000059
133.379761	0.000411
133.397507	-0.035621
133.399506	0.018548
133.409927	0.021778
133.418961	-0.003933
133.425308	0.010958
133.456787	-0.000345
133.493607	-0.011269
133.521744	-0.001719
133.645523	0.000980
133.754288	0.000237
133.755768	-0.000144
133.756531	-0.001044
133.803986	0.000144
133.870880	-0.000532
134.044342	0.000844
134.268723	-0.035570
134.271973	0.035019
134.303619	-0.000281
134.324722	0.000656
134.334030	0.000023
134.576904	0.000439
134.640182	-0.000306
134.698761	-0.001969
134.730652	0.002681
134.763046	-0.000026
134.802658	0.000953
134.837250	-0.011118
134.839996	0.025437
134.841782	-0.022059
134.848434	0.005745
