-12.283494	0.000003
-12.281877	0.000001
-8.697731	-0.000006
-8.696185	0.000002
-7.281562	0.000003
-7.280137	-0.000002
-5.119580	0.000204
-5.118643	-0.000207
-3.703308	-0.005201
-3.702091	0.005199
-2.862163	0.009660
-2.860011	-0.009659
-1.848967	-0.091960
-1.848480	0.091967
-1.504468	-0.001634
-1.502921	0.001659
-0.140829	0.002711
-0.139086	-0.002708
0.701148	0.013061
0.702347	-0.013105
0.983223	-0.011334
0.985113	0.011338
1.641007	0.038834
1.641362	-0.038813
2.027966	-0.027480
2.030491	0.027457
2.144429	-0.003011
2.146083	0.002937
3.428075	-0.003035
3.429021	0.002965
4.201813	0.028348
4.203024	-0.028300
4.229519	-0.007479
4.231103	0.007546
4.556899	-0.000202
4.557992	0.000198
5.046598	-0.005182
5.048782	0.005653
5.315047	-0.428413
5.315215	0.428410
5.552936	0.192388
5.553390	-0.192308
5.757867	-0.453770
5.757943	0.453903
6.435084	0.012384
6.436416	-0.012410
6.890397	0.000011
6.893750	-0.000031
7.012871	-0.011476
7.014688	0.011924
7.621718	0.006205
7.626374	-0.006094
7.742308	0.004451
7.746701	-0.004596
7.827027	-0.110281
7.827500	0.110265
8.320896	0.055548
8.322888	-0.055494
8.425456	-0.011831
8.435243	0.011462
8.570309	-0.001484
8.593480	0.001365
8.830285	-0.003474
8.846771	0.003529
8.961556	0.000407
8.981417	-0.000383
9.322576	-0.001517
9.333104	0.002219
9.451911	0.000740
9.458915	-0.000968
9.857012	0.000295
9.887239	0.000317
9.938890	-0.001288
9.961206	-0.000091
10.270846	-0.000532
10.340182	0.000638
10.375856	0.000118
10.530072	-0.000016
10.590950	-0.001054
10.620102	0.002612
10.639431	-0.002172
10.850317	-0.000595
10.868312	-0.001194
11.026601	0.000632
11.147312	-0.000070
11.241326	-0.000016
11.274535	0.001636
11.303478	-0.000844
11.330540	0.004498
11.383587	0.009924
11.384218	-0.013031
11.466072	-0.000011
11.589310	-0.000668
11.629070	0.000727
11.651999	0.001076
11.689429	-0.001476
11.701100	-0.000676
11.753719	-0.001679
11.814888	-0.000112
11.909954	-0.000250
11.923676	0.001756
12.003583	0.003771
12.117385	0.000152
12.130522	-0.001346
12.258861	-0.000274
12.361066	0.000149
12.391850	-0.001418
12.470927	0.000746
12.506281	-0.000243
12.530754	-0.000860
12.615547	-0.000674
12.868396	0.000401
12.888065	-0.000259
12.924931	0.000301
12.963146	-0.001958
12.985226	-0.409884
12.985814	0.412115
13.145607	0.000437
13.213595	-0.000207
13.241747	-0.000102
13.274563	0.000066
13.401591	0.000047
13.475940	0.000427
13.682998	0.004824
13.797632	0.000207
13.870948	0.000380
13.901730	-0.005293
13.920579	-0.000557
14.058770	0.001817
14.084530	-0.000213
14.136280	-0.000679
14.173869	-0.000232
14.260488	0.000230
14.293197	-0.002092
14.337299	0.000893
14.338224	0.000242
14.419520	-0.001070
14.524319	0.000509
14.655420	-0.000180
14.718824	0.000245
14.847819	-0.001711
14.857201	0.001443
14.982432	0.000640
14.984689	-0.003040
15.043520	0.001784
15.048558	0.001501
15.068108	-0.002139
15.098015	-0.001124
15.134460	-0.000210
15.262919	0.000309
15.312119	-0.001633
15.343722	0.003381
15.388111	0.000182
15.403428	-0.000243
15.463145	-0.001313
15.506890	-0.000066
15.562538	0.000507
15.605980	-0.009117
15.683229	0.000212
15.701443	0.008743
15.719069	-0.000356
15.726106	0.003320
15.942986	-0.000263
15.975142	-0.000018
16.011297	0.000151
16.056356	-0.000598
16.113411	0.000129
16.216846	0.002225
16.250893	-0.000190
16.315565	-0.001987
16.373213	0.000492
16.448166	0.000255
16.543377	0.002022
16.644300	0.000492
16.691034	-0.000021
16.703739	0.000843
16.742035	0.004502
16.757183	-0.005303
16.867136	-0.001510
16.898382	0.000154
16.969173	0.000171
17.022665	-0.000133
17.067057	-0.001649
17.072681	0.000093
17.126453	-0.000044
17.191980	0.000166
17.337017	-0.000184
17.350565	-0.000413
17.519344	0.000456
17.655220	-0.000373
17.728588	-0.001107
17.826385	0.000305
17.854530	0.000351
17.878811	-0.000167
17.882681	-0.000078
17.927498	0.006526
17.994478	-0.001820
18.007675	0.000140
18.061733	-0.001418
18.100904	0.001509
18.143803	-0.000230
18.224716	0.000058
18.260180	-0.003931
18.303402	-0.000059
18.412722	-0.000789
18.419363	0.000369
18.457745	-0.000335
18.580404	-0.000882
18.597075	0.001491
18.700895	-0.000268
18.745501	-0.000263
18.841103	0.000159
18.881992	0.000653
18.963987	-0.010948
18.966049	0.005043
18.968966	0.007273
18.977030	-0.004506
19.043421	0.005795
19.112787	-0.002192
19.140579	-0.000417
19.160131	-0.000061
19.169191	-0.000090
19.221745	-0.000132
19.440567	-0.000019
19.447948	0.000376
19.463018	0.000394
19.472498	-0.000618
19.595219	-0.000234
19.601078	-0.000311
19.685059	-0.000381
19.749071	-0.000998
19.794153	0.001757
19.820087	0.000025
19.891684	-0.000093
19.973537	-0.000589
20.095184	-0.000108
20.149857	0.000009
20.172728	0.000258
20.308626	0.003017
20.340088	-0.002872
20.365396	-0.000289
20.427710	0.000467
20.448864	-0.000362
20.456583	0.000388
20.462420	-0.000132
20.546728	0.000451
20.672150	-0.000387
20.680746	0.000395
20.694832	-0.000346
20.715933	0.000265
20.737053	0.000232
20.893934	0.001199
20.904810	-0.000485
20.941582	0.000057
21.122927	0.000043
21.189068	-0.000045
21.237375	-0.000064
21.349785	0.000009
21.476963	-0.000203
21.567949	0.000186
21.586308	0.001598
21.647703	-0.002037
21.653015	0.000860
21.713690	-0.001381
21.716417	0.005602
21.737110	-0.001892
21.749020	-0.002040
21.781658	-0.000803
21.854288	-0.000467
21.946377	0.000777
21.980766	-0.000104
22.061388	-0.000135
22.129358	-0.000748
22.159298	0.001536
22.175367	-0.001090
22.197092	-0.000419
22.450716	-0.000164
22.491711	0.000055
22.519623	-0.000758
22.584253	0.000652
22.591509	0.000056
22.605402	-0.000687
22.609564	0.000242
22.636480	0.000243
22.676920	-0.000184
22.722214	-0.000571
22.823944	0.000259
22.880655	0.000137
22.923594	0.000070
22.946280	0.000209
22.971663	-0.000117
23.075333	0.000037
23.137688	-0.000703
23.158644	0.000526
23.199884	-0.000586
23.226940	-0.000273
23.227800	-0.000146
23.337181	0.000866
23.388565	-0.001028
23.503904	0.000211
23.519463	0.000684
23.623913	0.000121
23.686403	-0.000160
23.765039	0.000214
23.897871	0.080295
23.905930	-0.000098
23.940592	-0.082192
23.965925	0.001773
24.043625	0.000216
24.080423	-0.000389
24.127172	-0.000190
24.276417	0.000993
24.278259	0.000007
24.364634	-0.000031
24.375484	0.001131
24.428776	-0.000944
24.530848	-0.000339
24.569677	0.003630
24.608845	-0.002955
24.616417	-0.000321
24.640961	-0.000406
24.672331	0.000495
25.026186	0.000413
25.043873	-0.000037
25.060711	-0.000473
25.168396	0.002019
25.169401	-0.000706
25.224743	-0.000699
25.230793	0.000486
25.302008	0.000842
25.312815	-0.000937
25.326477	0.010328
25.333179	-0.010427
25.395061	0.001615
25.396851	-0.001687
25.567345	0.004083
25.577766	-0.004846
25.645506	-0.000719
25.739910	-0.000964
25.755890	0.000131
25.795208	0.001542
25.840647	-0.000675
26.003304	-0.000069
26.100521	-0.000735
26.154789	0.008895
26.176548	-0.000555
26.181812	-0.001671
26.200804	0.000429
26.218204	-0.000330
26.229809	0.000913
26.235752	0.003471
26.323198	-0.011012
26.464209	0.000461
26.495958	0.000164
26.499159	0.001451
26.531710	-0.001450
26.577587	0.000163
26.601542	-0.000454
26.648634	-0.000112
26.759781	0.001163
26.761869	-0.000157
26.827942	-0.000484
26.852364	-0.001034
26.885277	0.000879
26.923990	0.000385
27.034054	0.000167
27.099024	0.000351
27.163443	-0.000088
27.400578	-0.000181
27.433434	-0.000011
27.463348	-0.000081
27.535498	-0.000166
27.541122	-0.000304
27.620636	0.000408
27.633493	-0.000162
27.681589	-0.000108
27.728571	0.000206
27.806904	-0.000110
27.955053	-0.000790
28.009001	0.000552
28.041807	0.000018
28.067825	-0.000399
28.131561	0.000098
28.185747	0.000587
28.218643	0.000315
28.311045	-0.000181
28.339989	-0.000201
28.381941	-0.000085
28.492054	-0.000266
28.654268	0.000566
28.729410	-0.002793
28.767000	0.003302
28.796421	0.000784
28.802338	-0.001840
28.854353	-0.000365
28.876600	0.001427
28.902590	0.016315
28.904381	0.002919
28.910381	-0.019729
28.939552	0.000309
29.066839	0.000001
29.083757	-0.000033
29.157583	0.000278
29.322037	0.000156
29.344995	0.001580
29.411453	-0.001185
29.506126	0.000886
29.581083	-0.001165
29.605968	0.000853
29.615885	-0.000565
29.709574	0.002429
29.772001	-0.002691
29.804016	-0.000232
29.830214	0.000024
29.853653	-0.000953
29.869677	-0.008973
29.873159	0.008956
29.937737	-0.000021
29.979380	0.000844
30.040234	0.001098
30.099201	-0.000235
30.150076	0.013369
30.160532	-0.013338
30.164825	-0.000270
30.179531	-0.000710
30.348282	0.000057
30.351692	-0.000378
30.386658	0.000662
30.501028	-0.000626
30.533787	-0.021569
30.536568	0.023069
30.565371	-0.001711
30.674524	-0.000029
30.828381	0.000023
30.927076	-0.000060
31.131512	0.000656
31.136110	-0.000097
31.184113	0.000457
31.188017	-0.000116
31.234644	-0.000174
31.254124	-0.000928
31.272161	0.000916
31.318846	-0.000641
31.331604	-0.000282
31.438490	0.006789
31.443388	-0.006840
31.633839	-0.000910
31.729645	0.000450
31.741800	0.000598
31.780422	0.002316
31.788332	-0.002378
31.795523	-0.000482
32.070152	0.000046
32.076305	0.000005
32.193684	-0.002130
32.289989	-0.000051
32.297237	-0.000058
32.376503	0.001693
32.406044	-0.012402
32.410793	0.011126
32.447296	-0.001893
32.461449	0.005111
32.477364	0.001691
32.484592	-0.001717
32.535221	0.000272
32.549152	-0.000341
32.655937	-0.000889
32.795784	-0.025758
32.799156	0.026656
32.832542	-0.001269
33.022270	0.006632
33.025661	-0.006900
33.200317	-0.001954
33.202286	0.002043
33.242043	0.000902
33.293652	-0.000164
33.297604	-0.003427
33.361942	0.000765
33.434292	0.000019
33.439888	-0.000010
33.495071	-0.008011
33.502296	-0.038367
33.502502	0.038566
33.525257	-0.000383
33.595497	0.000125
33.623779	0.011832
33.642208	-0.003013
33.653076	0.003310
33.758430	0.000024
33.782997	-0.042707
33.783489	0.041819
33.823952	-0.000095
34.027824	-0.000253
34.121574	-0.025014
34.125053	0.024851
34.161488	0.000465
34.168468	0.004011
34.182625	-0.004070
34.308964	-0.000431
34.477703	0.000132
34.491627	-0.000232
34.717876	0.000400
34.735497	-0.000165
34.767536	-0.000393
34.811131	0.000305
34.825344	0.001834
34.826202	-0.001023
34.840538	-0.001103
34.880905	0.000169
34.888523	0.001225
34.917305	0.000145
35.041359	-0.000127
35.178043	0.004693
35.192108	-0.005305
35.359764	-0.000124
35.370632	0.002573
35.391113	-0.002843
35.540245	-0.000041
35.694572	0.000599
35.710621	0.000160
35.859470	0.003173
35.863750	0.000169
35.889740	-0.003821
35.936794	-0.000201
35.949352	0.001341
35.980396	-0.001367
36.048199	0.007582
36.055210	-0.006846
36.069366	-0.000378
36.106129	0.000359
36.123154	0.000206
36.185371	-0.000080
36.351444	-0.002659
36.361332	0.002602
36.412464	-0.000081
36.573013	-0.000320
36.633041	0.003936
36.635956	-0.003028
36.833542	-0.000404
36.851875	0.000556
36.873516	-0.000018
36.930893	0.000217
36.946705	-0.000274
36.954681	-0.001415
37.048874	-0.000453
37.050308	0.000235
37.083168	-0.000649
37.112675	-0.003590
37.124649	0.003857
37.151546	-0.002916
37.157089	0.003333
37.160633	-0.000364
37.191471	0.000242
37.207668	0.000372
37.264679	-0.000076
37.424225	-0.000377
37.462337	0.000028
37.611725	0.000063
37.658875	-0.000429
37.699051	0.000835
37.776077	-0.027210
37.796822	-0.000968
37.817593	0.027940
37.822613	0.000355
37.976681	0.000351
38.044800	0.000030
38.147957	-0.000160
38.230194	0.000276
38.234432	0.005084
38.250919	-0.005772
38.268463	0.000197
38.332344	-0.000110
38.459869	0.000098
38.467812	-0.002418
38.499138	0.002175
38.580704	0.000480
38.625626	-0.000083
38.711643	0.000065
38.786945	0.003666
38.797554	-0.004502
38.944267	0.000213
38.954140	-0.000859
38.982185	0.001168
39.176598	0.000211
39.274757	-0.000055
39.288654	-0.005061
39.294998	0.003871
39.358841	0.000802
39.418274	-0.000257
39.585583	0.000588
39.618862	-0.001001
39.621883	-0.002564
39.626419	0.002184
39.629677	0.000316
39.672394	-0.000675
39.759277	0.000491
39.819481	0.000100
39.823528	0.000084
39.949440	-0.005777
39.963104	0.006246
40.025742	-0.000840
40.193951	0.000653
40.253731	-0.000540
40.354332	0.000013
40.404823	0.000360
40.439114	-0.000531
40.454773	-0.000800
40.550991	0.000800
40.589375	0.004918
40.595200	0.000847
40.641850	0.011567
40.643112	-0.011952
40.658875	0.000355
40.676350	0.007290
40.684437	-0.015223
40.729004	0.005602
40.736202	-0.001341
40.737110	-0.004377
40.778561	-0.002080
40.843716	-0.000892
40.966812	0.004905
41.087830	0.002410
41.089989	0.000155
41.277115	0.000172
41.279457	-0.001543
41.298546	-0.004003
41.376385	-0.001470
41.402187	0.001505
41.480278	-0.000048
41.512280	0.000660
41.628071	-0.000542
41.675945	0.001916
41.688438	0.001068
41.695065	-0.001242
41.768211	0.000876
41.792828	0.000112
41.822933	-0.000036
41.846352	-0.000687
42.058064	0.005508
42.077168	-0.005295
42.086716	0.000507
42.310474	0.000054
42.390514	-0.000274
42.418518	0.004325
42.425114	-0.004665
42.501823	-0.000897
42.519447	0.000961
42.536037	-0.000425
42.617275	0.000438
42.678726	0.000135
42.729118	0.002418
42.774929	-0.002993
42.893360	0.000163
42.921383	0.000400
42.975803	0.000017
43.205284	-0.005637
43.210781	0.005963
43.248619	0.000713
43.261665	0.002001
43.283379	-0.001128
43.286499	-0.000534
43.363045	-0.001801
43.444057	-0.001566
43.501663	0.002090
43.529663	0.000112
43.583344	-0.008030
43.601559	0.008445
43.861809	0.032446
43.864452	-0.021144
43.865459	-0.010774
43.983627	-0.000390
44.041889	-0.000557
44.149990	0.000331
44.160980	0.000113
44.180267	0.004698
44.188904	-0.005124
44.200855	-0.001330
44.223534	-0.000516
44.238846	0.000676
44.266872	-0.000073
44.304176	0.000673
44.320618	0.000393
44.325855	-0.001255
44.329796	-0.001553
44.333302	0.003972
44.629581	0.000224
44.672867	0.000338
44.709030	-0.000446
44.743530	-0.001191
44.873070	-0.005905
44.876366	0.006730
44.888374	-0.000115
44.969475	0.002417
45.008041	-0.002511
45.121330	0.000212
45.121475	0.000170
45.152699	0.000519
45.172005	-0.000389
45.231823	-0.000185
45.331535	0.003783
45.346310	0.000010
45.370529	-0.003282
45.423519	0.000046
45.604877	0.003144
45.610710	-0.003555
45.643135	0.000586
45.705978	-0.000250
45.970112	-0.000001
46.050259	-0.002984
46.050423	-0.000092
46.059658	-0.123622
46.062084	0.127086
46.155159	-0.000097
46.172356	0.001162
46.223568	0.002661
46.227669	-0.001265
46.234001	-0.001390
46.378864	-0.000017
46.482697	0.000023
46.533768	-0.000313
46.643822	0.000021
46.790970	-0.010926
46.804024	0.010645
46.840893	-0.003218
46.868587	0.002494
46.887287	-0.002353
46.904205	0.003992
46.953102	0.000489
47.053921	0.025644
47.057446	-0.025515
47.210129	0.004636
47.215572	-0.005069
47.234440	-0.000106
47.408947	-0.000142
47.414421	-0.001166
47.525013	0.000271
47.571693	-0.000424
47.638134	-0.000072
47.728416	-0.001398
47.752644	0.000205
47.764633	0.001298
47.829300	0.006037
47.854454	-0.009884
47.856819	0.017905
47.863800	-0.013184
47.872990	0.000549
47.883644	-0.000643
47.913910	0.006676
47.917091	-0.011753
47.921185	0.003992
47.950932	0.000395
48.324104	0.000084
48.359951	0.005631
48.388638	-0.000186
48.397480	-0.001060
48.488808	-0.364439
48.488903	-0.011483
48.494957	0.372264
48.539814	0.003486
48.550243	-0.002903
48.585785	-0.001190
48.697399	-0.003142
48.709831	0.003008
48.741470	-0.000124
48.846619	0.000231
48.918213	-0.006930
48.919933	0.006892
49.044243	0.000048
49.120811	-0.001096
49.142151	-0.001381
49.151611	0.002268
49.313343	0.000023
49.358685	0.000052
49.603001	0.000009
49.643124	-0.017040
49.643665	0.015601
49.671352	0.004700
49.675297	0.013808
49.682919	-0.020796
49.693703	0.004603
49.820004	-0.002518
49.824615	0.002751
49.886299	-0.000234
49.890858	-0.001340
50.138916	0.000173
50.282036	0.000000
50.338470	-0.000961
50.358154	0.002321
50.391659	0.013216
50.398518	-0.001271
50.404003	-0.012915
50.467064	0.006376
50.479633	-0.006267
50.596165	-0.000387
50.672825	-0.004928
50.686581	0.005569
50.832718	-0.007738
50.835564	0.007636
50.897125	0.000005
50.936127	-0.000305
50.995647	0.000177
51.175091	-0.005420
51.203022	0.005299
51.240585	-0.000963
51.316673	-0.000095
51.358303	0.001132
51.373116	0.000062
51.476826	-0.020029
51.481426	0.017020
51.484364	-0.066088
51.485508	0.038509
51.486950	0.021995
51.499428	0.018083
51.502071	-0.018219
51.515717	0.001336
51.552723	0.007915
51.555504	0.000093
51.931046	-0.000864
51.992188	-0.001994
52.028259	-0.000262
52.047066	0.001192
52.066677	-0.001369
52.087051	0.000200
52.107262	-0.000384
52.135300	0.013011
52.148476	-0.011841
52.151512	0.000047
52.268547	0.000860
52.326981	-0.000912
52.350906	0.000141
52.422981	-0.001031
52.524605	-0.001280
52.543167	0.001898
52.653156	0.000139
52.657658	-0.006714
52.665588	0.006488
52.827015	-0.000004
52.910210	-0.000028
53.007694	0.000130
53.145073	-0.000548
53.176044	0.001360
53.210674	0.000063
53.278946	0.000188
53.283588	-0.085705
53.295952	0.186038
53.299973	-0.100920
53.396168	0.001240
53.460136	-0.000679
53.530415	-0.000716
53.533089	-0.000423
53.732590	-0.000173
53.838383	-0.002844
53.867123	0.002710
53.892300	0.000083
53.999329	-0.005328
54.011154	0.005070
54.051853	-0.006483
54.064690	0.006445
54.088924	0.000097
54.204586	-0.000024
54.316990	-0.001024
54.339436	0.001292
54.445335	0.005085
54.449863	-0.005093
54.511078	0.000066
54.547405	0.000221
54.584511	-0.001406
54.808804	0.003996
54.839268	-0.004308
54.849918	0.000795
54.947147	-0.001877
54.965668	-0.000685
54.999947	0.002003
55.065224	-0.011362
55.070286	0.011988
55.087479	0.000435
55.116386	0.008682
55.120228	-0.063720
55.120697	0.060900
55.127426	-0.004839
55.169674	0.006289
55.173264	0.000031
55.180801	-0.007478
55.531631	0.000226
55.563690	-0.004243
55.585907	0.002508
55.591412	0.003243
55.681850	0.000713
55.682270	-0.000115
55.744335	0.002000
55.779388	-0.015779
55.789276	0.013120
55.823864	0.000218
55.885250	-0.000561
55.940891	-0.000071
55.987282	0.000789
55.999596	0.000282
56.149010	-0.000248
56.171150	0.008638
56.177349	-0.008749
56.196907	-0.000124
56.253605	0.000191
56.451023	-0.000048
56.502338	-0.000021
56.529915	-0.000371
56.627518	0.000120
56.801407	-0.000061
56.834141	0.000262
56.886505	0.002106
56.887344	0.031914
56.896019	-0.033231
56.935719	0.000031
56.979805	0.000690
57.122890	0.000406
57.137486	0.000093
57.237858	-0.000489
57.308651	0.001710
57.329166	-0.000065
57.331326	-0.001093
57.483891	0.000026
57.615234	-0.005000
57.624283	0.003661
57.626682	0.001167
57.646297	0.000047
57.715168	0.000337
57.809361	0.000046
57.900051	-0.000532
58.030651	0.004465
58.051880	-0.008200
58.070885	0.004273
58.083263	-0.000057
58.182533	0.000227
58.257664	-0.000272
58.434540	-0.000300
58.463779	-0.000917
58.470703	0.000573
58.575661	0.000064
58.602341	0.001191
58.642620	-0.034640
58.645264	0.026556
58.653362	0.006433
58.694027	-0.001049
58.732597	0.014703
58.735325	-0.570304
58.735676	0.602800
58.742764	-0.046427
58.754513	0.000341
58.831589	0.000110
58.909161	-0.000030
59.091026	0.002579
59.122833	-0.002545
59.127453	-0.000345
59.251427	0.000052
59.280033	0.000027
59.320137	-0.000064
59.366577	0.000061
59.402142	-0.000234
59.422970	0.004464
59.446888	-0.004320
59.511818	-0.000072
59.604187	-0.000104
59.606377	-0.000083
59.668114	-0.000057
59.691998	-0.019381
59.695961	0.019506
59.781723	0.000509
59.846920	-0.000005
59.853989	0.000530
60.010746	-0.000122
60.031635	-0.000237
60.097622	-0.000011
60.121750	0.000423
60.376396	-0.000849
60.474510	0.206808
60.479309	-0.000257
60.489586	-0.211534
60.504299	0.000041
60.508751	0.000887
60.693562	0.002047
60.725952	-0.000296
60.781532	0.002689
60.798126	-0.008623
60.798679	0.006834
60.928787	0.000102
60.945850	0.000032
61.059906	-0.000047
61.199886	-0.002148
61.227627	0.002879
61.234398	-0.022940
61.237663	0.022788
61.250660	-0.000425
61.417465	0.000063
61.473606	0.000072
61.633045	-0.000004
61.650375	0.056017
61.653164	-0.056114
61.770988	-0.000342
61.790276	0.000560
61.996429	-0.000123
62.043823	-0.013475
62.081573	0.000058
62.096298	0.013509
62.185104	-0.000018
62.214500	0.007094
62.232613	-0.007136
62.258816	-0.000739
62.299400	0.004039
62.299683	-0.002318
62.315342	0.000382
62.343964	-0.055145
62.344872	0.109723
62.345783	-0.058881
62.356407	0.004467
62.468761	-0.000477
62.636230	0.005198
62.663071	0.000283
62.667530	-0.005268
62.719631	0.000094
62.878098	0.000024
62.891270	0.000078
62.941856	-0.007843
62.943943	0.007362
63.062283	0.001094
63.071545	-0.001006
63.079987	0.000044
63.139576	0.000787
63.221767	0.020235
63.222134	-0.010619
63.226181	-0.009645
63.319012	-0.000252
63.364723	0.000282
63.421337	0.000429
63.436287	-0.000101
63.508045	-0.000997
63.530949	-0.000045
63.547161	0.000542
63.625839	-0.001029
63.698418	0.000201
63.940239	0.000063
64.045708	-0.000295
64.065483	-0.005987
64.079674	0.006443
64.096092	0.000187
64.115631	-0.000257
64.262138	0.002158
64.275566	-0.002079
64.376030	-0.000655
64.424049	0.000490
64.478500	0.000487
64.537148	-0.000319
64.623932	-0.000028
64.649315	-0.000398
64.735344	0.000000
64.771736	0.001884
64.811943	-0.002025
64.854759	0.040731
64.855469	-0.040640
65.029182	0.000136
65.051613	0.000167
65.170570	-0.000062
65.246658	0.064902
65.247726	-0.064905
65.407051	-0.000308
65.489784	0.000290
65.647301	-0.000171
65.694221	0.000424
65.701988	-0.000670
65.755684	-0.000255
65.788132	-0.003333
65.797653	0.000285
65.819809	0.003654
65.827660	-0.000047
65.907547	0.000478
65.949242	-0.015842
65.953499	0.013436
65.954475	-0.069161
65.955406	0.076273
65.968788	0.001702
65.969849	-0.007795
66.087662	-0.000268
66.201019	0.002827
66.224220	-0.002741
66.309013	0.000056
66.403824	-0.000167
66.417686	0.000629
66.480179	-0.000585
66.549721	0.000364
66.616119	-0.001002
66.656311	0.000468
66.689415	-0.000895
66.726318	0.000846
66.760826	0.002500
66.790970	-0.001770
66.846161	0.000009
66.888702	-0.000047
67.007057	0.000633
67.021011	-0.000141
67.054749	-0.005669
67.063133	0.005335
67.064445	-0.000539
67.088676	0.000632
67.148247	-0.000128
67.160080	0.000301
67.303925	-0.000039
67.497910	0.000014
67.607513	-0.000193
67.617409	0.000285
67.645401	0.006088
67.665123	-0.006853
67.734673	0.000158
67.757507	0.014869
67.764671	-0.014830
68.087791	0.000922
68.150444	0.000098
68.160263	-0.000061
68.163361	-0.000463
68.183372	0.000061
68.196701	-0.000141
68.340393	0.002189
68.344833	-0.002761
68.403801	0.000126
68.472679	-0.021017
68.476738	0.020912
68.627342	-0.000086
68.644554	0.000011
68.704002	0.000203
68.834251	0.122320
68.835266	-0.122219
69.029060	-0.001267
69.184875	-0.000265
69.260826	-0.001131
69.308090	0.001790
69.323700	0.000322
69.353065	-0.000470
69.362854	-0.001567
69.406296	0.001027
69.407219	0.000069
69.478035	0.000092
69.511963	-0.000359
69.551208	0.000093
69.560783	0.000432
69.592056	0.001802
69.595650	-0.002357
69.611542	-0.008010
69.616089	0.007985
69.688911	0.001011
69.780724	0.000623
69.794899	-0.000761
69.896179	-0.000142
69.909691	0.000186
70.086250	0.000055
70.109612	-0.000078
70.176033	0.000550
70.236359	-0.000043
70.266190	0.001444
70.288765	0.002012
70.312576	-0.002870
70.392830	-0.000824
70.404518	-0.000432
70.475212	-0.000036
70.520302	0.000531
70.606186	0.000184
70.662941	0.030844
70.663216	-0.026552
70.692223	-0.004674
70.707802	-0.000108
70.737862	0.001793
70.757706	-0.001849
70.805450	0.000179
70.915077	-0.000167
71.052147	-0.000047
71.092911	-0.000802
71.192863	0.000086
71.226868	0.004440
71.245384	-0.004252
71.273460	0.034857
71.275726	-0.035258
71.358482	-0.000020
71.656288	0.000115
71.734032	-0.000028
71.769928	0.000093
71.815826	-0.000359
71.832069	0.000248
71.901367	0.000560
71.921974	-0.001482
71.981194	0.000582
72.039391	0.000892
72.091415	-0.003747
72.097473	0.003615
72.204659	0.000148
72.240128	-0.000017
72.261345	-0.000004
72.418297	0.004997
72.418892	-0.004950
72.656128	0.000585
72.788307	0.000409
72.875610	-0.000114
72.911453	-0.002101
72.935143	0.001403
72.943970	0.000514
72.945213	0.001468
72.996666	-0.000086
73.018890	-0.001187
73.118477	-0.000760
73.120972	-0.000040
73.150047	0.000572
73.177185	-0.001029
73.217560	0.000260
73.261307	-0.004076
73.262466	0.000026
73.270485	0.003986
73.272583	0.000031
73.370293	0.006417
73.374954	-0.005718
73.415199	-0.000431
73.482376	-0.000014
73.685455	0.000178
73.691505	0.000046
73.821754	0.000012
73.861778	-0.005648
73.863258	-0.003110
73.883484	0.007889
73.919731	0.001591
74.018021	-0.006372
74.018547	0.006526
74.075363	-0.000467
74.107018	0.000019
74.189545	-0.000162
74.262634	-0.008247
74.266327	0.008065
74.351143	0.000269
74.424828	-0.000088
74.429420	-0.000657
74.443420	-0.000569
74.444511	0.000666
74.530327	-0.000228
74.573769	0.000552
74.605515	0.000231
74.770592	0.014586
74.772591	0.000092
74.779503	-0.014193
74.845161	-0.021326
74.853455	0.021281
74.987640	0.000204
75.134628	0.000022
75.286896	-0.000135
75.391479	-0.000564
75.472618	-0.000637
75.526077	-0.000178
75.540184	0.000429
75.581276	0.000713
75.626465	-0.000514
75.704346	0.000028
75.706573	0.006390
75.715393	-0.006023
75.779686	0.000557
75.780815	0.000034
75.880661	0.000208
75.997314	-0.056154
75.999435	0.056027
76.283661	0.003354
76.355515	0.000372
76.397766	0.000034
76.514793	0.003125
76.534004	-0.006322
76.565796	-0.000116
76.588646	0.002686
76.621887	-0.000602
76.627563	0.000309
76.723404	-0.003476
76.724174	0.009677
76.745216	-0.005387
76.792786	0.000117
76.842285	-0.000409
76.845039	-0.003826
76.906013	-0.002215
76.918587	0.002357
76.923828	-0.000309
76.954262	0.001109
76.968506	0.006056
76.972687	-0.006901
77.065002	0.000324
77.238701	-0.000017
77.304291	-0.000757
77.413315	0.000761
77.454376	-0.006281
77.468964	0.005964
77.521004	0.000241
77.541130	-0.000140
77.552513	0.000578
77.609695	-0.000302
77.743164	-0.000243
77.758347	-0.000317
77.777878	0.000171
77.878578	-0.006329
77.882408	0.006482
77.991531	0.000132
78.062775	-0.000227
78.072304	-0.000108
78.109070	0.004594
78.113609	-0.004043
78.150810	-0.000693
78.159424	-0.000057
78.175804	0.000544
78.310905	-0.004459
78.314545	0.004116
78.357613	0.000256
78.449074	-0.014724
78.451622	0.014672
78.621651	-0.000357
78.638138	0.000124
78.842720	0.000237
79.014946	0.000157
79.053787	-0.000014
79.181503	-0.000216
79.182213	-0.000537
79.251877	0.000444
79.321632	-0.030771
79.330894	-0.043845
79.331894	0.075558
79.334511	-0.000127
79.355553	-0.001149
79.359459	0.000797
79.503159	-0.000201
79.576118	-0.162585
79.576813	0.162740
79.904472	-0.000025
79.910378	0.000571
79.933693	0.000626
80.119896	-0.007163
80.133598	0.007787
80.170860	-0.001233
80.185410	-0.000740
80.237137	0.000667
80.273125	-0.000593
80.315987	0.000779
80.328056	-0.000356
80.357391	0.000906
80.396477	-0.000339
80.421539	0.000050
80.441040	0.000657
80.472801	0.000548
80.541153	-0.004457
80.553825	0.004465
80.571907	0.020728
80.579659	-0.021234
80.634178	-0.000607
80.649254	-0.000210
80.788376	0.000224
80.916702	-0.000806
80.990814	0.000289
81.008118	0.000799
81.088058	-0.002726
81.123444	0.003098
81.155563	0.011181
81.162071	-0.012228
81.196533	0.000266
81.366959	-0.000226
81.382530	0.000267
81.424614	0.000157
81.471054	-0.000144
81.526978	0.001144
81.602127	-0.001038
81.626099	-0.000262
81.697960	0.000325
81.715065	-0.000080
81.754509	-0.000408
81.771255	0.002661
81.787102	-0.002530
81.845200	-0.049092
81.853928	0.050371
81.913773	-0.002310
81.946770	0.000420
82.047173	-0.003771
82.071556	0.004325
82.189896	-0.000208
82.262199	0.000062
82.402557	-0.000146
82.623535	-0.000266
82.638077	0.000219
82.788383	0.000464
82.834579	-0.000629
82.894882	0.000138
82.930199	-0.000308
82.937233	0.001488
82.942032	-0.001274
82.956413	-0.000323
82.994080	0.000044
83.019142	0.000733
83.134819	0.000234
83.154739	-0.201695
83.155151	0.201325
83.438103	-0.000662
83.486740	-0.001113
83.536453	-0.000269
83.729309	0.000516
83.738785	0.001131
83.756386	-0.000475
83.801315	-0.001584
83.844162	0.001633
83.876488	-0.001506
83.900085	0.001414
83.933937	0.000105
83.958824	0.000200
83.967743	0.000473
84.012604	0.000225
84.034348	-0.000099
84.100502	-0.000457
84.168037	0.000157
84.181931	0.000203
84.187370	0.003181
84.198357	-0.003655
84.231987	0.000114
84.286179	-0.000434
84.338455	-0.000018
84.510254	-0.000150
84.529968	-0.000020
84.607712	0.000030
84.723450	0.005062
84.744179	0.002688
84.747871	-0.006894
84.772301	0.004083
84.798576	-0.005052
84.960190	0.000281
85.001389	0.000006
85.024582	-0.000352
85.067413	0.000437
85.184395	0.001602
85.224815	-0.001348
85.255135	-0.000861
85.275200	-0.000367
85.315102	0.001091
85.374886	-0.000036
85.405426	0.169404
85.408440	-0.165796
85.417290	0.002497
85.425865	-0.005146
85.543945	-0.000147
85.574623	0.000465
85.618767	-0.000229
85.727242	0.000019
85.803467	-0.000336
85.908363	-0.000465
85.971603	0.000125
86.189789	0.000334
86.261444	-0.000488
86.395844	-0.001073
86.458603	0.000893
86.495193	0.000165
86.519905	-0.000180
86.546646	-0.009208
86.553825	0.009241
86.618629	0.000066
86.623993	0.000467
86.675911	-0.000548
86.732132	1.367839
86.732193	-1.367624
86.771378	0.000058
86.975555	0.000259
87.045990	-0.000370
87.159767	-0.000298
87.336472	0.000013
87.349197	-0.011279
87.350708	0.010010
87.413719	-0.005919
87.451591	-0.002233
87.452332	0.140665
87.482704	-0.129749
87.505707	-0.001846
87.538506	-0.000311
87.539787	-0.000393
87.656662	0.001380
87.657829	-0.001374
87.728943	-0.000019
87.786293	-0.008283
87.795647	0.008843
87.812462	0.028356
87.816841	0.003274
87.821411	-0.031395
87.890396	-0.000113
87.913383	-0.000073
88.031784	0.000375
88.143646	-0.000741
88.212204	0.000836
88.324730	-0.000061
88.369843	0.007741
88.371544	-0.012466
88.391640	0.008546
88.399330	-0.003566
88.523621	-0.000246
88.557228	-0.000213
88.668732	-0.000070
88.688782	-0.000233
88.833221	0.000088
88.850685	0.003917
88.877243	-0.003553
88.882790	-0.001254
88.924309	0.000898
88.971611	0.026403
88.977951	-0.026238
88.992096	-0.000519
89.042076	-0.003010
89.051834	0.003392
89.142632	0.000148
89.176315	0.003311
89.198380	-0.003196
89.406509	-0.000697
89.455284	0.000564
89.549973	-0.000729
89.559341	0.000834
89.754654	-0.000032
89.884789	0.000128
90.010429	0.001670
90.048729	-0.001942
90.112816	-0.000153
90.126633	0.000450
90.156517	0.023363
90.160461	-0.023241
90.222336	-0.000424
90.271111	0.000233
90.305267	-0.005090
90.312668	-0.085605
90.313576	0.090500
90.418709	0.000222
90.523323	-0.000296
90.608620	0.000120
90.787392	-0.000899
90.932976	-0.000385
90.963203	0.019176
90.966187	-0.019293
91.014221	0.000308
91.024132	-0.000360
91.055809	-0.001528
91.063278	0.045051
91.067345	-0.042982
91.118332	0.001033
91.143661	0.000243
91.291336	0.000158
91.304047	-0.000626
91.356438	-0.001363
91.393600	0.000177
91.401955	0.001298
91.402565	-0.000655
91.441711	-0.005309
91.446892	-0.004031
91.452675	0.009824
91.518639	0.000179
91.556816	0.000104
91.758827	0.000128
91.820015	-0.000193
91.914520	0.000558
91.964577	-0.000730
91.991585	-0.000859
92.025459	0.011552
92.038040	-0.011347
92.055992	0.000960
92.156822	0.000194
92.304924	-0.000325
92.314720	-0.000187
92.399689	0.000076
92.491264	-0.001250
92.518021	-0.000976
92.528358	0.001728
92.535011	-0.000884
92.553993	0.027287
92.555862	-0.026055
92.606598	0.000802
92.649887	0.000536
92.661789	-0.001903
92.731438	-0.000916
92.747681	0.000428
92.799492	0.001200
93.089165	-0.001484
93.121819	0.001386
93.139366	-0.000001
93.215149	-0.000050
93.321175	0.000333
93.505371	-0.000074
93.625961	-0.005885
93.643669	0.005695
93.711227	0.000105
93.745636	0.000122
93.762573	-0.015003
93.765587	0.014860
93.816910	-0.000177
93.884705	0.024547
93.893127	-0.033479
93.902351	0.014998
93.911835	-0.006306
94.070961	-0.000039
94.091324	0.000253
94.177475	-0.000353
94.414330	-0.000402
94.531281	-0.002040
94.577576	0.012882
94.584007	-0.007408
94.587692	-0.004162
94.630066	0.003789
94.641685	0.026497
94.645950	-0.026496
94.663025	-0.003343
94.708328	0.000356
94.750534	0.000193
94.932526	0.000808
94.950546	0.001442
94.984177	-0.012976
94.986763	0.012570
94.993584	-0.008557
94.997902	0.009356
95.010712	-0.002745
95.074585	0.033339
95.078339	-0.032006
95.091217	-0.000223
95.109062	-0.000686
95.373672	-0.001083
95.433144	0.000442
95.514946	-0.001355
95.547523	0.006505
95.581970	-0.002280
95.607719	-0.002381
95.681366	-0.002144
95.691864	0.002037
95.759483	-0.000145
95.921837	0.000303
95.962677	-0.002390
95.969620	0.002619
96.092163	0.000227
96.125557	-0.000349
96.130615	0.093664
96.132164	-0.093280
96.193092	-0.000712
96.205086	0.000074
96.210442	-0.000213
96.242393	0.001825
96.264259	-0.001967
96.281761	-0.000073
96.357292	0.000484
96.380722	-0.000100
96.739319	-0.000305
96.768921	-0.004539
96.796677	0.004321
96.875923	0.000664
96.890160	-0.000731
97.123604	-0.000202
97.245003	0.119220
97.245659	-0.118986
97.316811	0.000242
97.339691	0.000860
97.366959	-0.004518
97.367630	0.004605
97.400215	-0.000906
97.470238	0.004142
97.476112	-0.005798
97.494926	0.320703
97.495178	-0.318932
97.681870	0.000019
97.729599	-0.001922
97.756149	0.002143
98.040871	-0.000287
98.138474	-0.007620
98.148331	0.007688
98.204758	0.072454
98.206085	-0.075791
98.217484	-0.003153
98.228554	0.005397
98.234528	-0.002799
98.267708	0.003266
98.311211	0.000130
98.352051	-0.000802
98.564041	-0.000171
98.573273	0.000094
98.585304	0.008281
98.587929	-0.020301
98.588768	0.011199
98.592613	-0.000067
98.611191	-0.000307
98.648857	0.000695
98.675819	-0.000300
98.717758	-0.001352
98.717857	0.000872
98.988213	-0.000684
99.050064	0.001233
99.123970	-0.036975
99.124451	0.035126
99.168839	0.026665
99.169540	-0.024931
99.337440	-0.007123
99.344734	0.007133
99.365265	-0.000137
99.541611	-0.000842
99.545609	-0.000873
99.611732	0.001158
99.685143	-0.000477
99.716980	0.000437
99.723892	0.114340
99.725830	-0.114427
99.806244	-0.004311
99.821701	0.003086
99.828758	0.000380
99.862228	0.023684
99.866463	-0.003978
99.870636	-0.020480
99.942215	0.000199
99.968971	0.001402
100.347946	0.000233
100.446838	0.003240
100.467659	-0.000072
100.471031	-0.002709
100.539696	-0.000018
100.741478	0.000093
100.849663	-0.001353
100.866302	0.001266
100.910416	-0.000651
100.926147	0.000184
100.967163	-0.086770
100.968170	0.084930
100.974953	0.001759
101.044380	0.021220
101.048172	-0.019647
101.074577	0.017098
101.077820	-0.018778
101.281670	0.000137
101.357048	0.000210
101.389038	-0.000158
101.665329	0.000498
101.726250	-0.002142
101.752525	0.001572
101.793602	0.006175
101.818062	-0.005384
101.828590	0.220327
101.829132	-0.221067
101.837524	-0.000205
101.871124	0.000739
101.921539	0.000577
101.956474	-0.000394
102.128395	-0.000149
102.153824	0.000529
102.161636	-0.000824
102.169357	0.073266
102.170151	-0.072770
102.234352	0.000388
102.237099	0.000772
102.246254	0.000770
102.292946	-0.000479
102.351883	0.000634
102.354889	-0.000659
102.604652	0.001182
102.667114	-0.001252
102.697594	-0.019081
102.730911	0.003820
102.738106	-0.000414
102.771820	0.016422
102.973732	-0.000591
102.991310	-0.002050
102.997124	0.002067
103.121475	-0.000663
103.163567	-0.000986
103.254562	0.000085
103.269005	0.000496
103.309639	-0.000557
103.322914	0.095596
103.324272	-0.095544
103.381035	-0.008111
103.387474	0.008200
103.398262	0.001491
103.474586	-0.000733
103.487114	-0.000454
103.530991	-0.250366
103.531288	0.250454
103.588219	0.000482
103.960815	0.000141
104.054787	0.000321
104.122810	0.003312
104.145988	-0.003107
104.203888	0.000135
104.356125	-0.002409
104.446289	0.003865
104.480751	0.013519
104.487648	-0.016269
104.540619	0.001554
104.544960	-0.000451
104.568375	-0.116783
104.568909	0.116932
104.599533	0.002792
104.603844	-0.002457
104.665260	0.021134
104.669037	-0.021430
104.877617	0.000120
104.988152	0.000005
105.046303	0.000079
105.285110	-0.000453
105.308739	0.000265
105.369118	0.043012
105.370247	-0.043777
105.414330	-0.000189
105.435272	-0.000882
105.447639	0.000367
105.450989	-0.000260
105.472504	0.000718
105.536713	-0.000020
105.560768	0.001197
105.667313	-0.000141
105.737778	-0.000227
105.747787	0.005531
105.751190	-0.005653
105.754356	0.000504
105.793953	0.000353
105.860245	-0.000690
105.901024	-0.000148
105.960739	-0.000630
105.984512	0.006148
105.990799	-0.005386
106.219795	0.000740
106.265404	-0.000365
106.286621	-0.000412
106.313461	-0.001471
106.322556	0.001653
106.402985	0.000173
106.581802	0.000750
106.642136	0.041204
106.645515	-0.041109
106.705070	0.000918
106.751564	0.000019
106.849243	0.001450
106.877579	-0.000769
106.918228	-0.000739
106.922783	0.060510
106.923996	-0.060848
106.941933	-0.000825
106.943832	0.000620
107.012367	-0.000830
107.027924	0.000415
107.086700	-0.000036
107.185806	0.026547
107.192093	-0.026480
107.207947	0.000284
107.566620	-0.000073
107.657036	-0.000409
107.793655	-0.007087
107.816826	0.007268
107.867775	-0.000448
107.966911	0.000505
108.002838	-0.000120
108.082672	-0.004546
108.092468	0.002554
108.125801	0.002601
108.130829	0.012582
108.136131	-0.013348
108.164299	-0.011167
108.167778	0.011449
108.173409	-0.000700
108.261047	0.002551
108.262894	-0.002540
108.469574	0.000052
108.636520	0.000181
108.697762	0.000215
108.897018	0.000598
108.901123	-0.000051
108.939209	-0.004477
108.975426	0.003108
109.031906	0.002110
109.036621	-0.000316
109.072289	-0.022062
109.075531	0.022878
109.077034	-0.002044
109.154640	-0.000112
109.163567	0.000467
109.209236	0.000431
109.321968	0.012082
109.326508	-0.012028
109.333153	-0.000922
109.344795	0.000133
109.347549	0.000510
109.483604	-0.000049
109.555107	0.000128
109.616829	-0.001392
109.624916	0.001208
109.638939	0.000328
109.827652	-0.000349
109.833336	-0.000113
109.894119	0.000665
109.905991	-0.000089
109.910103	-0.000163
110.056450	-0.001069
110.187706	-0.000302
110.289261	0.008789
110.292816	-0.009605
110.296219	0.000715
110.305099	-0.000112
110.426346	0.002220
110.464424	-0.002113
110.496414	0.016653
110.498184	-0.016272
110.514389	0.005280
110.537659	-0.008570
110.559410	-0.000011
110.574722	0.002762
110.667336	0.000484
110.698120	-0.000386
110.832916	0.000093
110.836052	-0.000112
110.847710	0.000011
111.163719	0.000060
111.276108	-0.000218
111.460915	0.000212
111.483810	-0.000074
111.530029	0.000537
111.549728	0.000033
111.575096	-0.000203
111.657471	-0.000318
111.669113	0.048701
111.671410	-0.048353
111.695602	0.000635
111.747215	-0.000749
111.760468	-0.008995
111.764725	0.009296
111.789787	0.000298
111.862480	0.041704
111.865036	-0.041558
112.063789	-0.000458
112.292465	0.000049
112.338722	0.000202
112.486557	0.000142
112.503212	0.000364
112.512169	0.000104
112.571518	-0.000904
112.630409	-0.001300
112.678360	-0.001012
112.681557	-0.007144
112.692635	0.019799
112.700974	-0.010383
112.762352	0.001139
112.767548	-0.000318
112.776711	-0.000305
112.890038	-0.001146
112.893867	-0.006487
112.900650	0.006634
112.935860	0.000005
112.939476	0.000496
113.104614	-0.000401
113.201950	0.000143
113.247314	0.005128
113.260208	-0.004915
113.319984	-0.000036
113.385857	-0.001297
113.449402	0.000270
113.480545	-0.000010
113.490715	0.001284
113.535126	0.000001
113.722443	0.000756
113.791962	0.000236
113.841904	0.000847
113.892410	0.000225
113.931358	0.020739
113.934608	-0.020600
114.001457	-0.001607
114.044388	0.002403
114.045128	0.047945
114.045868	-0.048998
114.051613	0.000917
114.155212	-0.003673
114.169464	0.001569
114.203194	0.000037
114.313828	0.000020
114.351013	0.000419
114.460052	0.000113
114.478539	0.002587
114.497635	-0.002497
114.755234	0.000123
114.906769	0.000266
115.094826	-0.000090
115.122795	-0.003226
115.143265	0.003189
115.163162	0.001264
115.183998	-0.000305
115.200912	-0.004200
115.212952	0.000649
115.218636	0.002105
115.310143	0.000988
115.358940	0.024489
115.360802	-0.024906
115.378418	-0.001088
115.412407	0.000095
115.467690	0.062610
115.470673	-0.062220
115.661491	0.000193
115.953064	-0.000047
115.972588	-0.000327
116.054245	-0.000876
116.088921	0.000453
116.120239	0.000264
116.159164	0.001117
116.225098	-0.000859
116.282249	0.000726
116.312210	0.015202
116.312256	-0.015022
116.328102	-0.003155
116.355759	0.001617
116.371895	-0.000886
116.398132	0.000167
116.439041	0.001107
116.467377	0.010223
116.472549	-0.010250
116.534248	-0.000320
116.543335	0.000415
116.724907	0.000066
116.841469	0.000177
116.875534	0.003607
116.890099	-0.003619
116.938446	-0.000830
117.004265	0.000517
117.061394	0.000760
117.067215	-0.000364
117.077087	0.000989
117.160110	-0.001100
117.379471	0.000043
117.392128	-0.000262
117.399223	-0.000474
117.494446	-0.000356
117.566597	0.022585
117.569427	-0.023076
117.576057	0.000130
117.577370	0.000700
117.590866	0.004855
117.595154	-0.004500
117.621498	-0.000701
117.776398	-0.036661
117.781921	0.036686
117.843964	0.000180
117.929039	0.000302
118.048744	0.000070
118.089394	-0.000302
118.113228	-0.004947
118.139198	0.004936
118.348412	-0.000272
118.539619	-0.000149
118.641418	0.000310
118.704414	-0.001000
118.725845	0.001396
118.763878	-0.000589
118.779800	-0.004796
118.799484	0.004884
118.815437	-0.000504
118.842819	0.000922
118.928024	-0.001357
118.956871	0.044199
118.957947	-0.044189
119.010384	0.000649
119.039391	0.000639
119.078041	-0.038070
119.080704	0.037626
119.259834	-0.000083
119.600494	-0.007714
119.602295	0.006743
119.613571	0.000591
119.689812	0.002147
119.726639	0.003489
119.748573	-0.000378
119.823288	-0.000251
119.884193	0.001922
119.908409	0.006293
119.926949	-0.042053
119.928513	0.040886
119.971077	-0.002771
119.978424	-0.004903
120.015762	-0.005575
120.037598	-0.000085
120.040070	-0.002165
120.044624	0.001796
120.130989	0.000584
120.153687	-0.000251
120.342041	-0.000081
120.476616	0.000842
120.487137	0.000086
120.500595	0.002034
120.518440	-0.001209
120.653221	0.000434
120.661682	0.000542
120.676369	-0.000260
120.693962	-0.000300
120.787163	0.000591
120.922394	-0.000039
120.992104	0.000289
121.079079	0.001455
121.100479	-0.000290
121.104134	-0.006323
121.139046	0.008650
121.142822	-0.008764
121.155121	-0.000238
121.197075	0.002382
121.199272	0.016220
121.201233	-0.016752
121.402641	0.010952
