-29.057442	0.999728	0.999728
-26.558903	0.999889	0.999889
-24.061043	0.999950	0.999950
-21.563461	0.999891	0.999891
-19.066004	0.528997	0.528997
-16.568819	0.889687	0.889687
-15.247816	0.318674	0.318674
-14.072536	2.527159	0.395701
-13.698006	1.240740	0.805970
-12.751507	0.319913	0.319913
-11.577147	2.514415	0.397707
-11.201454	1.242820	0.804622
-10.256805	0.061023	0.061023
-9.082777	4.259734	0.234756
-9.011134	3.091196	0.323499
-8.705955	1.121414	0.891731
-7.762585	0.110355	0.110355
-6.704677	0.609821	0.609821
-6.587931	4.284927	0.233376
-6.516737	3.085991	0.324045
-6.211675	1.116570	0.895600
-5.270257	0.125394	0.125394
-4.219098	0.462822	0.462822
-4.087288	2.284254	0.437780
-4.026284	1.201748	0.832121
-3.886935	5.608981	0.178285
-3.719473	0.148920	0.148920
-2.780180	6.358769	0.157263
-2.640300	0.201014	0.201014
-1.750839	0.176074	0.176074
-1.572045	4.687855	0.213317
-1.540564	1.098650	0.910208
-1.392986	5.757988	0.173672
-1.230848	0.156896	0.156896
-0.297265	1.848250	0.541052
-0.150789	2.132515	0.468930
0.119935	0.420183	0.420183
0.697258	0.053278	0.053278
0.939839	11.209028	0.089214
0.952763	1.023856	0.976700
1.097631	2.125005	0.470587
1.245955	1.945599	0.513981
1.561143	0.022978	0.022978
2.174374	10.147155	0.098550
2.188464	1.868254	0.535259
2.331446	1.593725	0.627461
2.598571	0.222393	0.222393
3.024295	2.911029	0.343521
3.118973	0.326851	0.326851
3.394583	0.993765	0.993765
3.484667	1.510921	0.661848
3.574188	2.164480	0.462005
3.709449	0.321120	0.321120
4.002216	4.140702	0.241505
4.096230	0.442264	0.442264
4.485513	0.205369	0.205369
4.657679	2.555307	0.391342
4.693036	0.494443	0.494443
4.783385	4.962353	0.201517
4.828058	1.530695	0.653298
5.049738	0.282573	0.282573
5.389064	3.130214	0.319467
5.484948	0.196682	0.196682
5.785087	0.771791	0.771791
5.844119	5.116404	0.195450
5.889679	0.168702	0.168702
6.122784	3.465849	0.288530
6.162109	0.445884	0.445884
6.298405	0.852395	0.852395
6.359177	5.204131	0.192155
6.410978	0.118058	0.118058
6.680561	4.773646	0.209483
6.712388	2.056466	0.486271
6.864316	0.062826	0.062826
7.176752	1.290611	0.774827
7.196381	4.211903	0.237422
7.221714	0.692479	0.692479
7.328416	2.036520	0.491034
7.402305	1.330705	0.751481
7.552781	1.728030	0.578694
7.753020	0.226449	0.226449
8.099039	1.298483	0.770129
8.177395	1.115723	0.896280
8.279139	0.976939	0.976939
8.392656	0.652162	0.652162
8.503556	1.773504	0.563856
8.575881	1.733604	0.576833
8.704149	0.072265	0.072265
8.926516	10.395134	0.096199
8.942585	0.642500	0.642500
9.109629	1.716143	0.582702
9.216954	0.131272	0.131272
9.401140	3.135408	0.318938
9.425319	2.356526	0.424353
9.501128	0.784556	0.784556
9.679775	0.049569	0.049569
9.819934	21.274124	0.047005
9.826881	0.762656	0.762656
9.974684	1.710147	0.584745
10.087406	0.322248	0.322248
10.280178	3.573966	0.279801
10.342299	0.081108	0.081108
10.564315	9.605180	0.104110
10.582322	0.398114	0.398114
10.755285	2.072960	0.482402
10.824144	0.054765	0.054765
10.966887	33.390629	0.029949
10.974704	0.603559	0.603559
11.235727	0.804166	0.804166
11.393270	0.624254	0.624254
11.519961	0.919015	0.919015
11.599049	3.127301	0.319765
11.671731	0.184970	0.184970
11.899031	4.103253	0.243709
11.941074	0.062881	0.062881
12.113590	18.442636	0.054222
12.124438	0.291599	0.291599
12.324505	1.278113	0.782404
12.382844	1.550380	0.645003
12.457408	1.267048	0.789236
12.573010	0.180117	0.180117
12.719484	11.337804	0.088201
12.745867	0.572108	0.572108
13.044986	0.328359	0.328359
13.216114	3.212369	0.311297
13.272305	0.504734	0.504734
13.452813	0.513733	0.513733
13.543921	4.144114	0.241306
13.590727	0.949294	0.949294
13.784694	0.283262	0.283262
13.968825	0.830063	0.830063
14.020983	2.575016	0.388347
14.064277	0.517708	0.517708
14.175759	2.272823	0.439981
14.233475	0.877789	0.877789
14.364652	1.846885	0.541452
14.479797	0.547148	0.547148
14.692458	0.129908	0.129908
14.808815	5.613186	0.178152
14.823931	1.186492	0.842821
14.908778	1.433891	0.697403
15.009449	0.277611	0.277611
15.153800	9.197049	0.108731
15.193873	0.484138	0.484138
15.562430	0.851823	0.851823
15.740863	0.883728	0.883728
15.892856	0.909439	0.909439
16.027176	0.631478	0.631478
16.149332	1.213436	0.824106
16.226471	1.033072	0.967987
16.320074	0.579056	0.579056
16.416773	2.234970	0.447433
16.472767	0.473618	0.473618
16.597912	0.894642	0.894642
16.657183	1.651883	0.605370
16.710209	2.442231	0.409462
16.797802	0.581792	0.581792
17.011724	0.316940	0.316940
17.136183	3.778782	0.264636
17.175629	0.786408	0.786408
17.324686	0.035667	0.035667
17.441906	50.299725	0.019881
17.446087	0.808683	0.808683
17.656385	1.490450	0.670938
17.826450	0.807424	0.807424
18.079924	0.322234	0.322234
18.284584	3.316462	0.301526
18.350533	0.623790	0.623790
18.569248	0.305900	0.305900
18.705681	0.404186	0.404186
18.747416	5.411013	0.184808
18.764284	0.632703	0.632703
18.855560	2.105720	0.474897
18.913311	0.821463	0.821463
19.034918	0.540822	0.540822
19.134813	4.679718	0.213688
19.188839	0.424887	0.424887
19.441664	0.043111	0.043111
19.549086	23.825783	0.041971
19.553717	1.462048	0.683972
19.664055	0.494348	0.494348
19.825375	0.740092	0.740092
19.905123	3.952915	0.252978
19.964144	1.300812	0.768751
20.197449	0.249123	0.249123
20.500935	2.487449	0.402018
20.576540	0.666075	0.666075
20.764605	1.287918	0.776447
20.889870	0.056465	0.056465
21.051201	8.045855	0.124288
21.060310	2.259843	0.442509
21.133604	0.038761	0.038761
21.299236	12.778372	0.078257
21.305656	3.049660	0.327905
21.387695	0.029107	0.029107
21.637886	6.605814	0.151382
21.645168	5.559573	0.179870
21.693274	0.263105	0.263105
21.960718	0.893283	0.893283
22.031084	1.340768	0.745841
22.093941	1.751160	0.571050
22.178217	0.667515	0.667515
22.325798	0.318399	0.318399
22.424311	8.664092	0.115419
22.455677	1.226128	0.815575
22.727438	0.046125	0.046125
23.060652	10.097419	0.099035
23.076021	0.502599	0.502599
23.231213	2.454125	0.407477
23.309212	0.204267	0.204267
23.500631	1.315854	0.759963
23.539732	3.304096	0.302655
23.591183	0.772036	0.772036
23.761181	0.011089	0.011089
23.892426	153.310623	0.006523
23.893881	0.280622	0.280622
24.116995	1.606531	0.622459
24.179605	1.057172	0.945920
24.280191	1.676616	0.596440
24.386528	0.031218	0.031218
24.564814	30.453735	0.032837
24.570379	0.510646	0.510646
24.739874	1.089471	0.917877
24.826426	0.483939	0.483939
24.920721	5.753521	0.173807
24.966354	1.196501	0.835770
25.228907	0.013175	0.013175
25.543051	34.941013	0.028620
25.547190	0.509654	0.509654
25.691809	2.769557	0.361069
25.765514	0.444256	0.444256
25.969646	0.808627	0.808627
26.060333	2.117278	0.472304
26.133665	0.566318	0.566318
26.288929	1.268937	0.788061
26.376858	0.899279	0.899279
26.488434	0.925104	0.925104
26.588772	1.060391	0.943048
26.681595	0.681077	0.681077
26.780024	2.871084	0.348300
26.847061	0.395580	0.395580
27.039532	2.048023	0.488276
27.115669	0.348012	0.348012
27.271601	0.830797	0.830797
27.325867	2.744553	0.364358
27.370951	1.706735	0.585914
27.494686	1.080373	0.925606
27.705870	0.485303	0.485303
27.934027	1.734342	0.576588
28.044752	0.449067	0.449067
28.236788	1.554022	0.643492
28.323025	0.699909	0.699909
28.457039	0.942554	0.942554
28.550837	2.315671	0.431840
28.639246	0.191129	0.191129
28.843973	4.136827	0.241731
28.883102	0.274488	0.274488
29.044973	1.971453	0.507240
29.089405	0.421971	0.421971
29.177000	3.210279	0.311499
29.213963	1.858693	0.538013
29.332623	0.385167	0.385167
29.553175	1.433854	0.697421
29.638124	0.505629	0.505629
29.759930	0.077857	0.077857
29.821518	36.470165	0.027420
29.826313	1.001898	0.998106
30.001190	1.192543	0.838544
30.176399	0.793888	0.793888
30.385344	1.610937	0.620757
30.551222	0.152598	0.152598
30.818441	2.566724	0.389602
30.859219	0.972610	0.972610
30.963882	0.556519	0.556519
31.065680	3.388391	0.295125
31.122332	0.740456	0.740456
31.314291	0.228110	0.228110
31.456429	3.923819	0.254854
31.488852	0.461747	0.461747
31.616074	1.203708	0.830766
31.674818	0.086640	0.086640
31.745529	55.914074	0.017885
31.751656	0.104468	0.104468
32.094208	2.941691	0.339941
32.129993	0.561132	0.561132
32.235264	0.570165	0.570165
32.294334	4.717748	0.211966
32.328014	1.083043	0.923324
32.486908	1.411243	0.708595
32.658997	0.652959	0.652959
32.901855	1.777027	0.562738
33.060432	0.274140	0.274140
33.342228	0.848254	0.848254
33.419479	1.694551	0.590127
33.485008	0.123020	0.123020
33.596050	13.243228	0.075510
33.609711	0.582975	0.582975
33.790619	0.625746	0.625746
33.896084	2.644104	0.378200
33.962078	0.061408	0.061408
34.136574	3.144179	0.318048
34.147289	4.489810	0.222727
34.180981	1.763076	0.567191
34.332249	0.103429	0.103429
34.598946	3.467570	0.288386
34.626530	0.753809	0.753809
34.722179	0.465425	0.465425
34.794281	3.912129	0.255615
34.827839	1.547697	0.646121
34.959122	1.479048	0.676111
35.162308	0.341318	0.341318
35.462830	2.457250	0.406959
35.565403	0.664825	0.664825
35.817451	0.172582	0.172582
35.985020	3.408521	0.293382
36.013939	0.307005	0.307005
36.112511	4.719778	0.211874
36.142773	0.181481	0.181481
36.285603	1.466078	0.682092
36.311523	7.526802	0.132859
36.349525	0.031568	0.031568
36.635559	5.335023	0.187441
36.644588	4.236934	0.236020
36.692760	0.837134	0.837134
36.896862	0.387497	0.387497
37.067722	1.349620	0.740949
37.133930	1.110229	0.900715
37.223286	0.055449	0.055449
37.322491	18.509708	0.054026
37.327991	2.457570	0.406906
37.429810	1.463633	0.683231
37.680035	0.049069	0.049069
38.046272	12.306092	0.081261
38.064243	1.084055	0.922462
38.285397	0.074578	0.074578
38.525139	3.367399	0.296965
38.543018	1.378825	0.725255
38.603226	0.245566	0.245566
38.686241	2.359843	0.423757
38.706627	0.876378	0.876378
38.754734	8.331161	0.120031
38.796894	0.076176	0.076176
39.148136	0.458226	0.458226
39.174892	19.214996	0.052043
39.187153	0.567919	0.567919
39.422737	0.389530	0.389530
39.556530	2.464866	0.405702
39.608646	0.709547	0.709547
39.737106	0.310957	0.310957
39.828255	1.972005	0.507098
39.856598	5.152334	0.194087
39.912491	1.241456	0.805506
40.200470	0.182960	0.182960
40.557983	2.181956	0.458304
40.623394	1.670150	0.598749
40.766117	0.247555	0.247555
41.004486	0.164523	0.164523
41.063496	8.830648	0.113242
