-19.885117	0.998744	0.998744
-16.291330	0.131535	0.131535
-12.702059	6.584074	0.151882
-12.229943	0.154653	0.154653
-9.121500	1.564650	0.639121
-8.640770	2.417678	0.413620
-7.888596	0.253259	0.253259
-6.070080	0.136819	0.136819
-5.609526	7.746199	0.129096
-5.546513	1.569446	0.637168
-5.058405	1.379742	0.724773
-4.292346	0.702746	0.702746
-3.235381	0.619615	0.619615
-2.492603	0.118311	0.118311
-2.032367	2.805923	0.356389
-1.977916	2.489648	0.401663
-1.825130	1.912892	0.522769
-1.444749	0.069317	0.069317
-0.717120	12.712085	0.078665
-0.666683	0.564852	0.564852
-0.025520	2.013793	0.496575
0.336641	0.622818	0.622818
1.065960	0.128588	0.128588
1.520193	0.964806	0.964806
1.578602	0.878122	0.878122
1.634955	1.315879	0.759948
1.684440	6.850826	0.145968
1.749557	1.525712	0.655432
2.195658	0.029427	0.029427
2.876280	11.810278	0.084672
2.896308	0.595478	0.595478
3.132854	1.847759	0.541196
3.273712	0.528201	0.528201
3.533984	1.425133	0.701689
3.671460	3.336634	0.299703
3.867381	0.165426	0.165426
4.521098	3.815614	0.262081
4.629240	0.149217	0.149217
5.041868	0.702534	0.702534
5.103439	0.869921	0.869921
5.146695	0.428023	0.428023
5.184324	3.974302	0.251617
5.200430	2.766448	0.361474
5.264441	2.070415	0.482995
5.441523	1.462189	0.683906
5.808156	0.079112	0.079112
6.344244	2.751535	0.363434
6.386654	1.074070	0.931038
6.503349	1.103525	0.906187
6.628688	1.118235	0.894266
6.767002	0.172776	0.172776
6.921670	3.939831	0.253818
6.948393	1.380315	0.724472
7.053677	1.313662	0.761231
7.199001	0.426851	0.426851
7.389909	5.781070	0.172978
7.471398	0.346531	0.346531
7.942492	0.537836	0.537836
8.105741	0.155747	0.155747
8.193542	3.687565	0.271182
8.207216	1.267021	0.789253
8.257643	2.588596	0.386310
8.321534	1.082198	0.924045
8.486923	0.063375	0.063375
8.665907	4.834538	0.206845
8.677250	3.461306	0.288908
8.732088	0.059297	0.059297
8.921900	22.183783	0.045078
8.933155	0.692326	0.692326
9.182839	0.072509	0.072509
9.355702	10.899186	0.091750
9.368237	0.223033	0.223033
9.504848	1.753388	0.570324
9.535317	2.761956	0.362062
9.588741	1.053599	0.949127
9.736296	0.274551	0.274551
9.891759	3.439025	0.290780
9.934442	0.615747	0.615747
10.081228	0.974392	0.974392
10.171612	0.262791	0.262791
10.259681	6.735702	0.148463
10.282825	0.326632	0.326632
10.438714	0.446172	0.446172
10.489633	0.593653	0.593653
10.512351	3.387569	0.295197
10.525838	0.833991	0.833991
10.571526	4.672974	0.213996
10.609629	0.337159	0.337159
10.787683	2.095029	0.477320
10.847716	0.649211	0.649211
10.973487	1.349915	0.740788
11.055139	0.744188	0.744188
11.165361	0.420586	0.420586
11.247388	0.636019	0.636019
11.281887	7.139734	0.140061
11.303829	0.849980	0.849980
11.460490	0.628546	0.628546
11.593649	0.696133	0.696133
11.677345	0.733067	0.733067
11.735609	0.729246	0.729246
11.778320	2.149724	0.465176
11.809467	1.091882	0.915850
11.876425	1.149711	0.869784
11.949534	0.778200	0.778200
12.033589	1.337999	0.747385
12.099001	0.121867	0.121867
12.186522	4.213519	0.237331
12.197187	0.269014	0.269014
12.242128	5.438668	0.183869
12.254218	0.278087	0.278087
12.319970	4.237000	0.236016
12.338255	0.503619	0.503619
12.415728	1.768479	0.565458
12.454744	0.191204	0.191204
12.523745	15.632500	0.063969
12.536938	0.158383	0.158383
12.743179	2.063850	0.484531
12.775845	2.556422	0.391172
12.843261	0.135052	0.135052
13.015605	2.371999	0.421585
13.038880	0.389059	0.389059
13.094090	4.730187	0.211408
13.115569	0.212412	0.212412
13.217172	1.671852	0.598139
13.238753	6.567585	0.152263
13.274835	0.401126	0.401126
13.511802	0.226024	0.226024
13.606855	2.850186	0.350854
13.628340	0.595726	0.595726
13.689574	3.563985	0.280585
13.726053	0.027111	0.027111
13.856064	14.808983	0.067527
13.859589	0.497259	0.497259
13.911787	5.984936	0.167086
13.937743	0.247950	0.247950
14.093089	1.321969	0.756447
14.131607	0.784972	0.784972
14.182527	1.714903	0.583124
14.222497	1.620494	0.617096
14.291042	0.253355	0.253355
14.402120	0.098851	0.098851
14.430262	26.111759	0.038297
14.433043	2.159581	0.463053
14.505683	0.084272	0.084272
14.662554	5.178545	0.193104
14.675774	0.156593	0.156593
14.744233	4.842274	0.206515
14.754953	1.922748	0.520089
14.806864	0.334056	0.334056
14.906674	0.926806	0.926806
14.940017	2.001049	0.499738
14.970919	0.966209	0.966209
15.032755	4.539737	0.220277
15.092502	0.042903	0.042903
15.363736	3.615965	0.276551
15.375373	0.310729	0.310729
15.417451	1.776951	0.562762
15.430526	2.789590	0.358476
15.453759	0.792849	0.792849
15.518571	1.846535	0.541555
15.569957	0.331112	0.331112
15.664843	2.356089	0.424432
15.696260	0.616808	0.616808
15.770284	0.567257	0.567257
15.815942	0.971058	0.971058
15.841842	1.378242	0.725562
15.866992	2.058161	0.485871
15.901655	1.072800	0.932140
15.972998	0.502704	0.502704
16.049534	0.748860	0.748860
16.088009	2.348736	0.425761
16.116821	0.033061	0.033061
16.184494	36.504688	0.027394
16.186731	1.116418	0.895722
16.268404	0.419370	0.419370
16.359585	0.186852	0.186852
16.397823	5.265350	0.189921
16.404968	2.664672	0.375281
16.442589	1.438449	0.695193
16.542835	0.212031	0.212031
16.687035	1.637492	0.610690
16.717609	0.135167	0.135167
16.767675	22.596392	0.044255
16.774443	0.081188	0.081188
16.927359	9.166846	0.109089
16.939774	0.909548	0.909548
17.053579	0.029445	0.029445
17.157091	17.551313	0.056976
17.160139	1.112026	0.899259
17.213634	0.255827	0.255827
17.273123	1.933325	0.517244
17.288342	1.875664	0.533144
17.317764	0.692231	0.692231
17.372952	0.983524	0.983524
17.411154	5.856440	0.170752
17.448727	0.057010	0.057010
17.668770	0.943895	0.943895
17.681314	4.328769	0.231013
17.693155	0.877237	0.877237
17.744411	1.513108	0.660892
17.789375	0.881637	0.881637
17.857410	1.920726	0.520636
17.917393	0.525156	0.525156
18.032602	1.063239	0.940522
18.093105	0.428707	0.428707
18.157434	2.071167	0.482820
18.185013	0.485658	0.485658
18.242132	3.295517	0.303443
18.269873	1.375381	0.727071
18.361292	0.040305	0.040305
18.487028	12.117802	0.082523
18.492096	1.352828	0.739192
18.553507	0.103152	0.103152
18.636585	2.482751	0.402779
18.645155	4.217929	0.237083
18.666431	1.047438	0.954711
18.756174	0.034170	0.034170
18.850174	35.659740	0.028043
18.853386	0.899719	0.899719
18.967924	0.288697	0.288697
19.070976	0.112130	0.112130
19.100727	27.453974	0.036425
19.104063	0.074765	0.074765
19.195648	4.935655	0.202607
19.202496	1.896778	0.527210
19.236292	0.789164	0.789164
19.300396	1.193983	0.837533
19.350985	0.549482	0.549482
19.411386	0.544451	0.544451
19.444576	2.666033	0.375089
19.462646	1.496239	0.668342
19.510822	0.537971	0.537971
19.582905	1.559687	0.641154
19.621683	1.244812	0.803334
19.682165	0.261014	0.261014
19.757454	3.827138	0.261292
19.777105	0.483300	0.483300
19.852314	1.648528	0.606602
19.888662	0.993984	0.993984
19.948584	0.867807	0.867807
20.008144	2.300232	0.434739
20.059832	0.406616	0.406616
20.178724	0.307662	0.307662
20.227068	0.776994	0.776994
20.241941	6.143753	0.162767
20.253498	0.134291	0.134291
20.324499	2.163033	0.462314
20.334034	7.370203	0.135681
20.354658	0.369689	0.369689
20.506662	1.058312	0.944901
20.562857	0.064400	0.064400
20.622328	32.940739	0.030358
20.626158	0.510107	0.510107
20.752319	1.051510	0.951013
20.816675	0.140055	0.140055
20.884346	0.915275	0.915275
20.893824	14.107300	0.070885
20.902498	0.365056	0.365056
21.024874	0.688711	0.688711
21.069548	1.257703	0.795101
21.100315	3.912165	0.255613
21.139011	0.059733	0.059733
21.290398	8.738029	0.114442
21.299440	0.286938	0.286938
21.378456	0.838058	0.838058
21.401129	3.101887	0.322384
21.420130	0.810912	0.810912
21.479069	1.426491	0.701021
21.526863	2.159239	0.463126
21.595041	0.273458	0.273458
21.742254	0.842699	0.842699
21.782511	0.597830	0.597830
21.816435	0.639424	0.639424
21.836716	3.642006	0.274574
21.849684	1.899887	0.526347
21.896914	1.260368	0.793419
21.986645	0.669309	0.669309
22.099739	0.155974	0.155974
22.175434	6.299677	0.158738
22.187241	0.962175	0.962175
22.261618	0.564872	0.564872
22.333181	0.086723	0.086723
22.373606	8.698041	0.114968
22.377111	1.521611	0.657198
22.407604	3.388802	0.295090
22.454002	0.711303	0.711303
22.611237	0.243413	0.243413
22.723078	0.475233	0.475233
22.750301	2.556981	0.391086
22.763239	1.495099	0.668852
22.796320	0.450850	0.450850
22.845779	5.010008	0.199600
22.868078	0.523749	0.523749
22.979795	0.559475	0.559475
23.038307	0.139253	0.139253
23.071043	18.218828	0.054888
23.075602	0.304412	0.304412
23.158653	2.035156	0.491363
23.183935	2.723161	0.367220
23.235388	0.196202	0.196202
23.375502	1.079165	0.926643
23.402992	1.615211	0.619114
23.432659	0.503801	0.503801
23.480577	3.637197	0.274937
23.504719	0.862825	0.862825
23.592525	0.612799	0.612799
23.668287	0.998767	0.998767
23.714714	2.839044	0.352231
23.761084	0.055766	0.055766
23.892729	2.222655	0.449912
23.900070	0.834015	0.834015
23.916388	0.366083	0.366083
23.929996	11.084609	0.090215
23.934978	1.912202	0.522957
23.990202	0.013167	0.013167
24.095800	41.286694	0.024221
24.097191	0.817995	0.817995
24.154598	1.980057	0.505036
24.201557	1.429301	0.699643
24.294538	0.052428	0.052428
24.427437	8.316178	0.120248
24.434404	0.078804	0.078804
24.492348	11.009190	0.090833
24.496914	2.966421	0.337107
24.547184	0.250131	0.250131
24.696306	0.854265	0.854265
24.733606	2.810068	0.355863
24.765471	0.491916	0.491916
24.855011	1.711081	0.584426
24.899057	0.959635	0.959635
24.974424	0.324376	0.324376
25.046749	2.574228	0.388466
25.070210	0.124372	0.124372
25.130602	19.834435	0.050417
25.138113	0.371793	0.371793
25.287092	0.565565	0.565565
25.342482	1.488249	0.671931
25.373808	0.367549	0.367549
25.420429	3.762912	0.265752
25.437565	1.190765	0.839796
25.502045	0.587703	0.587703
25.578825	1.898766	0.526658
25.623949	0.062376	0.062376
25.709629	8.493219	0.117741
25.714973	1.486596	0.672678
25.760365	0.660015	0.660015
25.827843	2.930450	0.341245
25.872379	0.622512	0.622512
26.002892	0.363156	0.363156
26.084137	0.317668	0.317668
26.113642	2.137159	0.467911
26.123014	7.775376	0.128611
26.143045	0.338452	0.338452
26.298794	0.587618	0.587618
26.351507	0.465517	0.465517
26.382483	0.572751	0.572751
26.396902	8.457274	0.118241
26.405161	0.484981	0.484981
26.475008	2.586205	0.386667
26.508883	0.573317	0.573317
26.596489	0.883150	0.883150
26.646715	0.315875	0.315875
26.691072	3.116390	0.320884
26.705084	2.080505	0.480653
26.748749	0.940750	0.940750
26.839594	0.366260	0.366260
26.925056	1.816708	0.550446
26.956358	1.360804	0.734860
27.013224	0.630327	0.630327
27.090607	2.542369	0.393334
27.139383	0.172004	0.172004
27.263391	2.023250	0.494254
27.284721	0.198975	0.198975
27.327877	11.132830	0.089824
27.336464	0.755088	0.755088
27.432060	0.240983	0.240983
27.504244	0.670285	0.670285
27.521639	2.472927	0.404379
27.533298	0.692796	0.692796
27.562132	4.731787	0.211337
27.582108	0.152595	0.152595
27.676628	2.976197	0.335999
27.691051	1.167733	0.856360
27.733978	1.064039	0.939816
27.784105	3.023173	0.330778
27.837442	0.450781	0.450781
27.998690	0.239655	0.239655
28.071377	0.297931	0.297931
28.088797	10.244395	0.097614
28.093987	2.543641	0.393137
28.147154	0.799518	0.799518
28.282393	0.323890	0.323890
28.390518	0.641305	0.641305
28.425539	2.392696	0.417939
28.447998	2.988926	0.334568
28.501736	0.138250	0.138250
28.662354	0.803728	0.803728
28.684559	0.989633	0.989633
28.702406	3.455724	0.289375
28.720068	2.386781	0.418974
28.781103	0.236459	0.236459
28.926781	1.258804	0.794405
28.961227	0.903229	0.903229
29.004589	1.395685	0.716494
29.043755	1.401584	0.713478
29.098417	0.432060	0.432060
29.175032	1.666897	0.599917
29.208134	0.387812	0.387812
29.263311	1.208486	0.827482
29.284710	3.704455	0.269945
29.310570	0.630801	0.630801
29.406366	1.704059	0.586834
29.466795	0.856524	0.856524
29.569769	0.813503	0.813503
29.657969	0.243873	0.243873
29.729719	0.980379	0.980379
29.747217	3.716700	0.269056
29.764372	0.157712	0.157712
29.828131	6.465099	0.154677
29.838186	0.285090	0.285090
29.903196	0.137079	0.137079
29.921730	33.284534	0.030044
29.924271	0.097711	0.097711
30.008833	16.578716	0.060318
30.017096	0.354391	0.354391
30.154079	0.613822	0.613822
30.202625	2.012482	0.496899
30.232424	0.303076	0.303076
30.292393	3.036520	0.329324
30.310568	1.614515	0.619381
30.365757	0.442247	0.442247
30.454861	0.387270	0.387270
30.494267	5.168854	0.193466
30.509527	0.294395	0.294395
30.588408	4.163942	0.240157
30.611629	0.790871	0.790871
30.708324	1.142341	0.875396
30.784798	0.817602	0.817602
30.872156	0.147195	0.147195
30.943581	7.333091	0.136368
30.954094	0.220633	0.220633
31.031189	1.769231	0.565217
31.048199	0.681075	0.681075
31.078293	1.659966	0.602422
31.098789	2.988003	0.334672
31.132812	0.150769	0.150769
31.234474	0.674216	0.674216
31.249802	11.529716	0.086732
31.260136	0.497663	0.497663
31.379284	1.155172	0.865672
31.438580	0.416824	0.416824
31.507076	3.849222	0.259793
31.535627	0.383866	0.383866
31.645527	0.809160	0.809160
31.687714	0.918925	0.918925
31.721849	1.629576	0.613657
31.753218	4.135858	0.241788
31.804335	0.428867	0.428867
32.015747	0.251893	0.251893
32.106415	0.520628	0.520628
32.129253	3.898941	0.256480
32.141144	2.174113	0.459958
32.187504	0.624252	0.624252
32.288296	0.126288	0.126288
32.351215	7.383581	0.135436
32.359161	1.662354	0.601557
32.417831	0.480620	0.480620
32.515362	1.509847	0.662319
32.562237	0.744192	0.744192
32.633011	1.218947	0.820380
32.685680	0.300951	0.300951
32.749882	3.266732	0.306116
32.769203	0.918288	0.918288
32.832321	0.618863	0.618863
32.890282	1.508561	0.662883
32.926151	1.202679	0.831477
32.980263	0.773388	0.773388
33.045341	1.663483	0.601148
33.095673	1.140286	0.876973
33.179398	0.099053	0.099053
33.274868	3.780960	0.264483
33.284325	2.506135	0.399021
33.320080	0.245807	0.245807
33.409687	0.909075	0.909075
33.431713	0.231854	0.231854
33.451736	9.601479	0.104151
33.456379	2.147625	0.465631
33.500954	0.279020	0.279020
33.596684	0.566124	0.566124
33.623394	9.882947	0.101184
33.638515	0.089366	0.089366
33.787960	3.792916	0.263649
33.801315	0.076135	0.076135
33.851971	17.514341	0.057096
33.855827	0.951149	0.951149
33.923374	0.385168	0.385168
33.987621	3.352859	0.298253
34.012367	0.673287	0.673287
34.095337	1.153373	0.867022
34.151199	1.149615	0.869856
34.215630	0.204100	0.204100
34.289700	2.625788	0.380838
34.304817	1.384297	0.722388
34.344513	1.490177	0.671061
34.399464	0.370307	0.370307
34.481350	0.259655	0.259655
34.511673	10.861434	0.092069
34.519547	0.545187	0.545187
34.605064	1.833415	0.545430
34.651688	0.158381	0.158381
34.737167	3.755142	0.266302
34.750706	1.078412	0.927289
34.801544	1.858196	0.538156
34.856369	0.863401	0.863401
34.958244	0.449345	0.449345
35.046204	0.629186	0.629186
35.085728	2.557447	0.391015
35.110596	0.256418	0.256418
35.174194	4.566550	0.218984
35.190502	0.222774	0.222774
35.264973	8.428604	0.118644
35.281563	0.112560	0.112560
35.421394	9.060592	0.110368
35.437134	0.811229	0.811229
35.579742	0.113035	0.113035
35.695431	7.064761	0.141548
35.708508	0.534520	0.534520
35.800892	0.793125	0.793125
35.850273	0.721730	0.721730
35.889439	2.546019	0.392770
35.917706	0.286971	0.286971
35.989674	2.203916	0.453738
36.010326	1.401022	0.713764
36.055843	1.815577	0.550789
36.119614	0.730585	0.730585
36.235394	0.076080	0.076080
36.319981	10.119146	0.098823
36.326416	0.450530	0.450530
36.391537	3.120010	0.320512
36.420876	0.678946	0.678946
36.512413	0.288178	0.288178
36.574562	1.688179	0.592354
36.592472	4.219657	0.236986
36.622707	0.582538	0.582538
36.750290	0.070574	0.070574
36.824612	4.833455	0.206891
36.829857	1.284532	0.778494
36.855209	2.839405	0.352186
36.887775	0.766914	0.766914
36.980244	0.063852	0.063852
37.051159	6.678180	0.149741
37.055687	1.079223	0.926593
37.085926	3.725307	0.268434
37.118561	0.120458	0.120458
37.240135	8.567335	0.116722
37.254780	0.004378	0.004378
37.380245	31.562500	0.031683
37.380795	0.647085	0.647085
37.398132	1.543353	0.647940
37.409351	5.938973	0.168379
37.426666	0.053047	0.053047
37.529499	23.062937	0.043360
37.534954	0.776046	0.776046
37.660763	0.163202	0.163202
37.758396	1.364616	0.732807
37.774330	2.386667	0.418994
37.796074	0.270068	0.270068
37.847969	7.051987	0.141804
37.861984	0.263190	0.263190
37.960819	3.909811	0.255767
37.986832	0.626683	0.626683
38.088535	1.128621	0.886037
38.152271	0.075834	0.075834
38.224205	2.075525	0.481806
38.229660	10.799528	0.092597
38.240982	0.186379	0.186379
38.363255	1.264145	0.791049
38.386044	1.642479	0.608836
38.414852	3.044260	0.328487
38.462170	0.260110	0.260110
38.606216	1.970067	0.507597
38.643684	0.196486	0.196486
38.717499	1.195950	0.836156
38.732002	2.023532	0.494185
38.749348	2.649603	0.377415
38.784447	0.386193	0.386193
38.877445	3.945937	0.253425
38.913361	0.148018	0.148018
39.055080	3.823968	0.261508
39.076057	1.475081	0.677929
39.156273	0.334741	0.334741
39.274597	1.539247	0.649668
39.314205	0.031598	0.031598
39.375172	51.215843	0.019525
39.377098	0.328603	0.328603
39.475761	2.633369	0.379742
39.508183	0.749832	0.749832
39.593559	0.374508	0.374508
39.657578	0.294670	0.294670
39.681553	18.852053	0.053045
39.688618	0.167125	0.167125
39.821804	2.698543	0.370570
39.844063	0.148673	0.148673
39.904129	14.340453	0.069733
39.913059	0.373745	0.373745
40.041122	1.277596	0.782720
40.088985	0.588833	0.588833
40.150135	3.131052	0.319381
40.186142	0.707417	0.707417
40.298882	0.048548	0.048548
40.378635	4.474877	0.223470
40.382507	2.140467	0.467188
40.399834	2.827299	0.353694
40.436920	0.414123	0.414123
40.541775	1.371958	0.728885
40.585197	0.604341	0.604341
40.644772	0.953380	0.953380
40.680775	0.537675	0.537675
40.715099	7.009301	0.142668
40.733555	0.564478	0.564478
40.862915	0.019590	0.019590
40.935936	28.405333	0.035205
40.937366	0.838903	0.838903
40.978001	0.194158	0.194158
41.012089	9.840922	0.101616
41.018707	0.229589	0.229589
41.083839	4.066327	0.245922
41.098793	1.815621	0.550776
41.159599	0.019937	0.019937
41.270000	19.632582	0.050936
41.272202	0.229520	0.229520
41.315414	11.008077	0.090842
41.325333	0.531428	0.531428
41.434513	1.756673	0.569258
41.492535	0.311202	0.311202
41.594460	4.802886	0.208208
41.626179	0.206856	0.206856
41.778522	0.393536	0.393536
41.810036	7.693940	0.129972
41.822437	0.375285	0.375285
41.917854	1.662192	0.601615
41.953663	0.328142	0.328142
42.013184	0.801367	0.801367
42.032715	2.135023	0.468379
42.048367	1.895434	0.527584
42.081783	2.598531	0.384833
42.145123	0.046192	0.046192
42.309711	6.186653	0.161638
42.317314	0.397567	0.397567
42.364349	0.398001	0.398001
42.383049	11.551512	0.086569
42.390491	1.066335	0.937791
42.476463	0.803637	0.803637
42.568138	0.089525	0.089525
42.641811	15.301908	0.065351
42.648407	1.155535	0.865400
42.749332	0.442595	0.442595
42.865955	0.410834	0.410834
42.917572	0.340709	0.340709
42.938778	15.024287	0.066559
42.946003	0.758012	0.758012
43.054554	0.809550	0.809550
43.136837	0.703757	0.703757
43.203449	0.761494	0.761494
43.250328	0.191494	0.191494
43.286026	9.747767	0.102588
43.292862	0.929815	0.929815
43.359497	0.348048	0.348048
43.421455	5.710950	0.175102
43.443020	0.304826	0.304826
43.566174	1.400264	0.714151
43.603714	0.785268	0.785268
43.656281	1.795583	0.556922
43.697559	0.333042	0.333042
43.771679	6.525112	0.153254
43.796364	0.161709	0.161709
43.957436	0.507909	0.507909
43.983482	8.672434	0.115308
43.996712	0.091734	0.091734
44.111443	5.267126	0.189857
44.121967	2.384875	0.419309
44.177402	0.033529	0.033529
44.309608	12.055078	0.082953
44.314041	0.783838	0.783838
44.367477	1.272586	0.785801
44.409363	0.670507	0.670507
44.462666	0.168641	0.168641
44.498405	15.622152	0.064012
44.504433	0.103796	0.103796
44.598591	1.032006	0.968986
44.608364	4.309380	0.232052
44.618450	0.339828	0.339828
44.661915	7.567149	0.132150
44.676685	0.104300	0.104300
44.788456	2.258181	0.442834
44.800114	2.901753	0.344619
44.826439	0.679650	0.679650
44.902828	2.494269	0.400919
44.954746	0.152002	0.152002
45.084244	7.899225	0.126595
45.103928	0.481820	0.481820
45.259415	0.768165	0.768165
45.334332	0.064033	0.064033
45.391880	4.871635	0.205270
45.395565	7.135147	0.140151
45.413517	0.118649	0.118649
45.541607	0.926205	0.926205
45.556805	6.634688	0.150723
45.570881	0.440528	0.440528
45.664272	0.710895	0.710895
45.705414	5.003521	0.199859
45.734661	0.499453	0.499453
45.881001	0.049687	0.049687
45.954090	8.027311	0.124575
45.957722	0.804240	0.804240
45.986874	0.381224	0.381224
46.010319	6.419548	0.155774
46.019257	1.214082	0.823668
46.076633	0.754011	0.754011
46.146294	1.067834	0.936476
46.198818	0.240155	0.240155
46.254906	14.638346	0.068314
46.268375	0.281265	0.281265
46.465549	0.506947	0.506947
46.521008	2.614790	0.382440
46.549122	1.187069	0.842411
46.622635	0.074183	0.074183
46.709900	14.444902	0.069229
46.716373	0.185493	0.185493
46.809883	1.888938	0.529398
46.827229	1.120619	0.892364
46.859993	1.798338	0.556069
46.896709	0.420590	0.420590
46.962738	1.565522	0.638765
46.990509	2.536983	0.394169
47.033985	0.297157	0.297157
47.144283	1.610568	0.620899
47.177059	0.737390	0.737390
47.229847	0.589573	0.589573
47.268772	2.577294	0.388004
47.291721	3.196646	0.312828
47.350868	0.013619	0.013619
47.539940	32.565926	0.030707
47.542515	0.620872	0.620872
47.626369	0.758646	0.758646
47.678432	4.063454	0.246096
47.717930	0.316284	0.316284
47.878426	1.016082	0.984173
47.929188	0.030471	0.030471
47.980766	5.725728	0.174650
47.982338	7.256041	0.137816
47.991337	0.420459	0.420459
48.056633	0.567181	0.567181
48.084087	5.336845	0.187377
48.099659	0.494698	0.494698
48.182762	0.184653	0.184653
48.223873	2.704020	0.369820
48.231464	0.667162	0.667162
48.251991	7.500557	0.133323
48.265686	0.564378	0.564378
48.368404	0.453840	0.453840
48.426376	3.892997	0.256871
48.452686	0.091024	0.091024
48.555111	15.984860	0.062559
48.564434	0.134768	0.134768
48.713463	7.289269	0.137188
48.733547	0.457215	0.457215
48.879948	0.708269	0.708269
48.946884	0.201159	0.201159
48.994293	7.879200	0.126916
49.003830	0.292314	0.292314
49.078972	0.872699	0.872699
49.100937	0.841592	0.841592
49.120106	8.580516	0.116543
49.136238	0.892772	0.892772
49.274662	0.189036	0.189036
49.398243	2.448073	0.408485
49.421604	1.741996	0.574054
49.478794	0.022592	0.022592
49.578419	2.898305	0.345029
49.580669	4.367836	0.228946
49.587193	0.820190	0.820190
49.615685	1.754652	0.569914
49.639053	2.090706	0.478307
49.680058	0.313576	0.313576
49.765785	2.803179	0.356738
49.792667	0.370608	0.370608
49.868023	5.194509	0.192511
49.895950	0.581556	0.581556
50.041019	0.819497	0.819497
50.125385	0.509932	0.509932
50.194523	1.782190	0.561107
50.229778	1.088155	0.918987
50.292610	0.866708	0.866708
50.360981	0.025171	0.025171
50.420238	48.882355	0.020457
50.421730	0.066238	0.066238
50.494640	11.262243	0.088792
50.499470	0.656965	0.656965
50.553860	0.941390	0.941390
50.589592	2.042413	0.489617
50.623230	0.791283	0.791283
50.691933	1.047435	0.954713
50.746296	0.057882	0.057882
50.803238	19.107639	0.052335
50.806534	0.857835	0.857835
50.869511	3.539966	0.282489
50.923534	0.192089	0.192089
51.114777	1.499065	0.667082
51.151512	0.790454	0.790454
51.206581	3.107528	0.321799
51.250111	0.891794	0.891794
51.385380	0.102678	0.102678
51.506012	1.623961	0.615779
51.518398	1.775081	0.563355
51.538513	1.794872	0.557143
51.574219	0.391250	0.391250
51.638306	1.980983	0.504800
51.663380	0.510713	0.510713
51.713051	0.741805	0.741805
51.738419	3.759984	0.265959
51.757236	0.454820	0.454820
51.827991	0.295638	0.295638
51.860172	1.578589	0.633477
51.869686	6.522225	0.153322
51.884705	0.671197	0.671197
51.982658	0.597621	0.597621
52.048405	1.487476	0.672280
52.087696	1.025586	0.975053
52.146141	2.212054	0.452069
52.206081	0.257265	0.257265
52.338673	3.286737	0.304253
52.372784	0.420075	0.420075
52.484898	1.223311	0.817454
52.531994	0.043568	0.043568
52.589607	4.033435	0.247928
52.592117	6.881688	0.145313
52.602242	0.954501	0.954501
52.671913	0.913096	0.913096
52.738415	0.961616	0.961616
52.799137	2.838048	0.352355
52.857529	0.095898	0.095898
53.023247	4.674268	0.213937
53.039139	0.100909	0.100909
53.113422	8.422392	0.118731
53.120918	0.132628	0.132628
53.184052	5.407290	0.184936
53.192425	1.061083	0.942433
53.237701	0.060505	0.060505
53.285744	30.395014	0.032900
53.288651	0.875696	0.875696
53.377003	0.556454	0.556454
53.454372	1.092770	0.915106
53.497425	3.092759	0.323336
53.544472	0.191883	0.191883
53.689976	0.411395	0.411395
53.717896	6.058784	0.165050
53.729382	1.654552	0.604393
53.798973	0.765041	0.765041
53.914116	0.285553	0.285553
54.002205	0.246739	0.246739
54.027359	10.851874	0.092150
54.033566	0.453387	0.453387
54.100918	0.650344	0.650344
54.131454	0.848060	0.848060
54.151314	1.840317	0.543385
54.168156	1.120123	0.892759
54.199150	2.490166	0.401580
54.233868	0.157702	0.157702
54.320320	7.905428	0.126495
54.333954	0.331174	0.331174
54.441734	0.485091	0.485091
54.477428	11.560697	0.086500
54.494743	0.158536	0.158536
54.694916	1.796129	0.556753
54.726650	1.485477	0.673184
54.783649	1.783565	0.560675
54.868320	0.514701	0.514701
55.019337	0.574009	0.574009
55.097065	0.026248	0.026248
55.141682	13.332248	0.075006
55.142853	7.514781	0.133071
55.158466	0.175987	0.175987
55.275799	1.678182	0.595883
55.296448	0.171841	0.171841
55.331100	5.673286	0.176265
55.337055	1.880420	0.531796
55.370838	0.736804	0.736804
55.434364	0.707172	0.707172
55.481171	0.930506	0.930506
55.514271	2.673148	0.374091
55.545071	0.484548	0.484548
55.627403	1.087971	0.919142
55.667297	0.975479	0.975479
55.710701	1.630687	0.613238
55.753040	2.230676	0.448295
55.822083	0.178411	0.178411
55.976093	2.858670	0.349813
56.003571	0.229663	0.229663
56.082119	0.810954	0.810954
56.100159	3.880834	0.257677
56.114788	0.834845	0.834845
56.171562	1.409899	0.709270
56.218960	0.924877	0.924877
56.285786	0.863597	0.863597
56.347591	0.695540	0.695540
56.400967	1.346178	0.742844
56.438091	3.403023	0.293856
56.488068	0.582217	0.582217
56.658138	0.103248	0.103248
56.757156	1.671269	0.598348
56.767380	0.402545	0.402545
56.784466	6.505269	0.153722
56.791344	1.302498	0.767755
56.836086	1.843294	0.542507
56.894363	0.459020	0.459020
57.001785	0.074810	0.074810
57.051094	14.981386	0.066749
57.054783	1.477739	0.676710
57.110046	0.163911	0.163911
57.191711	9.626675	0.103878
57.205097	0.289550	0.289550
57.333958	0.063695	0.063695
57.371269	58.282505	0.017158
57.373646	0.820600	0.820600
57.512157	0.042623	0.042623
57.625820	4.977953	0.200886
57.630665	2.127017	0.470142
57.654781	0.336581	0.336581
57.706078	0.224039	0.224039
57.723343	4.241617	0.235759
57.727211	3.600093	0.277771
57.743618	0.182576	0.182576
57.802685	3.894234	0.256790
57.813469	0.843037	0.843037
57.855465	4.841181	0.206561
57.890869	0.046382	0.046382
58.062267	9.417946	0.106180
58.070217	1.171957	0.853274
58.145088	0.836492	0.836492
58.232834	1.670339	0.598681
58.306232	0.402471	0.402471
58.428833	3.104832	0.322079
58.478176	0.287219	0.287219
58.631378	0.927525	0.927525
58.675381	0.396392	0.396392
58.716194	9.092196	0.109984
58.732372	0.046447	0.046447
58.879467	2.466220	0.405479
58.886299	3.343219	0.299113
58.903149	0.122909	0.122909
58.959480	1.171350	0.853716
58.966404	8.269050	0.120933
58.974514	0.893515	0.893515
59.041576	1.318882	0.758218
59.101498	0.441425	0.441425
59.180527	1.769929	0.564994
59.215412	0.178240	0.178240
59.277157	2.620450	0.381614
59.288162	2.725265	0.366937
59.317001	0.378197	0.378197
59.395596	6.141299	0.162832
59.425320	0.022757	0.022757
59.607864	3.068871	0.325853
59.612019	3.667864	0.272638
59.624767	0.257791	0.257791
59.671528	5.772785	0.173227
59.683582	1.229032	0.813649
59.753170	0.975602	0.975602
59.838696	0.378549	0.378549
59.922134	0.384662	0.384662
59.953720	0.248666	0.248666
59.965870	22.371212	0.044700
59.968891	3.321255	0.301091
60.036480	0.488580	0.488580
60.260960	0.035129	0.035129
60.370636	3.470297	0.288160
60.374489	1.331241	0.751179
60.387859	0.943849	0.943849
60.405659	4.797457	0.208444
60.422459	1.746119	0.572699
60.503056	0.264990	0.264990
60.643787	0.101268	0.101268
60.681080	12.892929	0.077562
60.684856	0.663272	0.663272
60.733547	2.377156	0.420671
60.765842	1.114534	0.897236
60.842613	0.137361	0.137361
60.928177	10.432327	0.095856
60.939930	0.151173	0.151173
61.062542	7.132537	0.140203
61.081078	0.105751	0.105751
61.213284	2.896862	0.345201
61.227264	0.337101	0.337101
61.267765	1.074043	0.931061
61.281418	2.277055	0.439164
61.296082	0.125328	0.125328
61.329472	5.301732	0.188618
61.333656	1.880330	0.531821
61.355843	1.699159	0.588526
61.397560	0.594446	0.594446
61.468445	3.004979	0.332781
61.510582	0.090983	0.090983
61.637203	9.368543	0.106740
61.648724	0.750256	0.750256
61.756653	0.992651	0.992651
61.837627	1.967301	0.508311
61.918007	0.017586	0.017586
62.076138	64.371742	0.015535
62.078918	0.084152	0.084152
62.257931	0.931375	0.931375
62.272995	0.841762	0.841762
62.287025	15.110465	0.066179
62.298836	0.097815	0.097815
62.477295	3.247815	0.307899
62.494751	0.479478	0.479478
62.551445	0.609458	0.609458
62.578629	3.364034	0.297262
62.595196	0.568036	0.568036
62.650928	1.426075	0.701225
62.682587	1.733925	0.576726
62.727734	1.041908	0.959777
62.806015	0.105467	0.105467
62.887577	2.615077	0.382398
62.896179	1.596914	0.626208
62.918674	2.427737	0.411906
62.954597	0.176669	0.176669
63.041809	5.141619	0.194491
63.057217	1.205615	0.829452
63.136436	0.084555	0.084555
63.231945	1.093056	0.914866
63.240021	1.274417	0.784673
63.248848	6.678196	0.149741
63.260098	1.644613	0.608046
63.335224	0.102844	0.102844
63.458778	0.132693	0.132693
63.471485	51.692307	0.019345
63.473171	0.301646	0.301646
63.560329	3.907284	0.255932
63.586620	1.619852	0.617340
63.689346	0.569496	0.569496
63.855747	0.346711	0.346711
63.950512	0.332056	0.332056
63.983368	0.841958	0.841958
63.994278	1.350498	0.740467
64.003464	7.874539	0.126992
64.015869	0.288504	0.288504
64.113556	1.540606	0.649095
64.141739	3.702864	0.270061
64.185158	0.582689	0.582689
64.345932	0.172734	0.172734
64.439613	1.178218	0.848740
64.455795	1.498599	0.667290
64.474861	1.437917	0.695450
64.503433	2.769731	0.361046
64.544518	0.801475	0.801475
64.658310	0.491384	0.491384
64.749512	0.134321	0.134321
64.794327	3.275032	0.305341
64.800346	2.268189	0.440880
64.820061	0.766763	0.766763
64.864777	0.239875	0.239875
64.899063	0.178108	0.178108
64.907288	30.197916	0.033115
64.908752	0.333736	0.333736
64.952988	8.617571	0.116042
64.967751	0.949625	0.949625
65.094971	0.085128	0.085128
65.215782	0.890950	0.890950
65.226067	6.161532	0.162297
65.235229	3.706216	0.269817
65.291687	0.171990	0.171990
65.500931	3.740301	0.267358
65.536919	0.418806	0.418806
65.671524	1.407768	0.710344
65.727898	0.473947	0.473947
65.807259	0.850913	0.850913
65.844872	3.171395	0.315319
65.876877	0.760448	0.760448
65.978378	0.622319	0.622319
66.055565	0.115788	0.115788
66.103600	19.159122	0.052194
66.109161	0.211284	0.211284
66.215721	1.217214	0.821548
66.238235	3.313196	0.301823
66.265640	0.367028	0.367028
66.356438	1.458562	0.685607
66.389763	1.038926	0.962532
66.438370	0.573652	0.573652
66.488869	1.432447	0.698106
66.517838	1.490348	0.670984
66.559334	0.866642	0.866642
66.621178	0.328683	0.328683
66.674774	1.904288	0.525131
66.692390	2.775529	0.360292
66.725937	0.243773	0.243773
66.819046	0.294118	0.294118
66.841743	1.566857	0.638220
66.848419	5.892779	0.169699
66.858879	1.402030	0.713252
66.920517	0.137459	0.137459
67.006935	4.922287	0.203158
67.018814	1.513831	0.660576
67.077286	0.435701	0.435701
67.165802	4.426113	0.225932
67.204369	0.416108	0.416108
67.375069	1.108700	0.901957
67.446098	0.556869	0.556869
67.524849	0.182672	0.182672
67.568703	3.396190	0.294448
67.576714	0.525238	0.525238
67.603920	0.687133	0.687133
67.618210	7.343434	0.136176
67.628029	0.311607	0.311607
67.700134	13.007131	0.076881
67.722603	0.026758	0.026758
68.014854	7.339512	0.136249
68.022675	0.460455	0.460455
68.080070	1.559757	0.641125
68.106499	0.747363	0.747363
68.147720	2.281823	0.438246
68.178528	1.302692	0.767641
68.248825	0.225527	0.225527
68.340401	1.390839	0.718991
68.361053	1.272244	0.786013
68.389778	0.686221	0.686221
68.426323	1.773654	0.563808
68.451401	0.470326	0.470326
68.495880	0.686725	0.686725
68.516800	1.593733	0.627457
68.531166	0.168944	0.168944
68.554062	42.242603	0.023673
68.557930	0.475790	0.475790
68.721329	0.547301	0.547301
68.799072	0.044110	0.044110
68.841621	64.532524	0.015496
68.843498	1.404850	0.711820
68.964615	0.132365	0.132365
69.134766	4.636179	0.215695
69.157288	0.661771	0.661771
69.261703	0.568842	0.568842
69.330803	1.832686	0.545647
69.370110	0.252383	0.252383
69.442146	9.739823	0.102671
69.460327	0.043817	0.043817
69.637405	5.191741	0.192614
69.645164	0.665909	0.665909
69.685448	4.358078	0.229459
69.712273	0.491222	0.491222
69.829178	0.047031	0.047031
69.886604	26.299435	0.038024
69.889305	0.341998	0.341998
69.960335	3.752827	0.266466
69.984627	0.389656	0.389656
70.075790	1.264820	0.790627
70.111313	0.767533	0.767533
70.156242	1.307522	0.764805
70.190727	1.066159	0.937946
70.235817	1.193303	0.838010
70.283890	1.004522	0.995499
70.341255	0.167086	0.167086
70.398880	3.019810	0.331147
70.408508	0.303332	0.303332
70.437584	2.005190	0.498706
70.446404	2.567299	0.389514
70.464088	1.603260	0.623729
70.509491	0.321769	0.321769
70.582283	3.781433	0.264450
70.605705	0.837798	0.837798
70.694275	0.790150	0.790150
70.768478	3.278334	0.305033
70.827110	0.300429	0.300429
71.019325	0.333201	0.333201
71.077072	0.210151	0.210151
71.096313	9.018867	0.110879
71.100357	0.415063	0.415063
71.136826	4.005040	0.249685
71.151962	0.067707	0.067707
71.212585	6.111524	0.163625
71.216690	3.625608	0.275816
71.241776	2.493499	0.401043
71.332726	0.494230	0.494230
71.559509	0.197536	0.197536
71.671593	1.884562	0.530627
71.693733	0.350521	0.350521
71.735458	3.205529	0.311961
71.750084	0.604394	0.604394
71.796967	2.396338	0.417303
71.825302	0.115169	0.115169
71.893204	10.408780	0.096073
71.901024	1.055582	0.947345
71.982422	0.338661	0.338661
72.068344	0.387782	0.387782
72.097443	3.384719	0.295445
72.108727	0.328805	0.328805
72.146919	0.264885	0.264885
72.159477	11.454128	0.087305
72.162804	3.545054	0.282083
72.200905	0.388726	0.388726
72.335976	0.749927	0.749927
72.388481	0.940322	0.940322
72.427856	6.388832	0.156523
72.464882	0.221319	0.221319
72.701431	0.356893	0.356893
72.753784	4.067374	0.245859
72.772469	0.065857	0.065857
72.848465	28.189024	0.035475
72.853470	0.381841	0.381841
72.994553	0.165557	0.165557
73.048424	11.923011	0.083871
73.057343	0.621969	0.621969
73.163681	1.387819	0.720555
73.229820	0.810905	0.810905
73.321609	0.566318	0.566318
73.396042	1.704796	0.586580
73.438194	0.008493	0.008493
73.510056	26.837500	0.037261
73.510666	5.135538	0.194722
73.527046	0.543987	0.543987
73.611168	1.308936	0.763979
73.656929	0.163546	0.163546
73.716827	8.063084	0.124022
73.726624	0.966290	0.966290
73.805611	0.764094	0.764094
73.881935	0.846546	0.846546
73.940254	0.036007	0.036007
73.989624	20.193132	0.049522
73.991402	0.636769	0.636769
74.027298	0.536716	0.536716
74.050156	1.815299	0.550874
74.062424	0.831449	0.831449
74.084694	4.221261	0.236896
74.103210	0.740459	0.740459
74.181374	1.196151	0.836015
74.239250	0.919440	0.919440
74.308479	1.279036	0.781839
74.372131	1.715116	0.583051
74.453545	0.072178	0.072178
74.593178	7.307343	0.136849
74.603256	0.040713	0.040713
74.676903	11.132316	0.089829
74.679901	1.356343	0.737277
74.713280	1.108696	0.901961
74.758553	0.171607	0.171607
74.808746	1.333924	0.749668
74.817360	9.843958	0.101585
74.828850	1.431636	0.698502
74.941956	0.679844	0.679844
75.103882	1.055583	0.947344
75.213966	0.246602	0.246602
75.330170	0.111821	0.111821
75.358826	4.757143	0.210210
75.362030	4.122122	0.242593
75.377274	0.227659	0.227659
75.440109	1.874667	0.533428
75.454414	3.628449	0.275600
75.481232	0.821938	0.821938
75.578537	0.270247	0.270247
75.658516	2.854571	0.350315
75.680130	0.655373	0.655373
75.741829	0.338679	0.338679
75.782265	1.387187	0.720884
75.795959	5.585944	0.179021
75.814957	0.142570	0.142570
75.921074	3.084216	0.324232
75.936203	1.398463	0.715071
75.982864	0.675085	0.675085
76.048119	5.713543	0.175023
76.092171	0.127796	0.127796
76.343864	0.288188	0.288188
76.376030	5.013992	0.199442
76.385300	0.303841	0.303841
76.431778	11.187467	0.089386
76.445900	0.252753	0.252753
76.603889	0.958922	0.958922
76.643822	0.101813	0.101813
76.682114	35.696674	0.028014
76.686012	0.756537	0.756537
76.825180	1.091304	0.916335
76.930466	0.405113	0.405113
77.045364	0.069989	0.069989
77.091911	5.248243	0.190540
77.095169	1.237394	0.808150
77.112267	4.750451	0.210506
77.133423	0.018750	0.018750
77.233925	3.676113	0.272026
77.235809	17.699339	0.056499
77.242737	0.274158	0.274158
77.365349	3.638448	0.274843
77.398964	0.545443	0.545443
77.521271	0.053522	0.053522
77.587982	5.914530	0.169075
77.591553	0.308526	0.308526
77.612671	4.091335	0.244419
77.619186	1.920149	0.520793
77.645844	0.065733	0.065733
77.697029	15.074830	0.066336
77.700394	0.801143	0.801143
77.751114	2.442170	0.409472
77.791748	0.296148	0.296148
77.890984	1.924974	0.519488
77.920372	1.812003	0.551876
77.976944	0.287065	0.287065
78.079453	2.675136	0.373813
78.108879	0.264392	0.264392
78.187599	2.519428	0.396915
78.208412	0.354867	0.354867
78.260849	6.620336	0.151050
78.279457	0.024277	0.024277
78.402649	11.201530	0.089274
78.405640	0.209975	0.209975
78.439140	14.752711	0.067784
78.446175	1.000882	0.999119
78.549950	0.713163	0.713163
78.653816	2.266351	0.441238
78.727890	0.387339	0.387339
78.895767	0.218820	0.218820
78.960793	2.008043	0.497997
78.975021	0.582109	0.582109
79.003593	3.626606	0.275740
79.020226	0.457374	0.457374
79.080544	2.504978	0.399205
79.108131	0.494922	0.494922
79.177238	1.755075	0.569776
79.211441	1.500127	0.666610
79.271469	0.421588	0.421588
79.361519	1.045418	0.956555
79.399483	1.220684	0.819213
79.439171	1.110236	0.900709
79.487617	0.767518	0.767518
79.541405	1.298096	0.770359
79.582687	0.889806	0.889806
79.636276	0.680960	0.680960
79.683960	5.840226	0.171226
79.716431	0.173680	0.173680
79.906067	1.623118	0.616098
79.939003	0.433995	0.433995
79.992462	6.222295	0.160712
80.015663	0.323116	0.323116
80.160027	0.066569	0.066569
80.206673	10.582310	0.094497
80.209778	1.954260	0.511703
80.242638	1.869193	0.534990
80.306854	0.936630	0.936630
80.426888	1.002714	0.997293
80.539314	0.143408	0.143408
80.652046	1.320906	0.757056
80.668213	2.847803	0.351148
80.689568	0.050935	0.050935
80.750381	12.780788	0.078242
80.753479	0.433224	0.433224
80.793068	2.428381	0.411797
80.810219	3.730537	0.268058
80.851868	0.048907	0.048907
81.007240	15.293173	0.065389
81.014839	0.613314	0.613314
81.131050	0.200814	0.200814
81.202324	0.026652	0.026652
81.216637	24.340000	0.041085
81.217018	2.700904	0.370246
81.226303	2.071190	0.482814
81.251381	0.406727	0.406727
81.303322	3.709281	0.269594
81.324448	0.008081	0.008081
81.402809	198.939758	0.005027
81.403442	0.071160	0.071160
81.529419	4.832340	0.206939
81.538383	1.705354	0.586389
81.581703	0.682433	0.682433
81.655579	0.558717	0.558717
81.705994	1.339112	0.746764
81.734161	2.081108	0.480513
81.771881	0.020605	0.020605
81.850380	100.966980	0.009904
81.851997	0.059472	0.059472
82.015305	2.691280	0.371570
82.025017	1.894046	0.527970
82.051155	1.147943	0.871124
82.100662	0.930863	0.930863
82.157494	0.674214	0.674214
82.210396	5.883850	0.169957
82.246063	0.303486	0.303486
82.455925	0.731552	0.731552
82.519615	1.837236	0.544296
82.566208	0.162210	0.162210
82.651810	3.086264	0.324016
82.665695	1.050561	0.951873
82.708549	0.277072	0.277072
82.753571	1.146789	0.872000
82.766045	5.319467	0.187989
82.780350	1.556447	0.642489
82.856445	0.327944	0.327944
82.974884	1.532508	0.652525
83.013725	1.119457	0.893291
83.073250	0.611175	0.611175
83.139885	0.264144	0.264144
83.180611	12.376595	0.080798
83.191368	0.048421	0.048421
83.324509	0.514793	0.514793
83.330956	33.409195	0.029932
83.334274	0.779743	0.779743
83.445152	0.669608	0.669608
83.531609	0.319452	0.319452
83.589500	6.801155	0.147034
83.607994	0.656072	0.656072
83.733772	0.357433	0.357433
83.816292	0.364977	0.364977
83.845787	6.448618	0.155072
83.856552	1.556325	0.642539
83.925972	1.067439	0.936822
84.034012	0.837854	0.837854
84.149338	0.125148	0.125148
84.245964	1.128707	0.885970
84.258057	0.558412	0.558412
84.271706	11.970971	0.083535
84.279327	0.128941	0.128941
84.370567	5.895590	0.169618
84.382332	0.192498	0.192498
84.451691	12.502857	0.079982
84.465042	0.165768	0.165768
84.631973	2.414668	0.414136
84.659645	1.252227	0.798577
84.726463	0.027172	0.027172
84.810135	3.134228	0.319058
84.812408	4.831906	0.206958
84.819534	0.448261	0.448261
84.853966	2.597627	0.384967
84.869400	0.279353	0.279353
84.909492	7.992507	0.125117
84.920692	0.303929	0.303929
85.010208	3.684240	0.271426
85.037415	0.328360	0.328360
85.137650	0.624942	0.624942
85.170563	1.992952	0.501768
85.191132	1.079844	0.926060
85.232124	1.118235	0.894266
85.276390	0.706381	0.706381
85.325890	1.837879	0.544105
85.360855	0.454826	0.454826
85.425117	5.771861	0.173254
85.454346	0.199756	0.199756
85.623047	0.413856	0.413856
85.656746	5.131291	0.194883
85.670692	0.299893	0.299893
85.742256	0.864557	0.864557
85.763718	0.031661	0.031661
85.782272	403.909088	0.002476
85.782860	0.203145	0.203145
86.020142	2.109370	0.474075
86.068344	1.231260	0.812176
86.170021	0.104394	0.104394
86.295212	2.217163	0.451027
86.308281	0.135598	0.135598
86.337257	11.221359	0.089116
86.341187	0.426371	0.426371
86.385277	1.904221	0.525149
86.404076	4.047954	0.247038
86.439873	0.275101	0.275101
86.584778	1.889187	0.529328
86.624641	0.886232	0.886232
86.699951	0.555556	0.555556
86.766693	0.967490	0.967490
86.803772	2.890472	0.345964
86.839645	0.038996	0.038996
86.943336	10.552830	0.094761
86.947380	0.638834	0.638834
86.990051	3.949342	0.253207
87.017311	0.490752	0.490752
87.124969	0.490108	0.490108
87.177803	2.906011	0.344114
87.203697	1.933692	0.517146
87.278946	0.194002	0.194002
87.424454	2.743243	0.364532
87.452682	0.096355	0.096355
87.530121	14.493865	0.068995
87.537582	1.045573	0.956413
87.645729	0.473247	0.473247
87.758804	0.305247	0.305247
87.812317	1.740775	0.574457
87.828651	0.240676	0.240676
87.857086	14.150501	0.070669
87.863930	0.234381	0.234381
87.960770	3.911597	0.255650
87.983467	0.259087	0.259087
88.072250	7.065008	0.141543
88.095253	0.217502	0.217502
88.257767	0.802504	0.802504
88.293114	2.679935	0.373143
88.321480	0.212967	0.212967
88.397499	1.792177	0.557981
88.413689	0.978175	0.978175
88.442703	0.159409	0.159409
88.471085	9.227656	0.108370
88.475609	0.070724	0.070724
88.517357	30.428940	0.032863
88.520309	0.497962	0.497962
88.610153	1.945089	0.514115
88.654892	0.487024	0.487024
88.741913	0.327093	0.327093
88.784294	1.550358	0.645012
88.798157	1.483848	0.673923
88.819649	2.837081	0.352475
88.851540	0.122860	0.122860
88.942017	4.295813	0.232785
88.953133	1.374660	0.727452
89.000885	2.563343	0.390116
89.066528	0.140784	0.140784
89.234795	2.969726	0.336731
89.258484	0.089253	0.089253
89.328835	4.906440	0.203814
89.335114	0.092868	0.092868
89.365921	0.368000	0.368000
89.368782	209.181152	0.004781
89.369835	0.150241	0.150241
89.590073	4.585428	0.218082
89.623161	0.849801	0.849801
89.774887	0.141065	0.141065
89.903824	2.611997	0.382849
89.922012	0.136663	0.136663
89.969521	2.819036	0.354731
89.976013	1.686536	0.592931
89.994316	1.021750	0.978713
90.025185	4.436381	0.225409
90.056725	0.250818	0.250818
90.196648	2.613044	0.382695
90.231743	0.732945	0.732945
90.323448	0.454030	0.454030
90.390663	2.166250	0.461627
90.421181	0.522562	0.522562
90.487289	0.674028	0.674028
90.521835	3.078637	0.324819
90.545120	0.477437	0.477437
90.616806	1.939590	0.515573
90.651031	0.832318	0.832318
90.717415	0.173433	0.173433
90.772667	7.945860	0.125852
90.782249	2.329659	0.429247
90.858391	0.156301	0.156301
91.035774	2.845074	0.351485
91.063499	0.420737	0.420737
91.142380	2.583678	0.387045
91.175568	1.238722	0.807283
91.261314	0.031030	0.031030
91.367531	13.578704	0.073645
91.370827	0.629731	0.629731
91.415581	0.906605	0.906605
91.443764	2.722305	0.367336
91.469315	0.784140	0.784140
91.538872	1.484403	0.673671
91.593414	0.586883	0.586883
91.674377	3.171644	0.315294
91.721893	0.150863	0.150863
91.872597	2.156711	0.463669
91.895332	0.803485	0.803485
91.944366	0.835012	0.835012
91.983765	1.601577	0.624385
92.016663	0.074428	0.074428
92.069351	1.182879	0.845395
92.073273	8.990131	0.111233
92.077911	0.315404	0.315404
92.119614	5.109049	0.195731
92.132767	0.826975	0.826975
92.199966	1.632757	0.612461
92.255539	0.385016	0.385016
92.346275	0.749727	0.749727
92.381210	0.176231	0.176231
92.407402	14.300826	0.069926
92.412018	1.101017	0.908251
92.478027	0.034327	0.034327
92.550705	10.168196	0.098346
92.553200	4.029173	0.248190
92.578568	1.627827	0.614316
92.680779	0.084923	0.084923
92.847160	2.843952	0.351623
92.861290	1.734764	0.576447
92.901474	0.031849	0.031849
92.971184	2.000000	0.500000
92.973404	6.135739	0.162980
92.977844	5.899468	0.169507
93.005089	0.137704	0.137704
93.165817	8.660807	0.115463
93.187950	0.636896	0.636896
93.379639	0.105362	0.105362
93.501724	6.345196	0.157600
93.514587	0.118433	0.118433
93.596207	2.072613	0.482483
93.605873	0.512567	0.512567
93.625908	7.443536	0.134345
93.636177	1.250524	0.799665
93.712616	0.289488	0.289488
93.808205	3.729253	0.268150
93.835876	0.648455	0.648455
93.939072	0.510432	0.510432
94.005989	1.811481	0.552035
94.040146	0.247965	0.247965
94.102020	1.500249	0.666556
94.117363	3.206828	0.311835
94.140381	1.168372	0.855892
94.214195	0.100053	0.100053
94.300438	5.213086	0.191825
94.309067	0.437754	0.437754
94.354050	4.585044	0.218100
94.373741	2.063630	0.484583
94.464027	0.146309	0.146309
94.650345	2.315981	0.431782
94.677605	0.829486	0.829486
94.740738	1.653263	0.604864
94.793106	0.754935	0.754935
94.879684	0.502159	0.502159
94.945045	0.921897	0.921897
94.977867	0.809884	0.809884
95.008125	1.670299	0.598695
95.032631	1.160857	0.861432
95.073563	1.650289	0.605954
95.121078	0.914575	0.914575
95.199493	0.708617	0.708617
95.271210	2.946404	0.339397
95.322029	0.168807	0.168807
95.471764	1.898581	0.526709
95.497040	1.209221	0.826979
95.545029	0.325007	0.325007
95.603058	2.800566	0.357071
95.621918	0.403871	0.403871
95.674736	0.108727	0.108727
95.696068	3.723684	0.268551
95.698387	4.741166	0.210919
95.707024	0.941681	0.941681
95.747971	1.418678	0.704881
95.786530	1.954812	0.511558
95.841232	0.114655	0.114655
95.948166	2.793404	0.357986
95.960426	0.953665	0.953665
95.994675	3.549638	0.281719
96.027336	0.079560	0.079560
96.143272	1.084367	0.922197
96.152496	0.630816	0.630816
96.162498	18.794437	0.053207
96.168808	1.452165	0.688627
96.287392	0.084312	0.084312
96.459595	0.708881	0.708881
96.474113	7.688658	0.130062
96.484406	0.137968	0.137968
96.563538	0.551363	0.551363
96.574455	16.496832	0.060618
96.580475	0.676629	0.676629
96.679779	0.235267	0.235267
96.746971	14.066120	0.071093
96.762779	0.475382	0.475382
96.985138	0.218621	0.218621
97.090843	3.572466	0.279919
97.113953	0.279641	0.279641
97.196510	1.379048	0.725138
97.219597	1.584711	0.631030
97.251434	1.271586	0.786419
97.301888	0.882269	0.882269
97.366043	0.248551	0.248551
97.422646	6.524946	0.153258
97.436714	1.025432	0.975199
97.528511	0.422354	0.422354
97.622643	1.071196	0.933536
97.662399	0.454676	0.454676
97.704987	0.386131	0.386131
97.724350	6.935714	0.144181
97.731827	2.196704	0.455227
97.783684	0.281428	0.281428
97.897598	1.160876	0.861419
97.929657	0.399549	0.399549
97.966873	6.302719	0.158662
97.981743	2.002361	0.499410
98.075462	0.163272	0.163272
98.263123	1.316733	0.759455
98.293762	1.128026	0.886505
98.334106	2.648114	0.377627
98.379616	0.411687	0.411687
98.500130	0.787329	0.787329
98.549744	0.454688	0.454688
98.588806	1.059708	0.943656
98.606567	2.755979	0.362847
98.625389	0.514193	0.514193
98.677261	3.667906	0.272635
98.703934	0.635889	0.635889
98.801765	0.406304	0.406304
98.863976	6.582252	0.151924
98.889252	0.362636	0.362636
99.055626	0.352807	0.352807
99.115959	4.359140	0.229403
99.137245	0.067834	0.067834
99.230034	4.278788	0.233711
99.236328	1.804533	0.554160
99.263260	0.308477	0.308477
99.311859	0.758779	0.758779
99.326851	2.376258	0.420830
99.338226	0.378775	0.378775
99.365257	3.827124	0.261293
99.375496	2.895833	0.345324
99.414680	0.181806	0.181806
99.528152	0.853180	0.853180
99.548782	4.359341	0.229392
99.566383	1.366312	0.731897
99.643112	0.103486	0.103486
99.747948	2.257384	0.442991
99.758797	1.855140	0.539043
99.783287	1.224517	0.816648
99.828720	3.403456	0.293819
99.884354	0.017165	0.017165
100.073700	7.079812	0.141247
100.076950	1.759947	0.568199
100.099960	1.055200	0.947688
100.140457	0.094804	0.094804
100.183189	35.847458	0.027896
100.187241	0.099133	0.099133
100.332466	0.564388	0.564388
100.346863	28.883568	0.034622
100.354988	0.296057	0.296057
100.589676	1.086637	0.920271
100.659157	0.738581	0.738581
100.734657	0.793269	0.793269
100.790421	0.900828	0.900828
100.834656	2.206203	0.453267
100.874504	0.628309	0.628309
100.962418	0.302072	0.302072
101.017654	0.253772	0.253772
101.034340	13.167567	0.075944
101.038574	2.711686	0.368774
101.094330	0.225463	0.225463
101.245522	1.015891	0.984358
101.279610	0.088345	0.088345
101.314240	4.882793	0.204801
101.317299	0.598059	0.598059
101.332237	16.555935	0.060401
101.341171	0.316449	0.316449
101.489082	1.251345	0.799140
101.535889	0.559203	0.559203
101.594460	1.825297	0.547856
101.627213	3.153905	0.317067
101.686996	0.195233	0.195233
101.875549	0.363523	0.363523
101.912361	1.234892	0.809788
101.925743	10.838874	0.092261
101.942268	0.314009	0.314009
102.121384	0.422138	0.422138
102.177628	0.468509	0.468509
102.201370	0.613855	0.613855
102.212494	8.972067	0.111457
102.219322	0.260149	0.260149
102.280586	6.507420	0.153671
102.296524	0.293070	0.293070
102.400238	0.774096	0.774096
102.430634	7.737354	0.129243
102.454163	0.371302	0.371302
102.636215	1.179232	0.848009
102.703812	0.607963	0.607963
102.783524	0.143892	0.143892
102.831985	0.828228	0.828228
102.838959	18.314400	0.054602
102.844734	0.055972	0.055972
102.950508	3.740979	0.267310
102.956429	0.250086	0.250086
102.978577	0.112948	0.112948
102.984116	1.524390	0.656000
102.984741	104.856003	0.009537
102.985695	0.444800	0.444800
103.085693	0.409262	0.409262
103.130173	6.185247	0.161675
103.148376	0.759114	0.759114
103.260971	0.243774	0.243774
103.346443	1.488466	0.671833
103.367279	2.591882	0.385820
103.398293	0.465831	0.465831
103.478676	4.327425	0.231084
103.516121	0.059466	0.059466
103.678162	1.882819	0.531119
103.687798	1.379731	0.724779
103.705940	2.270954	0.440344
103.730972	0.170179	0.170179
103.787819	12.874606	0.077672
103.797493	0.168760	0.168760
103.922043	3.952450	0.253008
103.943062	2.029479	0.492737
104.026138	0.137427	0.137427
104.194740	6.444847	0.155163
104.217911	0.143054	0.143054
104.367241	2.911786	0.343432
104.388603	0.546302	0.546302
104.450806	3.901437	0.256316
104.484787	0.103182	0.103182
104.617363	1.471835	0.679424
104.631042	0.183403	0.183403
104.651176	4.911157	0.203618
104.654869	10.291544	0.097167
104.673004	0.031149	0.031149
104.859642	1.854331	0.539278
104.865456	2.499646	0.400057
104.876236	0.707531	0.707531
104.903183	2.986395	0.334852
104.922249	1.802492	0.554787
104.979187	0.707107	0.707107
105.081818	0.763352	0.763352
105.154388	1.334802	0.749175
105.209785	0.313558	0.313558
105.283730	7.415268	0.134857
105.306915	0.049922	0.049922
105.478844	4.316444	0.231672
105.487427	0.217669	0.217669
105.524475	26.076632	0.038349
105.532539	0.278489	0.278489
105.742828	0.094059	0.094059
105.801392	1.249308	0.800443
105.806900	5.097561	0.196172
105.813782	0.960200	0.960200
105.848862	0.038732	0.038732
105.882545	59.391811	0.016837
105.883850	0.415715	0.415715
105.961334	1.563951	0.639406
105.993546	3.335757	0.299782
106.043922	0.474076	0.474076
106.211967	1.573741	0.635429
106.291634	0.027566	0.027566
106.417007	7.419426	0.134781
106.420464	0.197560	0.197560
106.446106	16.500000	0.060606
106.451172	0.168218	0.168218
106.534760	2.708085	0.369265
106.548820	0.446203	0.446203
106.586899	1.106870	0.903448
106.603889	1.012576	0.987580
106.622696	0.852163	0.852163
106.641739	2.555712	0.391280
106.657967	1.166299	0.857413
106.699440	2.751262	0.363470
106.747810	0.526802	0.526802
106.880890	0.390467	0.390467
106.950996	1.158584	0.863122
106.978371	2.129661	0.469558
107.010086	1.733085	0.577006
107.077629	0.585805	0.585805
107.194687	0.415554	0.415554
107.263260	0.356091	0.356091
107.291756	4.923308	0.203115
107.301903	0.771381	0.771381
107.351860	1.006335	0.993704
107.390396	2.249262	0.444590
107.429176	0.401382	0.401382
107.516403	4.082807	0.244930
107.551414	0.539123	0.539123
107.694359	0.361548	0.361548
107.771423	6.808050	0.146885
107.799286	0.092547	0.092547
107.988976	3.500217	0.285697
108.006531	0.170102	0.170102
108.067978	12.101460	0.082635
108.078430	0.162072	0.162072
108.204918	1.222553	0.817960
108.225418	1.437747	0.695533
108.250481	0.933517	0.933517
108.286514	2.007485	0.498136
108.320152	1.004971	0.995053
108.387680	0.176391	0.176391
108.455544	2.000637	0.499841
108.467514	2.045237	0.488941
108.491463	1.842056	0.542872
108.540443	0.522324	0.522324
108.630669	2.206897	0.453125
108.677795	0.418941	0.418941
108.781799	1.613553	0.619750
108.825371	1.129137	0.885632
108.895676	0.552331	0.552331
108.975060	1.111884	0.899374
109.018906	1.433490	0.697598
109.067657	0.247598	0.247598
109.137543	12.082892	0.082762
109.154846	0.230222	0.230222
109.363922	0.128388	0.128388
109.412056	0.223457	0.223457
109.418236	42.337017	0.023620
109.419617	0.116925	0.116925
109.478081	0.896205	0.896205
109.484917	3.914072	0.255488
109.491043	2.737830	0.365253
109.515022	0.839861	0.839861
109.580673	2.642729	0.378397
109.635811	0.709880	0.709880
109.781525	1.038723	0.962721
109.884964	0.157708	0.157708
109.992409	3.162089	0.316247
110.009354	0.386872	0.386872
110.062935	0.127714	0.127714
110.083664	18.622478	0.053699
110.086311	0.995512	0.995512
110.135612	0.595989	0.595989
110.184692	0.317684	0.317684
110.213943	4.720033	0.211863
110.223236	0.491042	0.491042
110.267097	2.655331	0.376601
110.288635	0.112460	0.112460
110.345825	23.327402	0.042868
110.352257	0.401983	0.401983
110.502289	0.483238	0.483238
110.562599	0.721466	0.721466
110.591743	3.537373	0.282696
110.612770	1.721100	0.581024
110.687149	0.250968	0.250968
110.815163	2.113037	0.473252
110.847290	0.161160	0.161160
110.915176	3.476290	0.287663
110.926117	0.784152	0.784152
110.964149	2.601177	0.384441
110.993973	0.543863	0.543863
111.071548	1.353165	0.739008
111.113739	2.654818	0.376674
111.170830	0.232306	0.232306
111.322395	1.373564	0.728033
111.357605	3.838776	0.260500
111.405968	0.311457	0.311457
111.591621	0.086555	0.086555
111.649445	6.163110	0.162256
111.654449	2.340094	0.427333
111.685295	0.858789	0.858789
111.757477	0.857969	0.857969
111.819466	0.643810	0.643810
111.872650	0.577094	0.577094
111.906891	1.945946	0.513889
111.926651	1.810913	0.552208
111.965103	0.448231	0.448231
112.034737	0.648497	0.648497
112.065948	3.575198	0.279705
112.086189	1.611808	0.620421
112.158554	0.119505	0.119505
112.275192	8.823208	0.113337
112.289131	0.222829	0.222829
112.412117	2.170100	0.460808
112.439522	0.842848	0.842848
112.498993	1.997717	0.500571
112.549118	0.022019	0.022019
112.649254	47.771626	0.020933
112.651459	0.196074	0.196074
112.756790	9.994089	0.100059
112.777443	0.068530	0.068530
112.983849	1.830097	0.546419
112.997993	0.073681	0.073681
113.023880	1.496000	0.668449
113.025787	20.644384	0.048439
113.028641	0.011009	0.011009
113.087547	117.576469	0.008505
113.088196	0.261757	0.261757
113.164444	2.262997	0.441892
113.184402	2.568243	0.389371
113.229568	1.186990	0.842467
113.345566	0.570621	0.570621
113.483253	0.510390	0.510390
113.561821	0.847412	0.847412
113.601921	1.249663	0.800216
113.635902	0.047790	0.047790
113.678368	24.120300	0.041459
